2043676
39590
40637
39010
73850
81316
40547
82551
40010
78454
38621
40597
40733
44511
88664
54787
42117
38541
180410
38240
39747
39321
38710
20054
20145
22637
21493
16981
32700
11515
11800
12748
11157
11224
10873
15874
14118
21662
12028
11234
11097
11104
11777
11929
12357
11061
12619
11416
13292
14887
12121
11274
10880
10960
11330
11292
11104
10965
12985
11128
14880
10992
12536
11770
11149
10969
12960
11542
11917
13241
11235
11731
15008
11151
11196
17951
11179
12388
11543
10713
10591
10851
10611
38355
10669
11141
10769
10664
10588
10594
11649
10896
10803
15452
10694
24559
10817
11043
11007
10593
10753
10850
12757
11092
11409
10765
72641
14127
25895
2387
2510
2466
2434
2409
2751
2388
2593
2424
2331
2502
2438
2672
2424
2456
2519
2541
2479
2402
2439
2463
2540
2475
2379
2400
2411
2489
2458
2498
2595
2448
2487
2475
17963
2519
2405
3482
2645
2397
3178
2692
2342
2264
2322
2660
2406
2301
14418
2373
2774
2576
2416
2496
2394
2696
2389
2846
2789
2434
2740
2596
2790
2610
2583
2798
2519
2389
2469
2708
2653
2443
2614
2438
2487
3135
2459
2750
2523
13666
2714
2524
2593
2574
2453
2710
2657
2528
2561
2800
2574
2438
2724
2522
2531
2439
2470
2495
2494
2535
2689
2646
2475
2529
2452
2339
2798
2377
3909
2613
2444
2836
2544
2464
2474
2474
2419
2637
2570
2395
2546
2454
2394
2709
2730
2490
2753
2527
2481
3478
2606
2724
2424
2919
3132
2597
2602
3148
2958
2800
2675
2601
2488
2512
2503
2509
2776
2505
38923
2833
36594
2939
2662
2123
2040
2148
2106
2169
2329
2850
2546
2122
2080
2216
2065
2096
2343
2258
2065
1975
2174
17021
2464
2152
2102
1968
2715
2066
2189
2037
2115
2616
2018
2406
2082
2438
2332
2214
2075
2196
2014
2336
2190
2242
2175
2177
2051
2278
3399
2281
2452
2273
2077
2051
2439
2285
2383
2022
2336
2174
2058
2079
2301
2338
2243
2726
2241
2251
2160
3056
2228
2041
2335
2224
2209
2091
2341
2305
2224
2269
2308
2579
2640
2816
2805
2166
2224
6183
2280
2079
2739
2337
3644
2267
2229
2179
2063
2844
2085
2435
2110
2332
2867
2267
2148
2009
2051
2422
2203
2126
2214
2193
2915
16574
2116
2098
2544
2397
2315
2198
1944
2014
2639
2522
2287
2508
2552
2796
2573
2594
2509
2414
2218
2205
2367
2633
2631
2789
2256
2588
2417
2376
2760
2832
2068
2116
2196
2254
2106
2010
1958
1991
1941
2251
2157
2121
2004
2040
2136
1998
2170
2319
2571
2220
2064
2023
2075
2095
2111
2680
2130
2147
2119
2111
2195
2058
2071
2081
2532
2236
2081
2213
2211
2120
2160
2244
2143
2214
2192
2334
2206
2245
2120
2280
2171
2242
2217
2171
2158
2046
2128
3145
3412
2156
2118
46935
2275
2012
2075
2212
2014
2070
2002
2030
2071
3185
2748
2185
2099
2083
2010
1929
2135
1955
1908
1910
2142
1921
1989
2006
1924
2322
2041
2477
1973
2393
2159
1898
2175
2024
1961
2133
2076
2135
2164
2024
2328
2062
2027
2121
2201
2144
2141
2283
2155
2143
2244
2183
2242
2227
2296
2196
2174
2132
2336
2189
2757
2202
2302
2195
2191
2404
2120
2936
2166
2272
2224
2158
2076
2219
2363
2045
2109
2152
2094
2162
2286
2253
2190
2157
2141
2319
2184
2171
2580
2274
1996
147095
2171
2349
22791
14560
1036
1193
1089
1216
1207
1096
1138
1223
1147
1286
1208
1086
1161
1051
1108
1050
1091
1069
1112
1107
1120
1121
1606
1119
1190
1108
1080
1219
1157
1146
1330
1123
1197
1054
1109
1194
1170
1242
1141
1127
1455
1241
1140
1466
1133
1100
1079
1115
1108
1094
1125
1179
1117
1104
1186
1059
1101
1110
1163
1297
1330
1154
1120
1079
1499
1205
1161
1125
1472
1188
1135
1218
1051
1053
1451
1341
1156
1075
1126
1117
1060
1195
1167
1048
1076
1140
1126
1087
1058
1028
1057
1431
1120
1097
1092
1086
1111
1064
1052
1081
1100
1088
1097
1073
1095
1100
1182
1212
1079
1076
1077
1099
1070
1142
1033
1030
1040
1059
1154
1080
1107
1184
1024
1147
1160
1560
1274
1181
1126
1211
1239
1248
1209
1186
1265
1237
1416
1236
1274
1222
1259
1211
1233
1218
1203
1304
1239
1173
1246
1198
1355
1321
1215
1169
1198
1223
1241
1220
1273
1251
1266
1232
1189
1178
1143
1239
1173
1256
1198
1265
1205
1218
1228
1255
1199
1199
1218
1203
1287
1133
1546
1182
1308
1563
1305
1264
1219
1260
1248
1297
1253
1233
1292
1262
1276
1232
1340
1220
1181
1325
1250
1218
1204
1272
1256
1243
1195
1249
1233
1259
1229
1142
1219
1288
1279
1192
1253
1301
1217
1291
1193
1249
1240
1236
1199
1232
1238
1255
1245
1359
1273
1221
1828
1243
1251
1253
1206
1200
1305
1223
1204
1338
1271
1196
1253
1236
1152
1161
1201
1199
1362
1139
1252
1239
1203
1224
1191
1178
1235
1229
1204
1267
1132
1368
1287
1160
1275
1241
1191
1287
1175
1200
1161
1184
1203
1235
1260
1284
1252
1234
1229
1650
1194
1188
1266
1239
1282
1209
1493
1183
1271
1188
1184
1311
1236
1179
1185
1223
1227
1223
1191
1200
1263
1175
1250
1240
1220
1224
1235
1176
1226
1277
1205
1162
1190
1144
1269
1184
1216
1232
1240
1152
1252
1218
1240
1199
1139
1183
1207
1207
1201
1227
1248
1316
1209
1206
1212
1166
1249
1260
1235
1200
1177
1190
1165
1236
1316
1369
1793
1233
1250
1237
1252
1229
1353
1218
1241
1363
1247
1234
1505
1249
1275
1260
1374
1232
1183
1212
1234
1263
1280
1342
1240
1257
1167
1228
1253
1271
1228
1259
1225
1199
1261
1231
1202
1206
1201
1224
1178
1126
1183
1194
1203
1199
1353
1773
1302
1128
1248
1228
1225
1343
1253
1272
1261
1256
1442
1423
1301
1269
1233
1296
1268
1292
1433
1257
1300
1237
1244
1261
1268
1254
1289
1582
1501
1480
1240
1235
1249
1270
1658
1276
1264
1278
1294
1323
1240
1355
1353
1236
1231
1255
1411
1237
1288
1273
1168
1211
1241
1217
1232
1227
1198
1195
1280
1286
1223
1319
1143
1171
1238
1231
1204
1209
1207
1274
1196
1167
1247
1192
1260
2015
1269
1277
1194
1271
1261
1336
1255
1307
1210
1343
1296
1285
1248
1244
1400
1280
1213
1187
1190
1226
1194
1190
1184
1206
1256
1344
1285
1149
1240
1243
1151
1177
1145
1286
1245
1202
1217
1253
1152
1153
1216
1409
1236
1195
1235
1231
1294
1262
1588
1391
1230
1482
1648
1409
1969
1314
1372
1289
1416
1403
1487
1546
1233
1254
1308
1209
1317
1240
1275
1270
1200
1486
1357
1464
1446
1569
1286
1389
1243
1280
1295
1313
1216
1676
1276
1445
1360
1389
1584
1240
1310
1297
1427
1256
1298
1368
1349
1711
1476
1523
1313
1542
1249
1343
1388
1307
1259
1587
1544
1319
1291
1298
1333
1502
1173
1296
1299
1330
1616
1192
1197
1319
1314
1664
1254
1356
1354
1509
1387
1266
1283
1314
1534
1334
1217
1369
1337
1239
1370
1162
1236
1130
1205
1198
1526
1200
1230
1290
1320
1336
1320
1454
1410
1384
1463
1322
1243
1234
1358
1292
1280
1239
1551
1449
1189
1265
1289
1228
1665
1166
1125
1165
1202
1318
1175
1239
1605
1325
1495
1187
1210
1376
1133
1324
1238
1244
1212
1295
1361
1220
1296
1230
1244
1220
1263
1216
1924
1555
1371
1356
1299
1302
1431
1305
1430
1237
1168
1941
1284
1194
1146
1343
1586
1296
1313
1131
1166
1225
1135
1317
1166
1154
1351
1356
1135
1150
1427
1221
1140
1241
1279
1467
1183
1202
1243
1210
1312
1160
1108
1228
1130
1247
1194
1187
1136
1139
1177
1158
1522
1306
1237
1597
1268
1317
1183
1225
1213
1177
1220
1137
1205
1234
1191
1219
1191
1157
1350
1175
1126
1140
1140
1139
1157
1324
1222
1114
1220
1145
1161
1205
1220
1236
1236
1400
1190
1192
1185
1344
1160
1106
1297
1240
1186
1157
1175
1132
1227
1174
1191
1228
1599
1341
1336
1283
1157
1395
1177
1479
1203
1243
1126
1424
1231
1514
1202
1214
1105
1208
1247
1146
1116
1154
1150
1178
1283
1224
1221
1249
1248
1169
1170
1275
1222
1133
1133
1219
1221
1149
1091
1179
1240
1422
1141
1197
1092
1150
1210
1116
1115
1171
1148
1128
1235
1191
1174
1193
1166
1167
1295
1271
1150
1123
1307
1234
1146
1099
1079
1137
1221
1083
1130
1076
1103
1043
2103
1260
1192
1120
1112
1122
1168
1153
1139
1123
1136
1111
1152
1116
1169
1162
1102
1154
1134
1112
1230
1136
1145
1218
1062
1193
1224
1066
1129
1073
1461
1137
1095
1237
1288
1166
1235
1133
1240
1233
1323
1179
1216
1350
1204
1116
1229
1289
1148
1144
1184
1169
1162
1130
1189
1082
1077
1159
1086
1132
1230
1060
1218
1400
1333
1238
1162
1045
1165
1377
1154
1104
1143
1120
1309
1252
1155
1153
1226
1104
1121
1204
1202
1250
1182
1130
1173
1182
1242
1273
1251
1262
1228
1298
1131
1111
1082
1136
1117
1078
1174
1175
1275
1398
1056
1160
1086
1325
1204
1069
1165
1157
1267
1186
1328
1243
1147
1219
1163
1197
1214
1147
1307
1272
1311
1321
1453
1253
1144
1251
1194
1236
1144
1676
1502
1306
1232
1129
1104
1275
1499
1191
1228
1308
1245
1287
1314
1186
1143
1172
1502
1332
1387
1222
1545
1249
1189
1129
1278
1159
1169
1184
1458
1163
1629
1685
1417
1184
1299
1201
1558
1275
1090
1113
1208
1184
1202
1167
1185
1262
1247
1138
1243
1338
1542
1669
1111
1135
1170
1093
1198
1196
1172
1200
1166
1121
1430
1157
1155
1120
1197
1163
1188
1149
1195
1196
1199
1185
1217
1491
1130
1201
1148
1171
1103
1150
1116
1184
1152
1133
1194
1149
1183
1203
1082
1207
1213
1103
1194
1191
1205
1145
1123
1155
1145
1121
1209
1132
1167
1204
1207
1145
1201
1184
1231
1184
1193
1214
1220
1208
1231
1206
1213
1195
1242
1193
1171
1182
1147
1131
1062
1183
1203
1181
1226
1175
1139
1152
1206
1142
1210
1499
1175
1157
1173
1227
1102
1102
1183
1271
1159
1173
1112
1208
1064
1155
1208
1178
1192
1144
1245
1179
1171
1157
1233
1120
1233
1194
1148
1224
1165
1157
1181
1239
1208
1162
1190
1164
1130
1093
1183
1193
1108
1123
1106
1082
1157
1105
1083
1094
1122
1127
1164
1154
1217
1119
1198
1191
1153
1141
1144
1161
1132
1185
1208
1187
1079
1103
1139
1081
1113
1180
1072
1137
1195
1203
1161
1168
1120
1196
1131
1142
1152
1173
1111
1166
1111
1146
1112
1108
1168
1088
1161
1102
1732
1154
1194
1187
1075
1165
1142
1075
1118
1128
1100
1110
1133
1109
1143
1124
1948
1166
1157
1125
1176
1126
1102
1377
1099
1239
1550
1133
1265
1123
1144
1192
1102
1277
1110
1161
1173
1230
1236
1182
1159
1199
1108
1224
1220
1137
1168
1120
1357
1149
1118
1196
1219
1190
1125
1141
1172
1619
1276
1151
1256
1178
1160
1155
1165
1153
1164
1164
1399
1169
1120
1207
1183
1433
1235
1174
1586
1145
5092
1170
1095
1144
1187
1237
1228
1115
1147
1119
1281
1131
1212
1136
1110
1178
1163
1083
1112
1099
1149
1166
1037
1136
1135
1120
1204
1088
1115
1080
1168
1116
1114
1108
1178
1159
1146
1158
1186
1117
1132
1135
1135
1131
1116
1175
1194
1144
1073
1105
1089
1145
1229
1107
1106
1140
1100
1114
1143
1184
1163
1210
1167
1142
1167
1140
1206
1103
1108
1229
1117
1188
1240
1143
1177
1128
1166
1165
1200
1178
1217
1228
1147
1235
1189
1201
1173
1150
1188
1111
1167
1204
1200
1235
1191
1175
1212
1121
1346
1232
1192
1429
1219
1257
1420
1170
1242
1178
1591
1154
1189
1142
1209
1201
1206
1194
1170
1199
1161
1177
1188
1197
1257
1164
1172
1209
1268
1229
1255
1135
1257
1203
1223
1106
1177
1148
1111
1138
1271
1169
1179
1224
1201
1211
1161
1122
1077
1174
1218
1137
1135
1116
1136
1186
1146
1149
1120
1128
1136
1170
1262
1160
1315
1188
1132
1140
1160
1443
1188
1088
1073
1144
1179
1202
1154
1153
1143
1144
1149
1076
1151
1130
1297
1145
1020
1114
1041
1105
1095
1112
1086
1111
1351
1238
1195
1124
1160
1106
1178
1157
1189
1136
1127
1173
1182
1161
1091
1100
1172
1081
1220
1049
1126
1242
1163
1178
1161
1130
1030
1122
1149
1055
1073
1137
1070
1172
1121
1192
1153
1200
1209
1143
1119
1181
1190
1123
1206
1072
1164
1043
1164
1132
1163
1136
1198
1088
1196
1114
1150
1176
1195
1144
1184
1146
1142
1131
1097
1181
1085
1176
1251
1163
1113
1146
1129
1117
1131
1147
1204
1042
1127
1147
1154
1160
1237
1167
1109
1166
1172
1149
1165
1169
1107
1130
1187
1225
1276
1174
1155
1120
1138
1202
1478
1247
1220
1245
1127
1182
1216
1202
1143
1195
1192
1179
1147
1228
1188
1200
1151
1189
1188
1211
1259
1133
1194
1197
1116
1193
1204
1213
1215
1177
1246
1134
1206
1210
1172
1231
1145
1126
1215
1205
1188
1178
1153
1184
1152
1104
1164
1196
1223
1247
1124
1235
1261
1170
1175
1210
1195
1178
1136
1191
1190
1154
1206
1617
1188
1133
1194
1161
1133
1189
1181
1194
1127
1197
1866
1192
1210
1190
1219
1145
1196
1154
1208
1136
1212
1222
1131
1136
1224
1118
1163
1100
1143
1169
1190
1197
1126
1184
1131
1133
1161
1190
1142
1094
1158
1744
1151
1218
1100
1161
1129
1201
1183
1083
1224
1150
1182
1222
1189
1130
1140
1134
1160
1181
1183
1198
1125
1188
1191
1158
1169
1164
1177
1131
1146
1186
1186
1167
1136
1260
1210
1128
1148
1162
1159
1564
1149
1184
1191
1167
1142
1201
1156
1139
1236
1152
1286
1200
1232
1187
1160
1146
1139
1214
1179
1159
1136
1199
1130
1172
1332
1197
1180
1177
1170
1229
1235
1272
1198
1242
1211
1464
1563
1182
1242
1141
1166
1140
1174
1206
1174
1175
1134
1176
1165
1180
1188
1263
1204
1222
1151
1136
1203
1128
1154
1126
1102
1159
1135
1405
1394
1119
1132
1113
1198
1149
1143
1168
1090
1145
1208
1180
1165
1161
1121
1201
1142
1207
1178
1200
1221
1529
1191
1133
1135
1839
1132
1220
1252
1231
1194
1172
1206
1209
1179
1199
1202
1194
1210
1174
1246
1533
1241
1201
1204
1202
1271
1169
1242
1262
1234
1233
1224
1234
1207
1213
1212
1292
1302
1194
1259
1241
1256
1247
1262
3017
3006
3037
2936
2957
2914
3087
3054
3174
3003
3027
3023
2930
3056
2953
3006
3193
2973
3034
2947
2890
3020
2987
3266
3786
3037
2940
3040
26397
3037
2990
2820
2884
2960
2983
2933
3030
2933
2973
2830
2860
2887
2830
2880
2927
2836
2956
2930
2930
2973
2930
2980
3076
2954
4120
3697
2967
3023
3077
3707
2950
2967
2847
2967
2930
2977
2830
3030
3017
2927
3007
2840
2956
2950
3017
2966
2897
2976
2916
2937
3030
2920
2956
2897
2954
2910
1252
1265
1246
1222
1893
1246
1176
1258
1194
1169
1205
1211
1165
1218
1177
1185
1176
1202
1200
1209
1197
1180
1204
1229
1244
1206
1224
1563
1158
1227
1179
1197
1560
1229
1209
1236
1206
1192
1260
1179
1178
1200
1210
1248
1210
1225
1183
1196
1173
1166
1243
1236
1165
1194
1173
1172
1457
1192
1217
1148
1197
1190
1192
1272
1202
1184
1243
1259
1275
1170
1210
1222
1230
1276
1228
1219
1251
1176
1198
1210
1209
1230
1255
1195
1164
1089
1188
1200
1226
1238
1210
1220
1149
1165
1162
1159
1264
1171
1214
1166
1185
1238
1427
1157
1198
1219
1127
1193
1196
1205
1190
1190
1211
1172
1220
1159
1194
1200
1180
1175
1221
1187
1177
1220
1184
1187
1181
1170
1194
1199
1174
1246
1120
1194
1194
1159
1183
1253
1180
1184
1188
1233
1191
1214
1203
1273
1171
1174
1193
1215
1167
1230
1474
1245
1239
1158
1181
1167
1229
1168
1227
1229
1184
1214
1194
1219
1210
1212
1210
1207
1203
1223
1192
1141
1145
1151
1202
2318
1155
1200
1239
1201
1214
1202
1197
1162
1245
1180
1177
1207
1219
1162
1185
1137
1272
1162
1196
1175
1134
1200
1216
1223
1224
1149
1187
1189
1201
1149
1138
1211
1220
1437
1291
1178
1186
1233
1161
2937
2863
3030
3106
3000
3070
2853
2913
2910
2907
2863
2940
2943
2907
2864
2927
3057
2936
3043
3187
2917
2864
3090
2890
3087
2980
2930
2937
2940
2967
2993
2913
3337
2980
2917
3010
3003
2920
2963
2813
2923
3136
2970
2967
2844
2926
3097
2850
2990
2973
2894
2983
2924
2970
3014
3310
2833
2930
2953
2973
3020
2957
2954
5170
3037
3070
3010
2987
2916
2984
2917
2896
2923
2927
2916
2890
2967
2973
2910
3033
3103
3054
3007
2976
2903
3060
3374
2843
2987
2850
2863
2910
2994
1202
1211
1180
1167
2567
1244
1261
1174
1205
1172
1229
1145
1150
1210
1213
1237
1201
1208
1273
1292
1204
1283
1240
2251
1213
1277
1247
1174
1228
1189
1393
1225
1199
1777
1173
1516
1222
1273
1232
1274
1153
1205
1243
1258
1283
1250
1224
1184
1199
1290
1266
1218
1246
1292
1308
1267
1275
1286
1259
1174
1219
1163
1230
1163
1263
1242
1205
1192
1300
1234
1248
1228
1253
1288
1221
1234
1132
1199
1221
1267
1259
1277
1248
1245
1197
1198
1262
1225
1195
1440
1417
1236
1196
1274
1333
1238
1244
1205
1178
1257
1178
1176
1219
1198
1209
1216
1271
1249
1243
1324
1243
1356
1203
1199
1258
1225
1248
1179
1195
1193
1189
1261
1206
1200
1188
1217
1200
1207
1214
1165
1244
1184
1204
1213
1236
1179
1161
1200
1189
1203
1307
1178
1232
1260
1173
1182
1273
1182
1162
1249
1203
1151
1174
1198
1183
1161
1209
1232
1165
1190
1205
1214
1178
1204
1202
1158
1187
1215
1173
1164
1199
1250
1205
1283
1185
1250
1185
1249
1739
1214
1235
1263
1476
1346
1198
1240
1186
1256
1223
1163
1158
1123
1188
1175
1205
1187
1189
1237
1358
1255
1236
1145
1243
3007
1206
1226
1237
1165
1207
1213
1206
1219
1201
1311
1208
1483
1172
1203
1323
1187
1158
1197
1236
1247
1231
1238
1222
1200
1540
1338
1541
1252
1550
1531
1321
1212
1202
1226
1194
1176
1175
1200
1174
1198
1242
1141
1217
1261
1182
1217
1334
1146
1195
1153
1185
1151
1175
1229
1178
1259
1169
1238
1198
1193
1156
1177
1236
1201
1194
1162
1172
1202
1159
1185
1182
1242
1220
1137
1144
1175
1114
1160
1167
1379
1222
1203
1168
1180
1212
1234
1200
1180
1217
1210
4452
1248
1198
1180
1222
1229
1178
1213
1157
1159
1185
1176
1228
1200
1172
1206
1193
1200
1172
1190
1267
1207
1180
1193
1220
1199
1179
1236
1154
1223
1181
1199
1197
1246
1193
1186
1141
1151
1171
1206
1186
1360
1313
1203
1182
1221
1169
1158
1190
1213
1206
1191
1216
1171
1221
1216
1192
1240
1215
1200
1187
1232
1201
1166
1207
1169
1175
1144
1206
1177
1219
1221
1151
1193
1190
1154
1178
1212
1231
1157
1182
1228
1307
1185
1194
1208
1222
1242
1219
1140
1200
1197
1208
1227
1195
1583
1251
1236
1200
1192
1199
1225
1230
1170
1364
1202
1269
1218
1187
1198
1194
1188
1192
1169
1206
1182
1163
1161
1172
1209
1176
1175
1166
1224
1170
1180
1187
1255
1200
1175
1215
1175
1235
1146
1200
1140
1179
1159
1219
1212
1197
1239
1162
1193
1170
1197
1168
1193
1212
1178
1252
1195
1195
1186
1232
1228
2873
2953
2976
2870
2910
3004
2960
2867
2864
2967
3053
3076
3054
3006
2890
2924
3164
3047
3000
2917
2844
2823
2853
6610
2810
2850
2924
2863
2860
2910
2830
2877
2840
3003
2907
2993
2937
2963
2933
3073
2937
2957
2990
3243
2974
2960
3187
2974
3820
2946
2903
2993
2993
3020
3050
3083
2994
2947
2993
2874
3024
3017
2910
2990
2887
2927
3014
2960
2983
2933
2923
2960
2913
2990
2977
2923
2927
2990
2986
3007
2773
3014
2974
3080
2987
3040
2940
3057
2967
3060
3046
1269
1234
1240
1466
1228
1270
1234
1207
1233
1215
1560
1234
1262
1205
1239
1365
1194
1231
1269
1258
1209
1225
1240
1156
1219
1276
1171
1196
1225
1652
1236
1257
1643
1246
1239
1175
1213
1206
1174
1179
1194
1169
1211
1164
1244
1170
1178
1157
1192
1202
1751
1128
1112
1280
1212
1165
1205
1203
1232
1204
1224
1173
1175
1147
1206
1141
1494
1695
1172
1200
1175
1127
1164
1195
1190
1204
1158
1234
1234
1196
1224
1169
1157
1160
1225
1173
1223
1185
1260
1184
1166
1197
1240
1231
1186
1214
1236
1238
1181
1217
1187
1990
1226
1210
1166
1194
1224
1180
1215
1202
1209
1225
1181
1253
1217
1222
1193
1508
1185
1238
1205
1206
1260
1251
1293
1224
1222
1205
1196
1209
1190
1277
1216
1220
1211
1210
1264
1208
1265
1231
1268
1274
1222
1260
1316
1215
1649
1234
1224
1233
1213
1254
1260
1276
1193
1342
1214
1314
1227
1238
1252
1243
1291
1228
1287
1614
1295
1285
1221
1239
1212
1251
1209
1291
1211
1201
1188
1262
1293
1241
1218
1202
1188
1217
6709
1210
1222
1283
1225
1226
1246
1218
1228
1242
1223
1248
1250
1203
1241
1230
1200
1200
1204
1206
1198
1195
1285
1480
1210
1236
1259
1330
1244
1192
1278
1236
1191
1201
1234
1213
91936
40291
24550
9348
8724
9913
9365
9418
66137
12098
27607
2082
2362
2875
2068
1989
2135
2072
2070
2252
1993
2042
2569
2087
2075
2062
1890
1977
1938
1999
1894
2106
2022
2049
1849
1943
1849
1926
2009
2009
1922
2538
2033
2159
1972
2079
1994
2068
2081
1955
2069
1939
2462
1965
2259
2455
2005
2156
2062
2200
1947
2136
1966
2095
2096
1992
2182
2119
1940
2021
2040
2217
2379
1956
2161
2052
2014
4885
2083
3127
2185
2099
2211
1991
2256
2086
2116
2156
2224
86441
2033
2142
2025
2142
2128
1932
2145
2193
2199
2183
1912
1944
2179
2003
2051
1917
2174
2099
2013
1994
1948
1957
2250
2886
2104
2177
2030
1845
2440
2041
2113
1890
2221
2190
5507
2014
1961
2011
2095
2118
2038
1981
1967
2066
1887
1926
2004
2488
2011
2027
1994
2011
2072
2059
1907
1878
1923
1973
1968
1895
2198
2067
2100
2287
2094
2103
2082
2029
1918
2001
1901
2156
2216
2052
2014
2466
2093
2038
2447
2257
2049
2153
2091
2077
2033
2061
1995
1998
1967
1995
1976
83355
2046
2077
1930
1948
2315
2063
2077
1954
2157
2225
2170
2575
3586
1926
1958
1726
2039
2073
2150
2407
2044
2032
2004
2002
2053
1970
2036
2082
2114
1962
2363
2010
2138
2104
1985
2340
2120
2092
2121
2151
2368
2141
2238
2011
1930
2291
2122
1967
2115
2032
1984
1981
2740
2182
2102
2186
2046
2247
1973
1910
2688
2146
2226
1922
1931
2907
2145
2118
1927
2410
1977
2239
2074
2140
2054
2933
2112
1968
2290
2368
2048
2028
1967
5230
4837
5447
5666
5320
5907
5463
6180
163764
5054
5147
5130
5020
5266
5180
5913
5653
5143
7367
5440
5167
5227
5377
5033
4880
5157
5017
5120
7370
5873
5206
4740
5350
5107
5017
5080
5174
4926
5067
5387
4847
5053
5847
5320
5200
5140
5240
5224
5080
4963
5010
4650
4907
4883
4844
4930
5180
4813
5004
5010
4844
5163
6514
5580
5787
5443
5563
5013
6470
5027
5250
4964
16577
4896
5066
4893
5360
5384
4943
5656
5036
5293
5053
5090
5130
5306
5470
8893
5260
4950
5200
4916
6523
7080
4997
4987
5210
5040
4803
5460
139324
4953
4954
5336
5163
5397
5384
5303
10010
5500
5320
6996
5410
5030
5004
4813
5650
5484
5076
6934
5073
4983
5310
6003
5697
5356
5283
5530
6833
5260
5750
5100
5030
5000
5284
5033
5930
5227
5230
5013
5110
6686
4987
5197
5540
4964
4983
4876
4673
5133
5427
5174
5226
5503
4997
4907
5067
5053
5200
5434
5153
5046
7873
5043
4927
5564
5053
5757
5773
5043
4946
5336
5373
5024
9190
5070
5054
5334
5334
5070
7196
4940
4750
4807
4970
13800
5290
5130
4740
5240
4873
4827
205941
5197
4970
4870
4916
54317
32100
2740
2533
2540
2583
2590
2607
2467
2593
2436
2557
2664
2913
2573
2860
2484
2423
2454
2590
2560
2637
2553
2610
2650
2603
2520
2600
2710
2530
2537
2560
2573
2480
2560
2676
2423
2437
2600
2494
2530
2466
2633
2390
2546
2593
2460
2950
2420
2630
2560
2640
2490
2513
2637
2630
2594
2540
2567
2584
2480
2590
2513
2540
2683
2620
2423
2534
2604
2914
2627
2584
2583
2473
2527
2626
2496
2350
2644
2436
2493
2413
2950
2603
2563
2600
2417
2590
2430
2337
2560
2450
2547
2460
2653
2524
2470
2443
2564
2470
2833
2700
2440
2564
2590
2594
2510
2687
2640
2543
2650
2950
2653
2527
2644
2557
2370
2673
2446
2414
2634
2617
2747
2460
2606
2517
2604
2530
2847
2577
2557
2520
2587
2550
2513
2766
2556
2593
2583
2680
2480
2724
3177
2876
2720
2403
2923
2507
2466
2740
2473
2674
2590
2547
2677
2490
2526
2443
2670
2543
2533
3293
2584
3107
2583
2587
2527
2603
2730
2733
2790
2750
2486
2923
2600
2590
2700
2973
2620
2477
2550
2730
2683
2644
2640
2730
2620
2787
2546
2494
2507
3050
2523
2503
2444
3033
2906
2953
3356
2703
2490
2460
2550
2483
2487
2423
2473
2487
2590
2433
2610
2540
2687
2654
2296
2573
2657
2436
2427
2443
2480
2510
2377
2514
2643
2463
2530
3117
2524
2607
2707
2437
2420
2516
2513
2570
2557
2563
2423
2603
2653
3197
2586
2564
2530
2423
2486
2586
2573
2617
2550
2483
2483
2400
2480
2513
2503
2480
2573
2490
2436
2627
2390
2423
2507
2540
2464
2437
2423
2630
2450
2397
2466
2480
2507
2564
2460
2356
2423
2480
2437
2610
2674
2513
2550
2456
2380
3210
2470
2550
2464
2453
2487
2687
2600
2470
2433
2330
2504
2540
2700
2590
2490
2397
2460
2533
2606
3566
2540
2564
2487
2474
2557
2527
2560
2627
2553
2460
2623
2700
2533
2410
2537
2460
2370
2637
2640
2750
2707
2423
2457
2516
2446
2393
2273
2560
2340
2267
2510
2327
2393
2373
2487
2340
974
1027
1105
1085
1084
2092
1080
1052
1075
998
1030
1038
1104
1074
1045
1048
1007
1015
1025
1124
1102
1025
1016
1035
1039
1038
1132
1108
1081
1061
1098
1051
1039
1061
1045
1041
1088
986
1028
1244
1071
1042
1048
1417
1099
1102
998
1002
1086
987
1076
1021
993
1042
1338
1080
1036
1064
972
1045
1076
1080
1052
1049
1088
1096
1032
1036
1013
1072
1006
1084
1045
1005
1112
981
1017
990
972
1060
1064
1048
993
965
965
922
1010
991
1034
1044
1074
961
1022
1054
1049
1080
1002
1045
1001
989
1017
977
1042
1060
962
1000
1004
1043
1019
1060
1102
1158
1012
1091
988
1075
1028
1028
1090
1027
1035
1047
1052
1038
990
1039
1071
999
1061
978
955
1031
999
997
982
1092
1048
922
951
1004
998
1019
1001
978
1020
1021
1042
934
983
996
991
975
969
1068
1018
1061
1006
1011
1149
1053
986
972
1024
1089
1081
1102
1085
1068
1011
1003
1043
1022
984
1283
1079
981
972
1040
1320
1008
967
1009
1058
990
1009
1068
1127
992
981
1010
1007
1014
1061
929
968
1001
1030
1059
963
989
948
1002
1040
1086
985
989
1028
1164
948
1124
1070
1000
1007
1108
994
1049
993
1021
1068
1004
1052
1071
1040
1184
1028
929
1044
1011
1095
1022
1022
1056
994
991
969
1020
965
1040
965
1107
1062
1326
1105
1151
1095
1090
1071
1043
1048
1028
1009
1098
1043
1058
1030
1033
1024
1093
1012
1023
1006
1012
1033
1063
1055
1013
969
994
1015
986
1026
982
1024
1418
1005
992
2443
3340
3263
3203
2584
2563
2464
2477
2340
2450
2390
2487
2586
2683
3147
2653
2510
2523
2983
2610
2463
2440
2597
2533
2370
2354
2570
2337
2417
2536
2560
2517
2577
2436
2317
2513
2460
11724
2433
2477
2407
2423
2573
2527
2600
2477
2453
2400
2904
2510
2516
2440
2526
2453
2466
2686
2860
2497
2570
3017
2550
2536
2656
2407
2547
2490
2607
2597
2513
2840
2620
2537
2643
2553
2997
2523
2446
2587
2427
2540
2564
2513
2326
2594
2500
2533
2497
2496
2437
2610
2457
2640
2633
2690
2620
2517
2476
2404
2597
2507
2590
2546
2596
2603
2484
2470
2584
2466
2606
2643
2487
2580
2480
2417
2524
1018
1057
1094
1035
1061
1627
1104
1356
1338
1115
1069
1142
1051
1050
1013
1052
1045
1122
1083
1036
1052
1047
1030
1068
1080
1034
1034
1065
1085
1053
1000
1367
1089
1025
1027
1101
1089
1056
1116
1103
1030
1068
1060
1086
1040
1108
1058
1011
1093
1031
1166
1092
1028
1143
1176
1070
1073
1033
1065
1130
1025
1059
1128
1307
1072
1067
1030
1012
1097
1040
983
1294
1251
1015
974
1200
1040
991
981
1000
1004
954
1017
1028
1055
1053
1031
978
969
1027
1006
993
1050
1038
1068
1029
1007
1007
1037
1029
1075
976
1023
1026
1039
1020
1064
993
1021
1045
1060
1059
999
1033
1018
1099
989
1025
1048
1092
1008
1040
1058
1040
1029
971
1038
1012
1083
1111
1020
1022
1021
1015
1005
1016
1044
1053
1026
1109
1034
1077
1081
1052
1019
1024
1000
1020
1018
1048
1030
1050
1027
1018
1033
1273
1042
1055
995
1023
1137
1021
1056
1003
1037
1266
945
1066
997
1029
1097
1118
1014
987
997
1033
1109
1038
1089
1021
1114
1093
1184
1932
980
1108
1021
1026
1021
1025
1008
1044
1038
1089
1111
1064
1039
1061
1026
1018
980
1032
1039
1038
1081
1018
1045
1012
1036
1051
1020
1023
1074
1032
1050
989
979
1025
1079
1090
988
1041
1007
984
1153
1005
1109
1056
979
991
1039
1113
1049
1097
1043
1006
1052
1070
1095
1119
1048
1004
1022
1247
1262
1387
1282
1639
1040
1013
1001
1054
1066
1010
1033
979
1045
1104
1058
1132
1057
945
1019
1069
1005
1030
1053
1032
1150
1009
1002
1021
996
1015
1040
1009
1029
1036
1006
1018
1072
1093
1011
1031
1030
1080
1072
1058
1049
1014
1037
1042
1024
1048
1014
1068
977
962
1056
1049
1026
1008
1193
969
979
980
985
1073
1061
1068
961
997
1011
1017
1049
1059
1043
1015
1015
1018
1015
1074
1003
1059
1044
994
1025
974
1100
1036
1069
1104
1005
1015
994
1061
1037
1078
1029
1011
1017
996
1048
958
1009
1033
1067
1068
1003
1059
1078
1071
1023
1056
1103
1007
1075
1044
1048
1051
1080
1010
963
1093
1029
1021
1086
1135
1052
1094
1075
1133
1108
1056
1014
1103
1165
1160
1079
1099
1047
1081
1095
1038
1058
1047
1080
1048
1014
1289
986
1071
1055
1030
1211
1048
1019
1082
1049
1040
1049
1081
1057
1016
1073
1442
1105
1040
1257
1008
1048
1051
1289
1074
1132
1093
1081
1083
1059
936
1110
1057
1017
1000
1077
1123
1042
1285
955
1048
959
1028
1307
1048
1033
1473
1003
995
1057
1109
1015
1044
1059
1096
1021
1108
990
1020
1055
1030
1095
1176
1141
1035
1058
1035
1056
1062
1113
1076
1118
1098
1059
1040
1591
1116
1058
1019
1056
1090
1108
1036
1054
1292
1593
1061
1104
1037
1056
1272
1151
1169
1027
1163
1337
1073
1041
1053
1065
1103
1068
1058
1062
1053
1149
1030
1165
1105
1060
1051
1010
1052
1044
1023
1075
1051
1064
1062
1139
1047
1041
1045
1077
1080
1023
994
1028
1034
1081
1052
1021
1065
1072
1049
1027
1073
1007
1090
1001
1030
1062
1006
1032
1057
1006
1017
1046
1058
1060
1376
1355
1420
1350
1574
1342
1098
1159
1099
1147
1052
1146
1134
1075
1078
1074
1010
1127
1162
1030
1081
1131
1049
1098
1081
1077
1012
2607
2620
3137
2600
2793
3076
2650
2610
3494
3417
3140
3147
3030
2690
2673
2717
2510
2607
2713
2614
2767
2553
3224
3040
2774
2517
2640
2646
2590
2417
3113
2650
2574
2390
2536
2590
2777
3303
2624
2757
2540
2577
2620
13117
2607
2683
2620
3504
3280
3550
3257
2904
3417
2790
2560
2910
3243
3926
2697
2787
2967
2537
2463
2537
2847
2563
2477
2630
2670
2810
2556
2860
2577
2564
2607
2676
2543
2667
2653
2563
2604
2733
2727
2533
2496
2567
2587
2690
2530
3167
3083
3133
2800
3630
3293
3040
2783
2540
3910
2586
2473
2603
2673
3610
2666
2587
3427
2807
2360
2431
2395
2494
2714
2571
2614
2509
2446
2486
2623
2400
2426
2454
3114
2526
2397
2237
2374
2369
2483
2514
2495
2406
2494
2555
2308
2495
2558
2985
2523
2914
2531
2788
2440
2654
2392
2331
2366
2480
2345
2331
2337
2219
2369
2414
2491
2312
2360
2362
2248
2377
2343
2351
2340
2428
2297
2297
2251
2323
2274
2220
2245
2421
2334
2580
2248
2283
2346
2480
2378
2252
2286
2943
2357
2320
2416
2611
2363
2392
2223
2354
2214
2426
2458
2335
2455
2343
2408
2248
2477
2397
2285
2321
2378
2451
2300
2283
2482
2354
2226
2428
2280
2315
2300
2323
2769
2221
2243
2785
2489
2308
2368
2505
2377
2412
2901
3117
3023
2331
2606
2357
2603
2486
2294
2426
2354
2540
2606
2887
2736
2693
2750
2767
2623
2634
2903
2563
2570
2693
2833
2550
2547
3100
2607
2843
2587
2644
2720
2506
2714
2634
2554
2920
2624
2560
2460
2516
2854
2436
2444
2513
2460
2803
2590
2467
2543
2527
3387
2543
2530
2603
2490
2600
2640
2493
2546
2447
2560
2593
2537
2460
2500
2390
2530
2520
2460
2410
2590
2593
2543
2350
2530
2380
2754
2620
2446
2556
2520
2616
2457
2590
2597
3043
2870
2613
2644
2967
2476
2793
2460
2540
2590
2447
2690
2627
2470
2436
2443
2726
2493
2614
2417
2540
2590
2510
2484
2524
2540
2637
2543
2390
2540
2460
2550
2490
2573
2500
2457
2530
2566
2497
2694
2663
2550
2540
2547
2573
2590
2583
2600
2456
2140
2203
2137
2140
2140
2069
2212
2200
2162
2077
2195
2134
2034
2058
2220
2043
2134
2294
2212
2206
2129
2312
2234
2160
2249
2151
2109
2118
2183
2157
2183
2057
2195
2212
2174
2217
2155
2112
2165
2220
2142
2128
2203
2198
2177
2017
2186
2157
2174
2151
2097
2154
2152
2174
2192
2240
2163
2126
2195
2220
2071
2189
2317
2320
2216
2085
2297
2408
2169
2340
2269
2246
2355
2208
2142
2115
2168
2157
2223
2203
2197
2186
2231
2185
2148
2200
2229
2143
2137
2163
2165
2320
2132
2252
2274
2217
2166
2094
2328
2231
2215
2171
2286
2154
2172
2235
2262
2083
2126
2248
2189
2169
2285
2080
2229
2152
2063
2191
2171
2249
2122
2274
2180
2277
2234
9163
2154
2155
2183
2203
2212
2169
2138
2291
2169
2137
2160
2137
2226
2160
2249
2200
2157
2606
2114
2003
2145
2097
2568
2168
1038
1057
1008
1125
1021
1079
998
1680
1366
1055
1043
1139
1100
1850
1158
1053
1284
1062
1107
1110
1053
1093
1038
1070
1025
1061
1107
1119
1106
1069
1015
1078
2414
1659
1124
1068
1045
1046
1031
1024
1070
1099
1073
1403
1026
1068
987
1039
976
1004
1089
1034
1051
994
1029
1043
1041
1080
1033
990
1069
1032
1038
1074
1021
1074
1047
1059
999
1054
1023
1058
1214
1029
1071
1108
1033
1081
1083
1080
1115
1072
1212
1059
1081
1133
1077
1092
1106
1133
1123
1126
1065
1133
1111
1153
1100
1034
1095
1138
1114
1157
1087
1104
1094
1133
1022
1074
1130
1058
1043
1097
1065
1051
1075
1122
1085
1061
1045
1135
1134
1089
1040
1060
1055
1074
1056
1087
1108
1110
1126
1052
1073
1049
1047
1056
1097
1056
1110
1078
1060
1075
1056
1074
1111
1087
1083
1122
1051
1160
1070
1037
1173
1197
1131
1086
1371
1119
1432
1130
1126
1201
1071
1049
1098
1124
1424
1078
1116
1129
1036
1213
1073
1036
1131
1131
1226
1069
1084
1094
1128
1091
1104
1076
1031
1150
1108
1084
1119
1086
1445
1164
1014
1105
1409
1092
1108
1106
1118
1094
1090
1088
1110
1031
1057
1093
1058
1095
1128
1132
1072
1040
1037
1064
1076
1081
1061
1105
1063
1115
1155
1114
1092
1075
1049
1105
1152
1092
1355
1109
1130
1034
1131
1141
1099
1054
1091
1058
1062
1075
1016
1078
1110
1028
1181
1122
1120
1124
1115
1082
1097
1063
1087
1107
1143
1044
1090
1055
1159
1068
1177
1149
1084
1119
1038
1166
1089
1131
1120
1096
1069
1042
1072
1024
1037
1104
1099
1074
1041
1078
1102
1074
1039
1111
1079
1097
1092
1096
1063
1058
1013
1057
1075
1062
1061
1063
1122
1124
1091
1092
1094
1068
1097
1049
1122
1122
1092
1134
1099
1102
1077
1109
1116
1058
1036
1063
1058
1037
1057
1088
1378
1056
1100
1035
1132
1069
1115
1120
1051
1276
1134
1065
1046
1090
1083
1106
1036
1087
1076
1078
1094
1158
1146
1116
1057
1028
1063
1047
1089
1069
1080
1072
1004
1157
1126
987
1135
1065
1066
1068
1118
1036
1059
1125
1144
1050
1154
1056
1162
1097
1076
1091
1087
1118
1079
1076
1068
1016
1085
1053
1115
1147
1066
1116
1115
1068
1098
1082
1105
1064
1091
1170
1092
1094
1102
1087
1083
1110
1092
1033
1092
1115
1069
1106
1062
1150
1122
1112
1074
1142
1043
1043
1041
1523
1115
1055
1064
1084
1102
1115
1132
1150
1042
1099
1241
1442
1046
1084
5921
1093
1062
1070
1117
1152
1046
1242
1096
1094
1097
1031
1089
1125
1078
1073
1061
1796
1046
1092
1154
1064
1120
1209
1175
1115
1068
1072
1064
1080
1068
1065
1224
1101
1153
1108
1395
1081
1098
1146
1171
1145
1101
1062
1336
1072
1100
1042
1093
1070
1049
1197
1049
1094
1094
1038
1114
1094
1125
1103
1154
1109
1386
1274
1111
1124
1105
1105
1162
1048
1082
1087
1082
1084
1041
1129
1131
1184
1070
1045
1198
1114
1139
1095
1021
1065
1050
1026
1057
1012
1054
1098
1160
1084
1075
1085
1014
1069
1103
1038
1071
1091
1131
1046
1087
1082
1149
1070
1008
1054
1044
1059
1121
1066
1057
1077
1081
1072
1040
1080
1067
1059
1112
1092
1082
1069
1017
1074
1095
1113
1069
1007
1245
1065
1072
1044
1069
1056
1087
1107
1047
1136
1064
1000
1076
1043
1048
1069
1055
1135
1029
1079
1068
1055
1134
1057
1017
1105
1115
1063
1075
1094
1078
1038
1104
1194
1104
1074
1056
1044
1055
1140
1074
1050
1056
1096
1068
1001
1090
1125
1086
1101
1064
1013
1075
1103
1066
1082
1114
1075
1039
1110
1825
1114
1083
1013
1138
1109
1064
1110
1084
1057
1098
1061
1124
1067
1118
1077
1133
1141
1087
1096
1136
1050
1053
1006
1101
1094
1096
1335
1116
1083
1074
1119
1079
1069
1105
1147
1073
1096
1118
1064
1076
1123
1072
1086
1029
1117
1080
1039
1160
1074
1067
1099
1078
1084
1099
1092
1088
1073
1114
1144
1050
1120
1075
1106
1092
1091
1135
1226
1081
1122
1052
1048
1068
1074
1022
1129
1087
1081
1095
1045
1046
1122
1072
1102
1107
1059
1139
1185
1088
1059
1059
1095
1108
1217
1195
1163
1075
1114
1124
1125
1131
1045
1086
1086
1056
1051
1080
1130
1134
1107
1412
1114
1090
1085
1028
1074
1327
1080
1110
1394
1095
1023
1106
1100
1126
1083
1056
1147
1119
1093
1120
1050
1080
1083
1103
1107
1094
1099
1110
1098
1152
1142
1035
1096
1091
1105
1088
1076
1361
1008
1139
1127
1125
1073
1070
1085
1087
1111
1092
1192
1042
1097
1094
1075
968
1070
998
1048
1092
1086
1114
1062
1025
1072
1022
1121
1085
1073
1064
1043
1053
1098
1104
1065
1107
1079
1108
1103
1104
1080
1131
1097
1050
1110
1185
1124
1002
1131
1043
1075
1054
1137
1138
1117
1118
1159
1097
1070
1042
1074
1085
1086
1122
1051
1056
1227
1137
1082
1145
1080
1058
1056
1104
1087
1082
1247
1104
1104
1081
1100
1105
1078
1058
1049
1057
1039
1081
1068
1118
1105
1062
1045
1106
1062
1129
1067
1119
1118
1115
1057
1162
1074
1071
1486
1036
1062
1057
1073
1086
1138
1137
1091
1122
1088
1123
1054
1072
1088
1110
1110
1084
1064
1103
1116
1399
1092
1048
1059
1080
1059
1117
1104
1093
1042
1100
1079
1085
1024
1049
1051
1089
1087
1097
1109
1065
1048
1050
1017
1125
1033
1053
1076
1076
1041
1117
1033
1039
1083
1054
1047
1039
1082
1074
1068
1017
13807
1054
1124
1111
1073
1104
1079
1072
1149
1120
1097
1080
1103
1044
1094
1064
1071
1085
1094
1091
990
1152
1099
1036
1058
1062
1068
1045
1074
1072
1080
1068
1045
1014
1068
1080
1131
1099
1066
1054
1142
1114
1134
1087
1126
1076
1055
1125
1100
1100
1078
1146
1101
1312
1104
1081
1101
1059
1054
1074
1078
1100
1144
1096
1059
1057
1027
1103
1069
1094
1093
1092
1146
1188
1137
1120
1051
1068
1057
1121
1142
1025
1062
1086
1197
1094
1117
1102
1095
1112
1132
1186
1072
1099
1109
1076
1085
1083
1072
1127
1125
1065
1051
1111
1061
1033
1042
1123
1061
1084
1018
1189
1123
1108
1040
2116
1122
1092
1039
1048
1057
1010
1061
1084
1033
1111
1084
1081
1427
1073
1105
1085
1120
1080
1092
1079
1150
1067
1100
1075
1090
1150
1044
1156
1044
1072
1103
1063
1346
1419
1059
1108
1100
1122
1047
1049
1072
1178
1117
1113
1653
1078
1076
1038
1331
1091
1372
1165
1085
1496
1206
1157
1148
1111
1122
1120
1054
1140
1160
1155
1130
1323
1074
1161
1064
1113
1274
1193
1101
1868
1071
1073
1091
1037
1100
1156
1049
1155
1141
1075
1032
1017
1035
1046
1103
1076
1057
1053
1082
1100
1101
1096
1135
1075
1094
1086
1349
1089
1101
1049
1064
1047
1081
1071
1098
1072
1057
1074
13427
1097
1131
1111
1066
1047
1108
1082
1109
1112
1094
1148
1097
1102
1118
1083
1109
1019
1096
1110
1115
1065
1112
1133
1065
1125
1092
1102
1093
1055
1091
1100
1052
1079
1515
1042
1050
1106
1040
1007
1057
1066
1064
1083
1089
1134
1042
1116
1111
1076
1064
1067
1023
1136
1103
1083
1081
1092
1076
1131
1064
1073
1101
1049
1082
1159
1050
1068
1117
1085
1271
1077
1080
1052
1042
1096
1049
1055
1081
1079
1111
1102
1061
1061
1074
1507
1061
1100
1081
1079
1159
1102
1150
1137
1150
1137
1081
1082
1091
1504
1068
1136
1110
1120
1097
1158
1124
1130
1043
1050
1141
1125
1072
1142
1077
1079
1089
1052
1082
1120
1079
1061
1070
1042
1096
1048
1092
1056
1058
1058
1092
1081
1046
1082
1046
1155
1161
1092
1032
1108
990
1099
1117
1103
1084
1080
1062
1098
1084
1085
1074
1126
1041
1225
1109
1124
1101
1118
1019
1092
1097
1156
1161
1083
1092
1185
1164
1044
1024
1082
1079
1095
1120
1262
1078
1076
1196
1117
1078
1073
1095
1095
1076
1084
1107
1140
1200
1080
1120
1107
1127
1092
1089
1017
1099
1517
1089
1070
1071
1103
1293
1097
1123
1118
1059
1123
1026
1093
1109
1088
1039
1066
1052
1102
1093
1085
1063
1135
1117
1102
1098
1046
1055
1074
1040
1321
1096
1130
1071
1108
1092
1155
1050
1056
1090
1099
1053
1076
1042
1080
1094
1079
1103
1082
1081
1083
1191
990
1080
1123
1070
1070
1062
1132
1144
1028
1039
1113
1145
1123
1065
1028
1077
1180
1064
1040
1043
1052
1051
1074
1194
1017
1076
1029
1383
1100
1024
1108
1064
1127
1148
1032
1087
1114
1093
1082
1121
1048
1050
1114
1047
1047
1099
1057
1088
1102
1096
1056
1110
1077
1119
1063
1057
1085
1094
1059
1089
1105
1048
1081
1092
1064
1111
1095
1080
1081
1103
1084
1103
1071
1028
1145
1041
1019
1039
1050
1077
1076
1102
1029
1083
1061
1081
1129
1090
1092
1445
1333
1074
1022
1032
1112
1064
1048
1112
1050
1063
1082
1066
1087
1078
1092
1112
1091
999
1118
1047
1105
1063
1093
1155
1092
1041
1092
1044
1254
1034
1025
1093
1140
1155
1039
1093
1082
1068
1186
1056
1051
1108
1044
1072
1055
1087
1083
1056
1097
1087
1065
1086
1077
1078
1083
1209
1056
1050
1137
1135
1125
1486
1392
1290
4150
1343
1449
1344
1393
1553
1436
1469
1389
1348
1351
1353
1362
11948
1395
1318
1445
1344
1428
1474
1335
1111
1378
1340
1412
1361
1325
1201
1401
1245
1354
1464
1372
1406
1280
1417
1358
1386
1148
1139
1365
1400
1320
1121
1098
1099
1136
1119
1077
1053
1078
1097
1058
1204
1164
1127
1161
1048
1076
1081
1063
1078
1079
1113
1124
1072
1106
1226
1105
1069
1091
1108
1318
1087
1062
1062
1038
1155
1017
1125
1046
1134
1090
1138
1077
1079
1690
1055
1069
1062
1091
1065
1036
1110
1095
1089
1055
1114
1127
1096
1092
1115
1086
1091
1104
1104
1044
1065
1095
1072
1089
1085
1049
1134
1068
1112
1032
1003
1077
1143
1134
1142
1101
1148
1016
1079
1148
1121
1086
1036
1095
1082
1043
1108
1061
1116
1068
1524
1152
1104
1101
1073
1076
1061
1189
1052
1067
1144
1097
1100
1118
1044
1078
1090
1131
2416
1162
1102
1090
1111
1098
1131
1065
996
1031
1112
1104
1081
1098
1140
1025
1271
1087
1127
1095
1027
1074
1037
1074
1121
1096
1078
1090
1414
1095
1083
1052
1087
1022
1093
1029
1085
1031
1029
1101
1028
1065
1051
1110
1097
1127
1053
1118
1034
1058
1111
1110
1110
1061
1132
1100
1062
1040
1068
1068
1071
1066
1134
1081
1017
1129
1356
1099
1056
1115
1074
1093
1058
1019
1091
1055
1132
1025
1026
1078
1015
1099
1115
1180
1105
1116
1066
1094
1080
1096
1046
1111
1036
1040
1116
1086
1084
1036
1086
1078
1112
1081
1074
1055
1096
1093
1110
1060
1111
1091
1044
1044
1092
1091
1298
1119
1081
1118
1063
1061
1082
1074
1064
1029
1104
1027
1031
1042
1043
1107
1084
1079
1081
1095
1087
1082
1151
1089
1051
1056
1070
1106
1105
1065
1045
1089
1064
1070
1024
1068
1120
1110
1082
1088
1044
1066
1057
1117
1049
1074
1018
1070
1068
1061
1043
1098
1035
1069
1154
1062
1108
1078
1107
1065
1069
1011
1030
1065
988
1072
1010
1012
1428
1106
1091
1038
1123
1115
1120
1065
1054
1123
1141
1077
1059
1092
1120
1461
1148
1131
1116
1000
1225
1129
1035
1046
1080
1319
1034
1078
1079
1073
1133
1180
1059
1068
1090
1113
1077
1122
1152
1035
1135
1061
1141
1120
1021
1145
1109
1101
1119
1226
1040
1062
1050
1056
1100
1114
1061
1139
1088
1110
1091
1096
1127
1020
1077
1149
1044
1096
1021
1121
1163
1081
1086
1077
1021
1068
1074
1078
1087
1073
1120
1095
1034
1094
1149
1141
1121
1191
1102
1039
1032
1103
1252
1071
1048
1065
1040
1070
1055
1020
1087
1038
1061
1060
1078
1077
1074
1359
1093
1025
1024
1118
1069
3556
1101
1109
1070
1084
1170
1068
1057
1109
1100
1089
1070
1082
1034
1105
1138
1071
1131
1155
1052
1136
1404
1107
1114
1097
1099
1016
1098
1078
1149
1078
1048
1100
1065
1133
1056
1107
1168
1133
1001
1079
1096
1055
1043
1048
1115
1179
1040
1100
1110
1269
1111
1089
1065
1071
1045
1116
1085
1170
1344
1082
1124
1076
1149
1091
1081
1099
1043
1053
1025
1102
1104
1072
1060
1104
1088
1060
1247
1047
1057
1045
1130
1064
1036
1112
1062
1109
1046
1135
1123
1097
1080
1151
1047
1032
1083
1092
1047
1058
1050
1078
1111
1141
1059
1087
1078
1135
1087
1086
1047
1085
1128
1122
1086
1093
1122
1079
1040
1086
1078
1049
1098
1095
1052
1080
1036
1094
1066
1849
1149
1075
1011
1042
1006
1271
1129
1124
1070
1047
1041
1112
1100
1078
1154
1088
1059
1085
1105
1096
1081
1041
1046
1051
1047
1167
1074
1123
1145
1103
1058
1046
1067
1052
1137
1154
1186
1007
1165
1104
1091
1119
1091
1061
1114
1133
1092
1056
1111
1123
1172
1111
1044
1115
1137
1096
1019
1155
1059
1059
1122
1099
1041
1511
1162
1074
1055
1116
1109
1046
1071
1141
1073
1051
1092
1041
1065
1043
1406
1088
1068
1012
1068
1057
1034
1029
1084
1318
1145
1068
1093
1103
1059
1066
1447
1259
1653
1019
1069
1083
1065
1077
1104
1023
1119
1111
1102
1079
1013
1054
1056
1075
1310
1038
1189
1064
1051
1065
1045
1032
1048
1081
1038
1036
1047
1145
1059
1117
1080
1095
1086
1108
1065
1137
1141
1059
1040
1068
1109
1060
1026
1050
1107
1041
1074
1069
1056
1036
1105
1156
1100
1077
1070
1075
1058
1059
1298
1061
1089
1102
1087
1122
1060
1045
1067
1088
1544
984
1074
1030
1059
1208
1061
1007
1055
1083
1158
1089
1125
1056
1064
1083
1117
1088
1039
1050
1053
1034
1040
1088
1042
1058
1098
1121
1110
1058
1076
1096
1081
1126
1109
1047
1063
1048
1060
1076
1171
999
1051
1009
1052
1022
1021
1032
1085
1120
1077
1065
1088
1093
1049
1048
1068
1087
1032
1042
1030
1095
1014
1080
1103
1085
1063
1018
1060
1060
1051
1103
1067
1022
1088
1057
1064
1080
1070
1011
1020
1165
1077
3579
1037
1021
1076
1468
1133
1092
1034
1083
1060
1096
1022
1064
1127
1148
1029
1030
1086
1127
1092
1848
1048
1119
1085
1003
1052
1090
1148
1023
1059
1126
1054
1033
1063
1081
1119
1030
1097
1076
1073
1050
1104
1030
1085
1006
1107
1106
1099
994
1088
1084
1080
1119
1098
977
1034
999
1091
1092
1101
1079
1079
1083
1040
1067
1059
1048
1067
1057
1068
1057
1046
1073
1029
1060
1039
1065
1093
1087
1086
1068
1069
1167
1208
1093
1147
1134
1074
1127
1077
1076
1039
1189
1039
1124
1061
1111
1078
1159
1119
1037
1037
1134
1083
1103
1137
1179
1065
1055
1111
1067
1083
1057
1062
1070
1068
1021
1075
1088
1092
1120
1189
1138
1045
1077
1150
1080
1087
1050
1078
1076
1042
1084
1110
1103
1030
1096
1154
1096
1028
1068
1058
1123
1068
1120
1131
1101
1006
1097
1047
1106
1056
1078
1134
1114
1112
1028
1093
1086
1144
1073
1081
1070
1084
1042
1074
1039
1081
1040
1082
1014
1043
1089
1083
1007
1041
1022
1121
1051
1100
1130
1069
1108
1081
1018
1056
1045
1092
1275
1074
1106
1076
1079
1058
1089
998
991
1119
1158
1061
1089
1094
1081
1038
977
1006
1052
1017
1104
1043
1256
1036
1011
1072
1096
1145
1070
1056
1120
1078
1166
1080
1129
1078
1073
1015
1072
1063
1087
1123
1050
1085
1041
1042
1116
1102
1040
1083
1108
1340
1044
1046
1083
1089
1050
1071
1092
1045
1063
1114
1100
1052
1107
1067
1122
1492
1102
1093
1120
1104
1092
1035
1114
1048
1092
1037
1119
1036
1061
1105
1137
1000
1019
1067
1096
1095
1058
1095
1062
1047
1113
1119
1044
1117
1065
1067
1052
1109
1394
1373
1312
1157
1074
1092
1069
1054
1070
1096
1090
1101
1513
1051
1092
1073
1089
1142
1082
1112
1126
982
1072
1134
1134
1042
1174
1119
1083
1056
1128
1092
1107
1052
1105
1049
1074
1046
1049
1058
1048
1042
1071
1058
1061
1106
1031
1071
1071
1094
1090
1054
1099
1050
1058
1092
1249
1111
1048
1084
999
1045
1050
1066
1065
1048
1049
1037
1088
1085
1031
1112
1099
1110
1069
1091
1093
1076
1052
1082
1052
1050
1074
1076
1131
1064
1121
1136
1084
1068
1072
1014
1032
1040
1066
1104
1062
1077
1061
1056
3125
1036
1026
1039
1038
1098
1063
1053
1082
1031
1059
1049
1024
1086
1077
1061
1100
1131
1077
1039
1320
1064
1091
1000
1055
1192
1089
1096
1094
1082
1197
1078
1059
1055
1137
1121
1059
1080
1028
1049
1103
1055
1050
1035
1046
1062
1089
1059
1058
1021
1029
1047
1076
1096
1010
1062
1004
1080
1119
1072
1075
1092
1129
1078
1063
1034
1079
1084
1032
1067
1073
1080
1079
1121
1083
1023
1029
1163
1465
1473
1487
1296
1330
1357
1371
1376
1576
1468
1460
1451
1474
1515
1562
1424
1393
1395
1333
1541
1462
1393
1333
1455
1354
1453
1566
1379
1355
1350
1365
1383
1400
1285
1361
1378
1356
1479
1481
1360
1353
1306
1351
1397
1252
1222
1412
1431
1352
1591
1349
1428
1203
1008
1047
2315
1120
1077
1023
1063
1072
1095
1045
1027
1054
1085
1050
1082
1101
1118
1097
1118
1033
1087
1090
1056
1091
1099
1069
1046
1092
1051
1057
1021
1032
1102
1089
1064
1044
1034
1093
1069
1056
1035
1066
1050
1000
1129
1077
1104
1076
1135
1082
1141
1031
1100
1028
1077
1042
1023
1045
1109
1052
1012
1031
1028
1081
1090
1016
1045
1065
1107
1051
1020
1090
1092
1076
1022
1035
1048
991
1009
1077
1074
1053
1045
1169
1041
1220
1007
1115
1002
14170
1128
1038
1056
1189
1078
1062
1038
1077
1056
1138
1086
1115
1099
1089
1020
1105
1074
1029
1005
1104
1093
1059
1068
1033
1095
1121
1032
1065
1141
1259
1046
1055
992
1054
1137
1113
1082
1069
1085
1103
1056
1173
998
1077
1068
1076
1097
1047
1052
1045
1091
1012
1079
1129
1068
1016
1040
1076
1059
1112
1077
1012
1073
1055
1114
1036
1078
1066
1271
1110
1088
1073
1122
1077
1026
1072
1063
1046
1058
1128
1054
1112
1066
1117
1074
1000
1090
1063
1047
1145
1044
1112
1040
1006
1078
1100
1086
1005
1142
1014
1077
1104
1023
1083
1102
1072
1077
1061
1080
1073
1005
1084
1032
1014
1026
1052
1107
1028
1077
1030
1091
1031
1077
1046
1037
1050
1005
1004
1107
1041
1077
1075
1051
1135
1061
1019
902
1094
1509
762
659
550
485
427
439
404
332
360
335
354
359
329
454
448
342
427
465
360
439
388
408
573
341
647
522
531
409
351
416
353
428
368
1013
414
341
362
326
320
357
471
376
323
340
363
422
334
312
308
354
293
283
290
292
716
279
398
312
286
298
290
269
344
328
321
350
298
289
354
312
288
575
722
891
598
579
416
452
521
468
366
529
469
439
368
318
392
295
335
335
287
304
308
352
292
383
290
286
293
439
675
467
384
377
662
541
350
336
478
331
366
308
356
360
401
502
282
387
294
343
304
299
364
303
342
388
316
313
378
361
306
347
300
283
304
300
303
288
288
293
352
282
318
304
277
282
287
362
282
359
279
293
267
286
341
353
285
286
324
280
292
287
315
280
355
289
291
326
280
303
439
337
372
335
305
296
408
296
285
282
296
349
303
340
338
369
328
336
351
353
432
378
346
1378
971
893
1048
760
729
588
591
554
634
662
476
433
482
430
356
332
362
398
426
367
384
368
348
403
335
353
384
841
488
642
688
572
397
382
317
400
389
296
322
308
408
321
339
321
327
338
367
344
358
326
336
477
379
327
464
343
321
326
393
285
328
344
341
409
292
304
310
366
326
324
340
337
354
368
395
349
329
301
334
318
374
360
315
299
325
391
372
369
289
314
359
373
320
379
407
294
307
335
293
357
319
397
743
518
289
365
290
293
281
295
336
851
509
719
509
495
469
461
290
331
291
467
295
271
306
302
414
300
305
375
398
314
296
362
345
298
293
287
330
302
300
314
349
377
309
318
305
276
351
282
280
322
406
286
286
286
300
452
281
279
306
310
297
298
334
343
316
282
302
283
291
291
285
280
275
506
284
321
327
739
350
382
293
333
386
283
293
319
391
324
312
291
386
314
300
312
293
291
328
300
327
307
476
307
627
378
320
323
349
367
285
298
366
287
298
468
304
296
295
314
356
284
281
291
296
289
347
441
365
394
351
406
435
320
497
713
309
324
365
285
287
290
299
304
306
299
838
618
483
507
415
440
428
364
376
365
530
320
306
349
458
527
384
448
353
389
919
425
396
404
310
399
384
319
348
314
381
369
322
319
305
344
338
385
409
331
312
446
332
738
500
502
310
312
311
319
308
296
300
305
302
355
357
286
299
306
293
298
332
321
301
314
296
314
423
316
336
289
297
352
352
426
362
354
327
439
446
374
330
336
347
392
286
340
312
318
355
346
312
296
298
297
303
322
293
300
415
308
462
400
300
297
641
914
630
511
410
394
438
464
374
406
353
337
543
400
303
389
374
298
553
310
379
289
289
313
366
464
682
495
418
444
334
290
290
289
309
535
520
316
443
289
521
369
293
371
334
331
280
407
326
303
296
307
303
341
324
315
371
299
334
354
384
365
302
303
304
385
302
288
279
290
292
280
362
287
316
295
312
576
367
368
312
365
375
458
313
325
322
309
392
318
413
326
387
307
292
402
334
292
298
339
350
290
284
286
308
288
376
278
277
294
285
287
325
308
279
292
314
285
337
367
287
284
289
286
423
359
319
308
301
322
326
360
631
352
337
503
284
284
330
282
494
356
345
282
287
378
287
286
286
263
285
308
303
282
284
372
287
602
513
456
347
299
303
302
358
291
316
279
287
358
277
312
300
350
308
435
435
438
335
302
308
320
353
314
342
290
359
297
322
276
270
376
283
283
302
285
535
659
583
444
549
476
354
410
356
643
565
398
812
352
438
337
387
315
360
319
327
344
396
310
302
570
383
394
397
316
335
308
307
319
310
301
359
311
334
298
418
303
280
294
292
339
312
292
314
375
313
343
349
340
322
297
340
319
390
359
310
438
365
416
418
346
557
355
374
312
286
410
383
285
284
343
287
312
282
283
298
424
317
298
535
360
292
357
286
327
495
300
613
324
284
291
284
312
409
395
302
301
291
439
313
283
361
477
400
296
287
297
426
282
282
280
347
299
323
315
350
411
351
296
298
289
304
357
297
434
375
410
543
357
400
311
372
388
383
405
342
343
370
325
330
337
298
563
403
304
292
400
586
353
451
310
396
437
387
326
367
681
387
822
720
564
535
538
448
583
744
764
771
772
900
1302
849
893
922
636
563
469
426
501
520
455
429
369
546
417
368
339
287
395
327
288
313
377
447
314
384
343
393
322
315
319
447
321
394
311
340
344
302
318
410
394
327
387
351
382
299
298
292
321
364
275
312
352
325
304
316
312
345
295
292
325
315
340
344
318
314
321
342
318
310
299
293
364
298
515
331
376
282
280
410
296
343
286
277
319
380
298
281
283
419
372
286
282
354
392
297
281
289
