2061300
38084
39633
72020
84590
80220
39690
76327
40857
66753
38053
33517
32208
32303
493524
37692
30483
29226
29966
29905
35549
38063
36757
35983
31317
29820
45714
35054
807065
24831
22951
28655
23097
24823
22669
55309
25077
57334
24017
25131
21815
24858
24354
32791
24006
23486
22965
27866
24572
36089
32052
24509
23948
11671
10469
11534
13435
11182
10744
10519
18058
11842
10425
15361
10889
10604
10534
10460
13836
11636
10843
9712
15325
10826
14363
9610
9955
9966
12125
10627
9750
9813
10275
25581
10143
11434
10450
10279
10101
11146
10615
9973
10150
10010
10811
25327
10239
10060
10012
11089
10069
10068
11758
10847
10852
11831
58105
14063
23160
2322
2373
2412
2382
2292
2247
2298
2352
2240
2317
2129
2204
3036
3012
2391
2394
2326
2451
2314
2362
2215
2403
2191
2346
2222
2394
2228
2246
2338
2377
2246
1962
2289
12977
3821
4088
2591
2569
2236
3676
2438
2463
2892
2483
2604
2217
2315
17450
2455
2986
2356
2264
2341
2358
2809
2293
2336
2171
2352
2495
2287
2241
2546
2275
3176
2850
2533
2200
2388
2653
2132
2429
2201
2271
2528
2299
2301
2218
8881
2681
2267
2381
2638
2280
2243
2365
2199
2225
2355
2234
2420
2299
2282
2283
2283
2227
2194
2459
2233
2423
2381
2282
2205
2166
2399
2246
2148
2291
2283
2232
2324
2335
5880
5414
5627
5386
5716
5676
5790
5700
5686
5537
5477
5853
5506
5487
5834
5537
5530
5370
5517
5590
5640
5527
5444
5596
5863
6677
5480
5910
5607
5544
5957
5423
5420
5734
46370
6246
42266
4733
4453
4847
4754
4313
4466
4307
4997
4650
4387
4887
4813
5153
4800
4940
4803
4990
5010
4730
4893
4647
26870
4413
4734
5293
4966
4830
4997
5067
5066
4643
4883
4540
4917
4720
5010
4837
4970
2363
1862
1838
1799
2772
2053
2044
4053
2081
2243
2532
2063
2072
1879
2116
2332
2054
2062
1945
2029
1862
1972
1880
1988
1955
2270
2026
1856
1978
2082
2645
2205
1959
2032
1996
2002
2088
2090
2116
2181
2004
1972
2269
2133
2143
1939
2247
2039
2075
2053
2001
1950
3964
2229
2295
2092
1906
1937
1982
2539
2083
2117
1985
1973
2337
2211
2088
1938
2157
2450
2132
1991
1914
1915
2163
15056
1985
1970
2033
2326
2004
1915
1995
2031
2307
1932
1951
2029
2010
2221
2039
1937
2118
2724
1928
2046
1891
2000
2084
2055
1966
1999
1907
1953
2112
2162
2367
2028
2143
2364
2115
2121
2088
2183
2189
2067
2413
2185
2101
2148
2076
2342
2320
2065
2093
2058
2148
1869
2189
2177
2206
2159
2110
2167
2220
2126
2185
2096
2296
2299
2160
2025
2158
2154
2242
2337
2143
2138
2187
2050
2201
2662
2462
2287
2753
2480
2239
2468
2396
2534
2246
2382
2360
2362
2393
2516
2290
44482
2652
2684
2222
2264
2529
2774
2263
2762
2725
2604
2377
2365
2485
2146
2326
2686
2528
2409
2733
4055
2630
2350
2709
2192
2194
2529
2132
2553
2016
2369
2218
2298
2883
2728
2334
2757
3122
2352
2774
2469
2430
2311
2221
2109
2383
2836
2216
2176
2297
2104
2459
2477
2475
2204
2261
2318
3107
2236
2192
2062
2121
2181
3726
2325
2153
2165
2378
2764
2400
2278
2044
2232
2125
2166
2249
2307
2230
2535
2425
2565
2325
2190
2138
2066
2167
2130
2323
2113
2589
2230
2171
167408
2484
2470
2108
26896
13189
1248
1213
1141
1087
1166
1184
1292
1077
1131
1212
1043
1353
1089
1090
1138
1271
1436
1168
1185
1112
1107
1335
1154
1113
1110
1124
1320
1408
1175
1220
1207
1153
1133
1237
1183
1177
1139
1164
1189
1222
1172
1201
1138
1129
1054
1070
1233
1179
1263
1135
1177
1152
1014
1099
2945
1117
1144
1086
1093
1311
1126
1165
1070
1200
1166
1152
1216
1092
1109
1120
1143
1221
1192
1183
1135
1124
1110
1120
1132
1087
1168
1101
1042
1080
1094
1056
1020
1105
982
1194
1114
1101
1150
1143
1194
1111
1161
1209
1134
1066
1106
1170
1107
1162
1203
1211
2283
1224
1240
1210
1258
1177
1543
1251
1212
1189
1233
1263
1190
1398
1176
1199
1218
1294
1559
1281
1191
1265
1171
1259
1210
1178
1179
1143
1149
1243
1211
1189
1151
1168
1174
1166
1172
1230
1151
1166
1178
1261
1231
1190
1344
1165
1225
1325
1269
1281
1223
1140
1236
1354
1202
1106
1237
1169
1150
1173
1278
1204
1147
1220
1217
1211
1253
1282
1160
1318
1260
1181
1232
1210
1193
1206
1199
1181
1142
5369
1186
1157
1235
1279
1304
1230
1206
1544
1176
1199
1222
1163
1294
1162
1277
1229
1206
1601
1197
1230
1186
1160
1900
1244
1238
1253
1303
1189
1313
1295
1392
1270
1345
1291
1276
1331
1202
1261
1203
1256
1230
1296
1190
1167
1209
1265
1238
1253
1144
1267
1154
1389
1217
1323
1316
1214
1242
1355
1244
1160
1320
1161
1165
1189
1240
1222
1256
1183
1331
1282
1230
1157
1190
1251
1204
1214
1255
1256
1116
1144
1252
1201
1270
1204
1208
1216
1181
1260
1242
1164
1167
1534
1440
1214
1209
1295
1137
1263
1197
1267
2936
2813
2877
3040
3050
3067
2874
2723
3010
2897
2833
2874
2936
2790
2897
2824
3030
3070
3966
3004
2883
2850
2824
2793
2793
2790
2813
2853
2990
4050
3007
2714
2874
3340
2660
3111
2970
3607
3077
2823
2810
2963
3444
3533
4213
2870
3037
3097
2847
3020
3503
2813
2767
2853
61793
3027
3066
2807
2896
2910
3007
3140
2904
3160
2947
2756
2967
2910
2880
2943
2807
3437
3033
3057
2910
2870
3033
1211
1222
1197
1221
1513
1308
1168
1186
1234
1275
1205
1276
1241
1367
1264
1283
1283
1180
1221
1144
1181
1124
1167
1324
1345
1151
1193
1200
1219
1147
1217
1104
1121
1180
1120
1268
1229
1186
1137
1209
1197
1205
1178
1206
1313
1252
1169
1289
1249
1230
1284
1211
1161
1422
1363
1181
1131
1212
1120
1193
1138
1183
1302
1375
1190
1473
1412
1271
1217
1509
1151
1233
1265
1159
1190
1228
1175
1223
1202
1219
1201
1166
1146
1172
1177
1207
1189
1173
1166
1238
1394
1251
1243
1189
1218
1199
1230
1168
1240
1217
1168
1200
1232
1113
1172
1296
1164
1610
1256
1349
1175
1299
1224
1183
1257
1280
1281
1233
1226
1203
1296
1386
1258
1350
1353
1272
1332
1194
1165
1172
1150
1233
1319
1259
1146
1306
1186
1207
1161
1239
1142
1174
1075
1155
1237
1255
1169
1714
1170
1170
1196
1289
1096
1187
1158
1353
1282
1188
1113
1232
1163
1214
1267
1234
1311
1264
1327
1184
1218
1213
1215
1273
1268
1247
1180
1203
1213
1170
1169
1209
1189
1257
1063
1075
1125
1102
1349
1156
1299
1147
1098
1159
1131
1187
1148
1034
1139
1137
1177
1220
1241
1360
1263
1346
1234
1338
1214
1159
1219
1281
1161
1333
1256
1202
1159
1240
1217
1244
1236
1193
1185
1196
1194
1224
1144
1305
1203
1329
1236
1266
1198
1236
1167
1182
1217
1197
1263
1168
1196
1151
1139
1212
1198
1144
1179
1139
1185
1129
1364
1166
1226
1174
1202
1177
1180
1166
1140
1178
1159
1241
1453
1323
1161
1177
1216
1190
1190
1232
1311
1250
1234
1206
1219
1227
1283
1192
1204
1181
1219
1245
1212
1202
1459
1209
1146
1239
1259
1170
1193
1279
1207
1160
1243
1298
1222
1157
1156
1192
1160
1123
1157
1228
1153
1112
1222
1095
1251
1181
1264
1220
1191
1201
1192
1201
1185
1186
1225
1159
1208
1186
1198
1209
1156
1225
1235
1235
1198
1260
1214
1274
1307
1157
1232
1257
1289
1290
1163
1221
1234
1197
1207
1235
1239
1093
1303
1248
1231
1200
1170
1160
1219
1286
1195
1178
1179
1236
1224
1232
1189
1184
1137
1205
1198
1457
1156
1203
1242
1247
1221
1182
1425
1320
1124
1182
1163
1224
1202
1183
1155
1191
1126
1261
1846
1169
1167
1146
1203
1163
1175
1321
1166
1404
1231
1152
1249
1306
1210
1212
1268
1255
1154
1154
1148
1172
1132
1252
1215
1212
2124
1211
1286
1132
1236
1212
1189
1180
1141
1226
1181
1123
1092
1144
1168
1200
1157
1137
1472
1289
1127
1218
1135
1186
1178
1353
1304
1161
1568
1272
1266
1247
1250
1279
1286
1194
1136
1157
1303
1265
1284
1437
1244
1185
1293
1209
1102
1194
1167
1153
1236
1353
1131
1154
1171
1181
1169
1638
1223
1220
1303
1126
1116
1224
1218
1183
1231
1559
1662
1369
1217
1242
1203
1361
1319
1236
1154
1092
1210
1218
1123
1148
1202
1317
1279
1231
1212
1171
1186
1276
1207
1237
1148
1202
1240
1264
1343
1242
1159
1207
1205
1297
1250
1190
1202
1161
1216
1255
1231
1237
1184
1157
1165
1188
1143
1267
1217
1260
1165
1199
1153
1253
1132
1181
1142
1017
1192
1194
1193
1197
1192
1140
1176
1122
1196
1184
1162
1170
1188
1158
1098
1167
1247
1153
1106
1143
1172
1171
1160
1159
1237
1163
1222
1162
1204
1171
1190
1277
1103
1159
1142
1209
1184
1149
1225
1161
1473
1120
1170
1178
1158
1209
1129
1200
1153
1108
1184
1155
1255
2827
1075
1171
1160
1211
1229
1173
14270
1171
1284
1216
1172
1153
1181
1271
1137
1207
1179
1226
1172
1176
1186
1641
1120
1158
1220
1153
1222
1134
1247
1173
1156
1189
1124
1177
1208
1127
1209
1237
1641
1180
1122
1201
1148
3857
1158
1166
1209
1276
1286
1088
1145
1245
1137
1184
1168
1185
1133
1154
1178
1173
1248
1237
1226
1319
1138
1255
1176
1131
1258
1157
1129
1092
1110
1501
1200
1150
1131
1176
1190
1155
1159
1197
1351
1169
1213
1094
1120
1154
1173
1185
1188
1200
1210
1261
1152
1129
1188
1110
1174
1708
1286
1212
1212
1188
1133
1193
1243
1165
1262
1133
1138
1163
1505
1191
1168
1164
1187
1211
1267
1210
1193
1139
1239
1373
1226
1188
1234
1189
1536
1144
1115
1214
1207
1320
1161
1121
1194
1139
1405
1259
1168
1179
1156
2625
1175
1182
1224
1236
1173
1195
1225
1213
1223
1122
1070
1218
1223
1180
1195
1108
1180
1158
1152
1238
1122
1234
1201
1143
1180
1168
1184
1131
1196
1159
1133
1148
1026
1057
1153
1147
1235
1142
1103
1154
1086
1166
1189
1126
1187
1098
1131
1202
1229
1227
1593
1092
1119
1115
1182
1200
1179
1148
1089
1176
1136
1129
1150
1144
1247
1153
1136
1122
1160
1176
1121
1143
1058
1038
1042
1161
1200
1158
1141
1100
1193
1188
1206
1118
1199
1213
1154
1173
1212
1245
1211
1156
1186
1144
1185
1118
1175
1241
1192
1174
1170
1246
1160
1183
1286
1137
1159
1150
1208
1129
1174
1167
1032
1210
1078
1215
1156
1156
1113
1134
1126
1215
1193
1201
1135
1164
1242
1185
1165
1239
1199
1165
1187
1147
1140
1160
1158
1173
1149
1139
1218
1072
1246
1124
1197
1211
1147
1226
1189
1204
1034
1201
1096
1105
1220
1104
1120
1155
1141
1159
1164
1195
1199
1181
1278
1135
1150
1204
1236
1188
1176
1176
1156
1175
1208
1206
1139
1129
1158
1165
1235
1221
1194
1210
1190
1126
1165
1234
1153
1144
1241
1182
1192
1242
1183
1153
1218
1194
1203
1240
1164
1185
1117
1147
1143
1206
1220
1134
1167
1170
1157
1230
1175
1160
1214
1150
1207
1181
1264
1109
1146
1275
1130
1105
1243
1175
1196
1158
1198
1131
1165
1159
1144
1215
1182
1247
1134
1218
1138
1191
1724
1146
13745
1140
1184
1127
1200
1147
1100
1201
1070
1178
1195
1189
1224
1129
1170
1055
1222
1204
1200
1213
1214
1196
1204
1570
1192
1125
1201
1116
1159
1094
1951
1212
1234
1171
1187
1136
1182
1202
1463
1498
1444
1265
1298
1137
1148
1143
1144
1163
1022
1137
1183
1217
1163
1205
1228
1191
1137
1229
1165
1144
1135
1200
1206
1178
1161
1171
1082
1193
1154
1128
1172
1202
1208
1155
1201
1213
1213
1172
1166
1197
1187
1149
1121
1181
1168
1170
1124
1218
1193
1180
1222
1126
1168
1142
1010
1199
1170
1193
1246
1167
1154
1188
1205
1173
1200
1191
1154
1189
1150
1140
1192
1159
1173
1134
1132
1164
1180
1110
1226
1245
1158
1171
1154
1182
1180
1181
1141
1176
1173
1109
1174
1126
1147
1137
1163
1133
1163
2807
1171
1222
1085
1167
1183
1187
1212
1183
1064
1152
1196
1218
1155
1147
1163
1142
1123
1226
1186
1200
1148
1091
1180
1135
1219
1130
1187
1504
1197
1117
1165
1165
1159
1149
1187
1133
1175
1187
1230
1295
1143
1092
1113
1130
1129
1249
1256
1155
1115
1203
1150
1162
1221
1189
1213
1134
1145
1161
1143
1216
1150
1084
1110
1159
1110
1147
1143
1176
1173
1102
1192
1088
1145
1206
1153
1239
1270
1157
1173
1138
1154
4415
1201
1172
1394
1202
1168
1133
1172
1127
1110
1021
1089
1244
1202
1128
1224
1266
1085
1156
1182
1231
1138
1137
1234
1169
1146
1186
1432
1151
1133
1164
1210
1146
1110
1084
1233
1172
4368
1130
1213
1158
1141
1169
1121
1140
1209
1132
1155
1154
1234
1166
1180
1153
1158
1192
1112
1142
1056
1150
1108
1152
1038
1115
1145
1144
1164
1103
1098
1142
1129
1196
1105
1098
1098
1165
1187
1854
1168
1135
1120
1352
1029
1110
1155
1188
1110
1216
1102
1173
1157
1180
1100
1152
1116
1173
1147
1172
1184
1106
1104
1181
1085
1153
1154
1159
1174
1140
1169
1161
1083
1129
1120
1123
1118
1171
1163
1195
1121
1175
1186
1147
1161
1147
1164
1161
1200
1128
1163
1096
1165
3079
1086
1163
1252
1151
1172
1175
1156
1112
1149
1136
1121
1139
1130
1225
1169
1038
1085
1290
1178
1102
1138
1119
1149
1121
1186
1195
1142
1156
1102
1073
1116
1154
1113
1176
1171
1158
1142
1195
1102
1199
2225
1209
1128
1126
1126
1130
1412
1129
1119
1192
1118
1137
1196
1147
1149
1159
1165
1160
1179
1175
1062
1249
1110
1149
1130
1143
1189
1188
1158
1123
1218
1164
1174
1132
1072
1114
1102
1185
1153
1078
1145
1093
1152
1150
1177
1182
1100
1088
1133
1069
1210
1195
1210
1175
1169
1080
1208
1178
1119
1166
1141
1090
1076
1160
1154
1127
1138
1103
1137
1031
995
1057
1130
1168
1166
1131
1134
1128
1180
1157
1159
1141
1144
1176
1047
1145
1152
1255
1212
1061
1135
1177
1137
1163
1160
1168
1154
1164
1166
1096
1173
1094
1168
1188
1151
1066
1123
1183
1102
1221
1143
1062
1091
1072
1067
1090
1153
1194
1175
1174
1070
1165
1143
1202
1181
1186
1204
1122
1199
1144
1148
1156
1165
1195
1142
1219
1139
1193
1183
1114
1214
1185
1194
1130
1127
1174
1093
1119
1192
1102
1133
1170
1204
1158
1216
1141
1202
1184
1127
1132
1230
1218
1177
1274
1208
1178
1221
1166
1086
1166
1157
1179
1117
1070
1020
1179
1170
1132
1157
1269
1175
1150
1143
1133
1182
1196
1172
1138
1172
1156
1170
1109
1166
1160
1103
1136
1157
1134
1220
1126
1198
1149
1149
1164
1158
1173
1145
1205
1128
1149
1178
1184
1163
1105
1134
1101
1117
1179
1187
1160
1160
1199
1151
1192
1160
1127
1192
1186
1189
1200
1196
1181
1189
1137
1188
1176
1161
1164
1163
1130
1160
1162
1145
1138
1166
1195
1109
1145
1141
1140
1099
1175
1165
1223
1189
1183
1172
1194
1162
1202
1212
1247
1138
1178
1179
1121
1181
1171
1158
1198
1174
1149
1115
1197
1192
1172
1158
1148
1497
1085
1171
1164
1129
1123
1159
1131
1149
1163
1178
1154
1167
1237
1121
1144
1195
1205
1175
1177
1190
1204
1082
1137
1155
1184
1164
1135
1132
1219
1130
1167
1143
1162
1134
1196
1155
1136
1200
1252
1193
1187
1139
1182
1149
1076
1201
1113
1190
1205
1229
1173
1211
1115
1194
1180
1091
1119
1098
1207
1142
1116
1188
1200
1180
1209
1149
1174
1158
1138
1175
1197
1239
1131
1138
1138
1243
1101
1141
1101
1122
1140
1175
1105
1148
1174
1132
1120
1126
1138
1232
2824
2780
5644
3484
2806
2773
2787
2934
2677
2790
2763
2703
2773
2834
2700
2973
3080
2857
2833
2857
2850
2893
2806
2977
2840
2774
2743
2727
2750
2930
2690
2856
2884
2723
2810
3050
2690
2847
3237
2850
3466
2813
2830
2830
2846
3030
2863
2907
2776
2724
2750
2686
2700
2736
3123
2780
2863
2896
2790
2840
2890
2840
2870
2840
2834
2834
2853
2757
2826
2740
2747
2773
2760
2646
2837
3037
2914
2717
2940
2857
3017
2817
2690
2920
2887
2973
2890
2996
2593
2743
2964
2786
2863
2850
2796
2780
2827
2783
1110
1176
1150
1163
1185
1111
1155
1108
1100
1112
1053
1145
1114
1132
1172
1141
1158
1133
1227
1166
1123
1634
1107
1082
1164
1146
1128
1147
1189
1136
1147
1154
1125
1137
1134
1620
1262
1136
1194
1185
1177
1318
1177
1085
1177
1166
1276
1149
1172
1679
1208
1193
1162
1143
1144
1212
1146
1183
1193
1167
1143
1202
1142
1198
1194
1167
1145
1119
1153
1167
1178
1156
1127
1202
1133
1118
1105
1203
1126
1174
1131
1136
1184
1187
1178
1178
1121
1167
1136
1152
1144
1140
1138
1113
1185
1144
1153
1109
1126
1149
1150
1144
1186
1123
1173
1111
1138
1082
1149
1211
1142
1164
1142
1185
1133
1436
1142
1116
1162
1102
1189
1186
1152
1161
1108
1183
1177
1115
1160
1199
1128
1152
1133
1163
1255
1153
1199
1183
1131
1166
1230
1189
1165
1135
1157
1126
1131
1157
1199
1178
1202
1159
8059
1144
1154
1127
1137
1156
1157
1174
1153
1187
1183
1147
1138
1209
1126
1178
1197
1154
1169
1132
1356
1138
1175
1104
1112
1170
1184
1164
1110
1024
1070
1084
1228
1217
1136
1129
1158
1157
1185
2757
1181
1109
1166
1128
1195
1149
1198
1210
1144
1129
1123
1153
1127
1163
1108
1150
1136
1106
1164
1193
1136
1154
1201
1231
1153
1115
1184
1173
1132
1134
1152
1197
1148
1150
1110
1128
1043
1132
1185
1146
1104
1158
1140
1202
1188
1166
1158
1158
1099
1206
1190
1209
1239
1413
1173
1173
1168
1224
1224
1200
1240
1177
1235
1201
1165
1183
1240
1201
1204
1246
1191
1177
1215
1224
1231
1218
1212
1175
1198
1282
1191
1518
1181
1226
1217
1194
1178
1262
1208
1228
1218
1250
1130
1220
1187
1184
1173
1233
1169
1231
1145
1158
1185
1276
1234
1215
1225
1193
1218
1209
1149
1152
1183
1251
1161
1216
1133
1221
1167
1181
1165
1195
1202
1218
1231
1245
1252
1172
1257
1193
1190
1163
1199
1177
1168
1231
1210
1154
1222
1216
1214
1180
1172
1142
1249
1207
1141
1202
1192
1207
1220
1218
1149
1181
1152
1242
1192
1160
1284
1160
1184
1145
1189
1271
1208
1150
1229
1121
1163
1194
1220
1232
1202
1256
1257
1236
1171
1200
1201
1157
1171
1194
1167
1186
1125
1192
1182
1234
1221
1149
1199
1170
1123
1178
1166
1177
1204
1205
1432
1224
1238
1198
1161
1330
1306
1166
1190
1207
1321
1270
1205
1251
1247
1242
1141
1185
1231
1211
1415
1222
1231
1226
1220
1418
1220
1200
1283
1228
1410
1164
1218
1198
1223
1243
1225
1240
1195
1221
4996
1258
1214
1212
1227
1211
1205
1210
1196
1239
1226
1214
1213
1316
1232
1218
1507
1250
1184
1165
1224
1215
1753
1297
1189
1210
1249
1233
1242
1238
1394
1226
1273
1216
1266
1263
1197
1243
1165
1266
1194
1234
1164
1171
1139
1203
1192
1231
1151
1149
1109
1156
1134
1185
1195
1183
1263
1144
1194
1176
1228
1227
1187
1235
1231
1223
1196
1204
1177
1179
1253
1229
1785
1555
1531
1597
1744
1715
1509
1630
1651
1642
1703
1536
1544
1721
1496
1510
1503
1281
1256
1247
1512
1468
1499
1470
1418
1514
1167
1202
1200
1221
1290
1213
1277
1191
1182
1261
1224
1363
1238
1174
1218
1206
1203
1204
1190
1179
1249
1183
1275
1211
1268
1273
1238
1267
1199
1214
1225
1356
1248
1209
2127
1301
1238
1215
1297
1276
1411
1202
1315
1178
1252
1222
1231
1234
1230
1235
1218
1221
1222
1260
1241
1198
1261
1252
1230
1218
1294
1225
1249
1245
1216
1213
1254
1233
1231
1275
1195
1209
1237
1207
1149
1174
1201
1198
1229
1226
1246
1203
1312
1238
1611
1236
1252
1243
1180
1223
1255
1199
1152
1143
1220
1208
1216
1235
1239
1205
1226
1264
1372
1310
1208
1237
1249
1155
1208
1143
1207
1204
1194
1213
1240
1204
1199
1284
1239
1225
1201
1232
1289
1171
1212
1310
1214
1261
1170
1202
1275
1218
1172
1233
1241
1206
1242
1229
1200
1248
1203
1253
1213
1241
1156
1216
1225
1215
1182
1165
1235
1121
1186
1186
1280
1261
1260
1228
1246
1196
1204
1223
1270
1249
1154
1244
1138
1214
1227
1199
1231
1256
1240
3000
3067
3600
2880
2991
2940
3014
3170
2997
3934
3000
2900
2957
3064
3120
2956
3040
2960
2997
3154
3150
3006
2917
3074
3720
3223
3186
2970
3120
3030
2996
10977
2966
2997
2900
3140
2940
3036
3027
3047
3116
2903
3556
3063
3037
3026
3077
3064
3010
3060
3140
3033
3036
2796
2900
3616
2920
3040
3140
2951
2943
3100
2923
3104
3004
2927
3046
2887
3054
10303
3090
3000
3034
2967
2980
3030
2977
2977
2953
3037
3037
2913
3074
3020
3096
3047
2970
3013
2786
12576
3086
3167
2874
2883
2877
3027
3063
2930
2910
3054
1348
1253
1240
1202
1226
1246
1246
1218
1201
1280
1219
1230
1213
1255
1239
1249
1191
1162
1207
1246
1175
1199
1168
1264
1164
1247
1216
1270
1208
1278
1194
1159
1238
1186
1305
1259
1251
1200
1240
1251
1240
1147
1222
1229
1203
1289
1252
1243
1199
1209
1253
1248
1296
1188
1224
1175
1215
1195
1197
1200
1181
1264
1208
1180
1224
1252
1241
1263
1206
1162
1642
1245
1222
1265
1272
1284
1290
1293
1200
1261
1291
1134
1215
1194
1216
1169
1189
1154
1237
1197
1212
1175
1220
1151
1153
1234
1277
1264
1210
1245
1226
1188
1267
1200
1214
1166
1254
1199
1248
1203
1215
1180
1256
1260
1224
1224
1267
1195
1268
1234
1222
1230
1241
1235
1216
1195
1200
1215
1273
1195
1234
1260
1297
1227
1254
1275
1242
1228
1173
1252
1200
1280
1219
1208
1220
1281
1178
1246
1291
1203
1207
1301
1248
1307
1282
1244
1215
1227
1283
1240
1199
1262
1181
1139
1188
1246
1268
1243
1218
1262
1228
1210
1286
1248
1219
1249
1202
1248
1188
1234
1294
1237
1151
1236
1240
1281
1221
1240
1200
1261
1249
1281
1203
1218
1122
1142
1144
1187
1109
1306
1190
1237
4107
1254
1246
1283
1144
1422
1564
3919
1187
1156
1210
1254
1287
1248
1240
1239
1268
1390
1179
1272
1212
1120
1221
1204
1146
1111
1179
1237
1210
1229
1206
1240
1197
1104
1241
1644
1610
1472
2822
1710
1591
1564
1301
1205
1238
1178
1247
1226
1251
1114
1115
1090
1190
1126
1153
1194
1231
1189
1262
1195
1247
1233
1229
1194
1204
1263
1169
1166
1206
1211
1228
1208
1885
1097
1101
1111
1145
1199
1206
1167
1220
1206
1177
1247
1253
1213
1401
1285
1294
1220
1292
1194
1184
1205
1262
1241
1213
1197
1252
1223
1217
1207
1229
1213
1231
1210
1237
1201
1200
1242
1152
1269
1206
1195
1193
1287
1143
1187
1250
1275
1246
1214
1196
1264
1243
1218
1171
1229
1245
1168
1232
1222
1199
1228
1258
1260
1215
1213
1197
1288
1342
1272
1227
1207
1211
1228
1237
1241
1210
1178
1294
1279
1242
1216
1222
1214
1199
1301
1222
1224
1252
1200
1237
1232
1248
1208
1333
1239
1185
1239
1193
1262
1238
1176
1176
1245
1241
1216
1262
1252
1238
1260
1220
1222
1190
1430
1194
1250
1286
1229
1217
1208
1284
1186
1220
1197
1185
1205
1203
1204
1188
1201
1249
1200
1256
1219
1184
1260
1185
1320
1229
1223
1218
1246
1217
1230
1184
1261
1238
1236
1231
1229
1244
1204
1238
1225
1183
1206
1205
1235
1259
1185
1205
1272
1271
1211
1166
1197
1266
1230
1219
1211
1211
1206
1317
1195
1234
1206
1253
1154
1162
1213
1197
1191
1218
1162
1266
1104
1189
1092
1215
1172
1195
1361
1216
1201
1277
1221
1217
1261
1259
1236
1253
1321
1214
1207
1253
1185
1196
1244
1114
1202
1124
1232
1133
1185
1258
1151
1169
1222
1301
1278
1161
1205
1172
1228
1199
1262
1193
1301
1211
1206
1226
1133
1193
1066
1143
1185
1240
1244
1200
1220
1267
1169
1202
1229
1198
1206
1230
1612
1196
1122
1231
1233
1109
1210
1218
1214
1241
1266
1220
1238
1284
1235
1246
2352
1233
1232
1266
1411
1205
1247
1290
1250
1220
1237
1245
1191
1253
1198
1242
1191
1244
1225
1308
1224
1174
1224
1168
1298
1217
1235
1224
1201
1208
1252
1185
1225
1212
1277
1192
1230
1257
1242
1264
1304
1202
1188
1239
1206
1205
1164
1281
1212
1257
1232
1240
1271
1240
1214
1289
1264
1220
1207
1270
1283
1211
1230
1218
1237
1257
1215
1194
1212
1251
1224
1232
1285
1279
1244
1311
1251
1257
1257
1226
1248
1246
1278
1226
1189
1222
1195
1241
1259
1215
1237
2040
1264
1261
1277
1234
1241
1212
1217
1195
1206
1223
1245
1215
1322
1216
1293
1277
1341
5079
4451
1260
1209
1229
1213
1298
1248
1232
1272
1180
1272
1227
1227
1234
1270
1221
1251
1290
1214
1239
1243
1237
1226
1234
1314
1244
1203
1223
1246
1385
1244
1245
1227
1264
1265
1251
1232
1251
1246
1295
1217
1267
1237
1280
1291
1308
1261
1238
1439
1374
1228
1307
1326
1268
1220
1268
1247
1289
1251
1276
1257
1242
1250
1311
1286
1199
1249
1258
1235
1247
1246
1261
1275
1291
1280
1209
1236
1208
1194
1374
1213
1219
1280
1249
1225
1257
1231
1287
1280
1351
1214
1253
1248
1211
1151
1158
1202
1276
1237
1211
1238
1289
1261
1486
1280
1203
1236
1229
3047
2993
2843
2927
3040
3434
3034
3060
2973
3054
2940
2974
2997
3030
2850
3013
3130
3150
3127
3003
2947
2957
3150
3083
3057
2913
3023
2780
2903
2844
2913
2970
3000
2863
3017
2990
3030
2913
2970
2930
2946
2846
3013
2987
2966
3090
2993
3146
3073
2823
2917
2913
3066
2990
3063
3054
2984
3697
2990
4986
3094
3143
3077
2880
2963
3067
3110
3000
2900
2970
2933
3090
3023
3080
3020
3143
3007
3153
2897
3116
2890
2860
2977
2924
3096
3147
2924
3070
3243
3060
3114
3120
2890
2880
2920
3040
3110
2957
2980
2890
3030
2964
2933
2943
2957
2951
3014
2887
3030
1259
1212
1275
1226
1175
1226
1244
1235
1296
1266
1128
1244
1257
1273
1279
1208
1226
1184
1191
1134
1193
1205
1254
1226
1253
1235
1404
1222
1292
1119
1225
1213
1206
1217
1145
1855
1240
1174
1118
1128
1209
1183
1193
1164
1149
1232
1280
1282
1248
1267
1220
1224
1212
1217
1204
1218
1270
1237
1221
1208
1240
1238
1167
1192
1201
1226
1318
1262
1239
1237
2152
1280
1292
1197
1414
1244
1297
1227
1288
1153
1248
1274
1325
1287
1275
1209
1130
1123
1239
1539
1254
1276
1287
1265
1186
1247
1236
1219
1206
1233
1353
1115
1175
1147
1139
1229
1223
1225
1264
1186
1274
1307
1287
1231
1314
1248
1238
1209
1297
1204
1272
1229
1174
1299
1239
1239
1254
1257
1289
1179
1230
1299
1241
1337
1262
1191
1159
1104
1293
1288
1251
1238
1269
1211
1204
1427
1187
1260
1234
1268
1251
1226
1197
1262
1217
1273
1227
1445
1306
1230
1250
1182
1273
1190
1230
1166
1234
1243
1200
1259
1177
1246
1241
1177
1185
1264
1225
1260
1210
1202
1200
1363
1235
1232
1202
1149
3490
1204
1273
1281
1225
1280
1196
1231
1229
1227
1572
1220
1306
1168
1267
1373
1203
1233
1262
1150
1318
1212
1194
1290
1258
4017
1209
1111
1184
1189
1177
1216
1222
1204
1231
1302
1206
1243
1141
1284
1229
1264
1286
1244
1243
1244
1246
1222
1245
1249
1237
1247
1243
1265
1220
1146
1281
1243
1307
1228
1206
1192
1222
1246
1264
1250
1239
1231
1263
1224
1200
1280
1161
1276
1282
1236
1202
1186
1155
1438
1133
1276
1206
1263
1291
1216
2980
2977
3143
3064
3027
3147
3207
2956
3044
2970
3226
3010
3060
3020
3074
3100
2954
3726
3453
3203
2980
3190
3166
3157
2994
2967
3087
3100
3000
3053
3023
2823
2934
3027
2937
2990
2880
2980
2946
3000
2976
3090
2987
2917
2920
3007
3053
2870
2893
2996
2980
3020
3053
3037
3117
2910
3026
3244
3174
3120
3103
2940
3107
3083
2933
2904
3067
2910
3087
3101
3013
2987
2943
2947
2954
2906
3407
3114
3100
3280
2984
2937
2874
3130
2960
2977
3130
3146
3177
2930
2880
3063
3067
3027
2990
2953
3730
3040
3133
3000
2897
2894
3863
2927
3277
3037
3020
2934
3037
3026
3020
2663
2592
2726
2569
2600
2617
2488
2517
2574
2523
2574
2523
2606
2591
2820
2528
2563
2660
2623
2534
2674
2443
2631
2689
2555
2483
2500
2677
2466
2551
2466
2592
2686
2560
2629
2494
3120
2609
2632
2700
2477
2542
2472
2629
2584
2540
2546
2577
2634
2574
2752
2538
2603
2625
2569
2680
2731
2512
2583
2483
2794
2578
2594
2534
2649
3137
2677
2660
2589
2434
2502
2534
2546
2586
2506
2540
2609
2628
2589
2509
2566
2562
2415
2509
2460
2477
2471
2488
2545
2560
2663
2568
2534
2517
2597
2529
2500
2551
2558
2414
2523
2526
2537
2463
2615
2612
2625
2591
2543
2646
2620
2534
2720
2605
2743
2540
2523
2629
2540
2571
2552
2514
2526
2640
2565
2620
2646
2574
2540
2651
2520
2629
2528
2466
2669
1214
1197
1248
1245
1188
1203
1768
1257
1157
1246
1224
1209
1201
1207
1211
1230
1197
1289
1237
1132
1185
1180
1247
1256
1170
1052
1144
1193
1145
1186
1202
1210
1236
1214
1212
1214
1278
1275
1263
1195
1135
1190
1241
1225
1187
1222
1235
1208
1196
1236
1201
1262
1185
1247
1205
1298
1173
1264
1273
1249
1210
1257
1211
1229
1208
1232
1272
1169
1182
1242
1140
1235
1134
1098
1188
1216
1182
1218
3996
1239
1160
1090
1214
1216
1190
1170
1186
1202
1208
1223
1003
1158
1217
1239
1200
1161
1166
1195
1212
1155
1156
1174
1232
1184
1163
1164
1167
1177
1141
1162
1140
1218
1191
1166
1111
1111
1157
1116
1263
1171
1246
1174
1114
1097
1189
1161
1203
1175
1160
1191
1140
1239
1221
1212
1146
1231
1153
1192
1214
1078
1190
1165
1159
1428
1192
1212
1139
1169
1150
1229
1181
1236
1166
1209
1242
1218
1179
1221
1150
1192
1268
1183
1196
1144
1138
1172
1300
1050
1177
1129
1165
1176
1170
1126
1139
1168
1185
1240
1154
1173
1201
1199
1150
1155
1206
1104
1142
1150
1412
1190
1224
1231
1207
1209
1247
1194
1234
1162
1180
1579
1223
1283
1145
1239
1180
1105
1200
1234
1223
1261
1170
1182
1223
1211
1184
1156
1207
1109
1076
1186
1181
1200
1137
1212
1162
1194
1194
1203
1194
1182
1249
1170
1175
1201
1181
1278
1235
1182
1159
1225
1210
1210
1219
1204
1177
1197
1158
1065
1090
1198
1246
1221
1188
1154
1175
1217
1200
1192
1162
1234
1180
1201
1141
1160
1190
1160
1177
1184
1212
1178
1181
1256
1135
1201
1214
1250
1207
1146
1201
1239
1257
1261
1281
1262
1328
1425
1282
1276
1263
1269
1276
1247
1340
1310
1296
1333
1331
1211
1317
1255
1328
1276
1207
1286
1228
1265
1264
1378
1283
1232
1278
1263
1241
1270
1344
1286
1237
1323
1277
1291
1245
1315
1234
1272
1335
1384
1310
1288
1321
1280
1290
1228
1350
1249
1312
1340
1289
1274
1279
1361
1317
1243
1311
1300
1318
1395
1270
1327
1241
1252
3138
1360
1240
1319
1243
1452
1270
1295
1277
1280
1321
1318
1386
1314
1295
1265
1281
1315
1295
1280
1454
1321
2217
1212
1252
1277
1350
1331
1393
1286
1271
1257
1306
1330
1266
1267
1242
1302
1284
1293
1250
1278
1231
1258
1269
1260
1264
1228
1255
1296
1263
1274
1311
1286
1225
1315
1307
1266
1249
1324
1336
1284
1267
1237
1264
1304
1280
1229
1255
1259
1289
1366
1279
1285
1298
1278
1318
1241
1341
1313
1249
1252
1275
1360
1254
1309
1238
1253
1283
1363
1246
1298
1286
1282
1237
1255
1227
1292
1293
1248
1322
1276
1260
1265
1250
1343
1281
1263
1277
1376
1265
1257
1243
1258
1246
1254
1277
1248
1316
1273
1240
1296
1276
1286
1272
1288
1281
1287
1240
1270
1282
1355
1253
1241
1518
1324
1352
1302
1252
1245
1257
1260
1293
1291
1298
1241
1240
1303
1240
1295
1395
1285
1367
1272
1275
1252
1334
1275
1327
1240
1261
1271
1346
1303
1260
1255
1240
1331
1283
1268
1261
1289
1257
2435
1313
1242
1293
1312
1270
1322
1297
1211
1266
1288
1313
1539
1248
4366
1350
1323
1340
1381
1348
1323
1300
1230
1166
1183
1136
1147
1243
1250
1810
1200
1152
1192
1156
1188
1228
1192
1225
1257
1252
1270
1224
1164
1162
1251
1191
1165
1190
1213
1257
1199
1200
1205
1194
2872
1236
1218
1205
1224
1211
1208
1243
1177
1243
1338
1253
1206
1158
1181
1164
1223
1143
1214
1222
1224
1267
1190
1201
1169
1430
1158
1228
1201
1210
1238
1154
1230
1152
1237
1536
1159
1167
1240
1178
1184
1196
1317
1232
1225
1167
1213
1155
1198
1173
1226
1277
1183
1233
1146
1182
1188
1213
1215
1194
1199
1202
1176
1172
1225
1205
1158
1197
1212
1189
1202
1234
1208
1155
1218
1124
1249
1214
1275
1190
1247
1233
1261
1232
1242
1214
1226
1279
1281
1294
1258
1203
1244
1358
1268
1246
1214
1244
1600
1249
1197
1182
1155
1190
1241
1263
1126
1191
1263
1265
1197
1240
1219
1248
1229
1218
1401
1241
1263
1217
1262
1167
1244
1171
1206
1227
1246
1223
1238
1185
1244
1195
1214
1215
1225
1262
1266
1255
1232
1254
1826
1280
1270
1221
1244
1197
1199
1221
1191
1256
1203
1214
1194
1282
1241
1244
1198
1288
1281
1235
1211
1202
1206
1250
1249
1246
1231
1192
1265
1199
1243
1219
1370
1214
1190
1272
1293
1190
1210
1221
1279
1270
1242
1196
1248
1273
1170
1212
1228
1264
1179
1199
1249
1160
1234
1211
1272
1238
1284
1262
1238
1282
1244
1231
1194
1211
1272
1231
1258
1191
1123
1281
1139
1256
1216
1602
1226
1279
1633
1237
1234
1235
1198
1241
1199
1328
1218
1258
1306
1240
1321
1193
1235
1226
1241
1230
1231
1554
1221
1173
1084
1201
1215
1239
1268
1208
1275
1238
1240
1243
1189
1211
1273
1211
1253
1249
1250
1230
1314
1241
1212
1249
1203
1210
1252
1238
1225
1238
1203
1276
1187
1254
1208
1256
1181
1302
1208
13474
1183
1325
1275
1208
1233
1274
1257
1257
1178
1182
1286
1209
1237
1187
1263
1210
1262
1251
1114
1194
1197
1199
1290
1229
1239
1319
1232
1225
1232
1262
1214
1267
1209
1262
1292
1256
1237
1227
1207
1268
1203
1250
1211
1217
1329
1556
1564
1721
1649
1661
1557
1785
1663
1661
1303
1259
1260
1229
1232
1272
1538
1243
1340
1241
1222
3080
1261
1253
1204
1244
1201
1765
1218
1200
1244
1263
1272
1194
1256
1136
1278
1234
1182
1320
1220
1245
1270
1235
1186
1259
1268
1205
1211
1221
1263
1241
1189
1170
1140
1223
1208
1222
1209
1186
1223
1322
1274
1230
1263
1229
1236
1225
1218
1224
1250
1247
1197
1316
1241
1197
1252
1228
1223
1197
1275
1212
1225
1285
1295
1190
1223
1265
1234
1272
1186
1195
1178
1553
3326
1222
1209
1221
1403
1262
1306
1248
1246
1754
1206
1277
1253
1229
1495
1238
1341
1215
1183
1249
1247
5232
1212
1132
1161
1184
1120
1248
1230
1233
1198
1245
3635
1201
1217
1152
1151
1217
1228
1186
1244
1206
3269
1213
1272
1194
1112
1234
1266
1228
1262
1164
1248
1221
1211
1240
1200
1227
1275
1183
1253
1269
1317
1324
1194
1248
1218
1182
1184
1263
1239
1234
1176
1303
1295
1221
1226
1191
1207
1216
1202
1252
1240
1343
1152
1256
1229
1225
1248
1218
1239
1260
3997
1281
1268
1261
1163
1184
1240
1213
1226
1136
1160
1279
1196
1237
1248
1208
1529
1179
1213
1183
1200
1158
1291
1248
1286
1253
1295
1190
1202
1208
1299
1256
1240
1244
1273
1502
1242
1242
1272
1241
1205
1235
1212
1229
1245
1112
1258
1196
1243
1157
1125
1269
1207
1217
1227
1222
1314
1252
1300
1289
1265
1256
1241
1294
1919
1335
1277
1312
1334
1283
1272
1238
1299
1265
1281
1305
1281
1323
1221
1276
1286
1221
1292
1268
1265
1270
1205
1296
1264
1281
1326
1272
1317
1313
1272
1258
1248
1336
1295
1310
1259
1274
1273
1258
1247
1296
1258
1242
1233
1229
1240
1279
1265
1304
1246
1231
1242
1275
1244
1300
1242
1226
1280
1321
1290
1280
1241
1261
1230
1234
1284
1691
1258
1243
1252
1218
1280
1298
1330
1251
1238
1222
1341
1220
1291
1285
1234
1265
1220
1216
1280
1301
1246
1302
1276
1355
1296
1331
1307
1235
1216
1217
1331
1263
1262
1279
1240
1258
1252
1228
1257
1240
1285
1201
1218
1312
1326
1268
1312
1277
1266
1252
1293
1286
1255
1338
1264
1245
1255
1259
1288
1229
1260
1263
1220
1291
1260
1258
1268
1353
1304
1322
1245
1242
1283
1284
1294
1309
1349
1248
1263
1302
1263
1243
1290
1286
1260
1294
1221
1266
1253
1268
1283
1252
1333
1283
1266
1244
1292
1274
1315
1315
1328
1280
1245
1247
1266
1315
1250
1256
1278
1291
1233
1269
1271
1251
1231
1251
1217
1268
1282
1244
1282
1244
1250
1206
1254
1281
1277
1232
1274
1283
1247
1290
1239
1250
1281
1266
1262
1320
1298
1243
1257
1289
1195
1255
1315
1224
1286
1340
1287
1275
1246
1239
1253
1245
1262
1264
1308
1236
1287
1424
1239
2142
1284
1299
1348
1223
1278
1260
1606
1311
1229
1247
1316
1219
4385
1318
1491
1303
1299
1336
1360
1360
1374
1274
1301
1441
1600
1341
1238
1305
1352
1337
1259
1287
1331
1285
1301
1297
1368
1290
1313
1304
1380
1263
1290
1272
1260
1263
1247
1261
1234
1238
1290
1227
1260
1319
1238
1277
1244
1257
1295
1224
1216
1276
1285
1300
1269
1306
1318
1274
1275
1306
1218
1339
1262
1270
1256
1251
1247
1300
1288
1347
1274
1288
1321
1202
1280
1243
1267
1303
1315
1329
1303
1280
1258
1217
1314
1291
1248
1255
1232
1211
1279
1230
1300
1268
1277
1301
1252
1311
1304
1290
1290
1222
1274
1259
1202
1308
1270
1337
1292
1294
1266
1285
1222
1255
1223
1273
1257
1278
1263
1338
1223
1245
1283
1289
1271
1250
1274
1264
1267
1300
1277
1265
1269
1223
1263
1316
1265
1292
1226
1282
1319
1244
1262
1209
1263
1240
1290
1238
1239
1274
1269
1228
1194
1302
1274
2280
1346
1253
1256
1224
1274
1241
1301
1300
1244
1244
1345
1226
1227
1273
1243
1345
1270
1208
1264
1293
1286
1236
1264
1276
1220
1249
1241
1220
1262
1230
1270
1272
1242
1229
1279
1287
1263
1257
1229
1286
1218
1236
1280
1251
1443
1262
1286
1301
1247
1248
1299
1307
1313
1277
1269
1303
1294
1313
1365
1206
1254
1282
1336
1276
1266
1270
1246
1278
1237
1288
1262
1294
1350
1231
1290
1330
1374
1260
1314
1270
1336
1241
1321
1268
1269
1257
1281
1310
1285
1238
1221
1259
1319
1248
1390
1321
1263
1216
1329
1263
13280
1260
1259
1265
1318
1321
1290
1250
1244
1327
1260
1212
1343
1222
1297
1232
1316
1330
1254
1296
1285
1301
1289
1337
1251
1235
1268
1256
1263
1212
1174
1315
1253
1241
1240
1261
1274
1227
1242
1256
1297
1317
1346
1278
1285
1305
1276
1251
1258
1243
1280
1303
1316
1274
1240
1296
1305
1275
1252
1269
1205
1282
1215
1268
1301
1236
1210
1274
1265
1227
1336
1251
1245
1270
1259
1292
1252
1269
1265
1245
1239
1329
1278
1215
1306
1259
1272
1234
1263
1375
1226
1242
1276
1249
1324
1334
1372
1300
1240
1251
1256
1295
1224
1316
1279
1295
1293
1271
1262
1282
1263
1241
1286
1261
1212
1312
1260
1278
1320
1295
1268
1242
1250
1228
1319
1268
1323
1290
2051
1209
1297
4255
1231
1261
1240
1244
1267
1806
1196
1285
1311
1270
1258
1248
1253
1247
1254
1274
1311
1213
79358
1302
1280
1248
1168
1206
1224
1211
1214
1236
1257
1214
1228
1223
1239
1250
1174
1166
1140
1193
1289
1221
1162
1219
1204
1271
1223
1204
1228
1241
1235
1232
1200
1211
1209
1273
1234
1187
1203
1202
1204
1199
1229
1250
1292
1295
1247
1236
1273
1235
1164
1245
1244
1173
1132
1256
1212
1220
1300
1274
1280
1196
1233
1231
1253
1225
1222
1167
1236
1258
1175
1236
1252
1241
1211
1223
1282
1301
1195
1207
1177
1275
1219
1168
1185
1250
1219
1238
1243
1281
1202
1254
1221
1218
1217
1239
1227
1212
1181
1163
1193
1105
1131
1258
1205
1204
1228
1260
1217
1261
1174
1173
1225
1237
1213
4924
1162
1180
1557
1250
1260
1260
1261
1252
1175
1206
1168
1240
1214
1230
1212
1647
1178
1253
1220
1195
1282
1202
1203
1174
1222
1252
1256
1183
1195
1222
1317
1243
1281
1254
1194
1203
1217
1206
1216
1294
1233
1238
1268
1200
1228
1260
1186
1193
1220
1201
1275
1234
1230
1204
1220
1206
1221
1228
1226
1206
1238
1320
1224
1211
1216
1204
1231
1252
1186
1216
1238
1195
1267
1211
1224
1174
1184
1180
1218
1263
1204
1224
1203
1187
1229
1244
1213
1179
1226
1168
1248
1260
1232
1188
1263
1202
1185
1191
1223
1195
1231
1275
1218
1220
1450
1283
1236
1252
1207
1211
1240
1200
1223
1222
1227
1243
1239
1261
1206
1244
1233
1184
1816
1275
1202
1255
1208
1174
1248
1213
1189
1184
1229
1263
1217
1245
1196
1193
1197
1226
1181
1219
1208
1219
1256
1195
1163
1173
1204
1185
1208
1215
1178
1218
1215
1187
1174
1188
1240
1243
1164
1205
1179
1239
1208
1108
1058
1208
1140
1156
1108
1115
1166
3798
1172
1152
1167
1152
1180
1134
1162
1044
1072
1108
1076
1247
1144
1210
1741
1182
1189
1136
1166
1256
1203
1162
1278
1209
1169
1187
1207
1109
1225
1181
1165
1162
1219
1148
1088
1188
1213
1216
1175
1200
1171
1161
1203
3347
1167
1248
1146
1196
1182
1206
1150
1146
1187
1122
1185
1201
1141
1154
1212
1139
1101
1250
1177
1247
1177
1183
1212
1156
1241
1126
1213
1242
1202
1162
1191
1241
1170
1284
1150
1190
1224
1188
1175
1171
1123
1222
1213
1208
1200
1272
1213
1189
1222
1253
1171
1214
1160
1181
1163
1178
1196
1172
1204
1174
1218
1279
1200
1191
1141
1144
1192
1193
1033
1179
1143
1111
1209
1193
13614
1185
1066
1113
1157
1244
1205
1166
1178
1210
1229
1246
1181
1162
1274
1246
1168
1163
1272
1276
1194
1241
1171
1127
1226
1111
1110
1217
1172
1244
1246
1197
1171
1257
1181
1176
1172
1179
1199
1174
1289
1154
1178
1225
1230
1213
1222
1190
1165
1312
1198
1279
1210
1217
1634
1073
1244
1173
1202
1167
1222
1184
1158
1220
1181
1178
1192
1159
1118
1197
1233
1171
1323
1207
1225
1182
1188
1185
1165
1223
1208
1140
1175
1196
1241
1221
1162
1200
1224
1194
1166
1168
1296
1191
1183
1197
1193
1148
1237
1201
1160
1187
1185
1156
1204
1218
4412
1228
1175
1187
1192
1204
1226
1242
1200
1175
1204
1201
1226
1171
1153
1233
1197
1183
1172
1207
1151
1240
1090
1143
1083
1079
1044
1208
1200
1152
1216
1234
1182
1238
1151
1185
1309
1204
1121
1114
1237
1190
1178
1124
1145
1157
1138
1231
1200
1181
1218
1202
1194
1155
1229
1232
1182
1178
1195
1219
1225
1191
1196
1202
1149
1214
1180
1156
1142
1220
1694
1212
1163
1167
1178
1202
1252
1438
1171
1208
1231
1324
1144
1167
1204
1136
1215
1229
1190
1157
1199
1182
1232
1194
1228
1195
1237
1186
1174
1093
1102
1278
1161
1325
1192
1191
2889
1273
1228
1199
1210
1236
1250
1238
1196
1175
1313
1174
1217
1168
1173
1198
1142
1147
1157
1094
1094
1153
1145
1237
1239
1187
1198
1245
1273
1229
1156
1197
1142
1142
1104
1106
1207
1256
1259
1133
1239
1178
1106
1075
1219
1137
1166
1085
1084
1286
1231
1444
1292
1198
1185
1140
1216
1226
1185
1211
1198
1183
1263
1214
1218
1182
1224
1205
1224
1098
1171
1188
1062
1110
1070
1211
1192
1207
1174
1220
1241
1246
1130
1160
1134
1168
1428
1240
1166
1203
1267
1179
1141
1155
1172
1264
1088
1144
1195
1188
1177
1199
1261
1207
1220
1137
1169
1102
1084
1077
1165
1213
1055
1095
1235
1250
1204
1268
1200
1296
1221
1165
1252
3319
1214
1148
1185
1134
1171
1191
1189
1171
1124
1194
1440
1175
1155
1132
1197
1152
1195
1222
1175
1403
1213
1212
1239
1214
1240
1128
1214
1159
1089
1246
1216
1217
1210
5047
1153
1101
1137
1121
1023
4854
3766
3305
1098
1330
1337
1179
1200
1200
1208
1205
1240
14141
1109
1715
1177
1177
1240
1359
1194
1223
1206
1209
1242
1236
1186
1216
1210
1214
1811
1145
1246
1204
1223
1460
1187
1241
1234
1210
1225
1191
1217
1144
1256
1272
1193
1163
1204
1320
1287
1289
1155
1204
1184
1149
1197
1212
1260
1168
1203
1191
1189
1148
1241
1167
1233
1188
1204
1195
1229
1137
1195
1270
1205
1206
1187
1204
1214
1215
1185
1154
1171
1170
1172
1218
1222
1189
1160
1235
1280
1240
1193
1200
1438
1249
1188
1193
1185
1159
1239
1166
1184
1256
1203
1130
1249
1210
1248
1211
1255
1318
1229
1490
1505
1196
1216
1168
1604
1204
1171
1181
1223
1176
1179
1203
1181
1259
1207
2275
1172
1196
1188
1171
1164
1171
1103
1108
1045
1140
1120
1190
1139
1207
1178
1139
1161
1124
1175
1184
1130
1108
1221
1209
1178
1192
1199
1268
1190
1299
1171
1082
1096
1106
1147
1163
1136
1365
1226
5118
1158
1149
1215
1147
1161
1146
1247
1184
1210
1155
1162
1224
1133
1172
1214
1181
1208
1153
1187
1154
1224
1273
1156
1184
1235
1188
1181
1169
1179
1189
1213
1189
1148
1229
1177
1140
1210
1108
1170
1217
1174
1163
1192
1197
1215
1186
1197
1098
1070
1282
1134
1143
1200
1174
1217
1207
1160
1146
1187
1085
1088
1084
1163
1186
1160
1145
1177
1122
1192
1096
1146
1227
1162
1222
1228
1150
1140
1148
1136
1153
1196
1080
1080
1100
1158
1169
1159
1161
1191
1183
1144
1171
1348
1191
1188
1178
1183
1197
1221
1145
1154
1224
1192
1183
1171
1156
1200
1207
1219
1207
1227
1208
1188
1166
1237
1178
1194
1219
1158
1159
1138
1205
1178
1154
1182
1215
1184
1149
1188
1196
1177
1211
1180
1197
1177
1194
1224
1139
1739
1174
1166
1252
1248
4023
1215
1176
1174
1178
1408
1153
1170
1212
1194
1195
1132
1137
1249
1121
1172
1219
1165
1220
1215
1236
1176
1200
1142
1206
1174
1168
1203
1211
1196
1154
1234
1495
1198
1160
1153
1163
1166
1151
1187
1120
1152
1127
1105
1155
1147
1114
1055
1097
1045
1175
1171
1168
1204
1226
1189
1198
1214
1211
1157
1189
1211
1383
1221
1204
1192
1226
1153
1158
1190
1172
1202
1185
1195
1157
1177
1170
1182
1191
1150
1174
1337
1160
4243
1194
1216
4628
1143
1169
1106
1093
1207
1062
1097
1190
1108
1181
1148
1175
1204
1164
1389
1185
1249
1165
1209
1179
1169
1226
1212
1215
1151
1183
1169
1196
1255
1169
1199
1213
1152
1222
1176
1136
1212
1168
1209
1215
1182
1198
1197
1217
1239
1192
1254
1209
1199
1192
1233
1213
1164
1230
1188
1205
1176
1140
1191
1179
1236
1182
1262
1193
1266
1227
1126
1258
1288
1240
1194
1261
1227
1171
1185
1261
1612
1252
1162
1154
1255
1229
1138
1161
1214
1166
1201
1161
1163
1209
1192
1226
1234
1171
1178
1170
1246
1239
1210
1140
1205
1128
1123
1091
1188
1217
1182
1215
1147
1201
1214
1208
1259
1152
1156
1178
1193
1151
1110
1144
1212
1074
1199
1138
1200
1252
1236
1390
1145
1140
1172
1166
1191
1191
1174
1173
1188
1178
1132
1236
1163
1110
1181
1101
1153
1145
1180
1143
1167
1224
1339
1306
1498
1178
1209
1205
1155
1173
1208
1120
1171
1556
1766
1216
1187
1230
1177
1153
1171
1135
1189
1175
1142
1159
1315
1220
1199
1206
1190
1191
1186
1223
1195
1219
1290
1197
1194
1141
1136
1136
1150
1202
1168
1083
1185
1148
1153
1115
1190
1357
1182
1176
1156
1179
1195
1172
1210
1205
1210
1132
1165
1159
1181
1177
1199
1271
1245
1204
1144
1203
1102
1209
1152
1221
1226
1183
1213
1189
1233
1253
1174
1196
1207
1171
1227
1158
1195
1222
1179
1185
1162
1193
1160
1247
1178
1225
1200
1140
1159
1203
1177
1666
1522
1514
1482
1307
1169
1238
1174
1200
1185
1172
1147
1195
1218
1179
1194
1232
1197
1163
1225
1140
1140
1171
1212
1250
1173
1165
1195
1166
1167
1223
1185
1225
1201
1202
1250
1203
1168
1229
1191
1204
1210
1224
1223
1261
1261
1187
1228
1238
1199
1233
1189
1158
1120
1187
1200
1164
1183
1201
1166
1230
1207
1194
1175
1273
1289
1201
1194
1128
1214
1200
1192
1213
1212
1168
1190
1581
1552
1214
1223
1229
1198
1265
1139
1173
1139
1186
1171
1179
1162
1186
1156
1196
1208
1185
1199
1216
1210
1220
1183
1218
1124
1163
1156
1179
1218
1185
1179
1164
1112
1099
1144
1168
1193
1193
1175
1175
1210
1169
1159
1223
1163
1172
1166
1153
1118
1215
1232
1206
1165
1187
1281
1183
1173
1125
1178
1154
1139
1188
1210
1178
1207
1300
1251
1188
1206
1405
1219
1178
1226
1139
1162
1156
1144
1246
1533
1200
1209
1266
1227
1204
1212
1180
1165
1165
1178
1149
1241
1169
1230
1155
1173
1280
1176
1253
1160
1155
1161
1148
1104
1169
1213
1234
1226
1180
1168
1172
1293
1225
1158
1162
1145
1114
1172
1194
1170
1262
1191
1185
1181
1159
1186
1184
1166
1206
1120
1162
1239
1187
1172
1184
1200
1139
1185
1203
1214
1151
1212
1192
1418
1177
1200
1168
1148
1163
1166
1188
1212
1177
1208
1185
1160
1249
1171
1127
1188
1184
1191
1192
1705
1136
1164
1198
1095
1149
1160
1193
1212
1275
1371
1126
1186
1194
1104
1218
1222
1195
1217
1153
1225
1176
1167
1190
1212
1162
1208
1244
1212
1202
1104
1177
1228
1270
1156
1199
1162
1200
1211
1219
1186
1199
1235
1159
1105
1113
1193
1206
1212
1194
1128
1184
1174
1128
1249
1196
1210
1166
1411
1174
1148
1212
1173
1242
1198
1200
1174
1186
1171
1278
1162
1224
1196
1128
1254
1189
1222
1169
1206
1183
1248
1180
1242
1182
1123
1203
1185
1218
1187
1210
1239
1270
1157
1154
1110
1159
1176
1164
1165
1213
1182
1090
1234
1259
1163
1174
1211
1175
1182
1165
1179
1194
1205
1171
1184
1142
1228
1203
1186
1200
1180
1168
1148
1132
1132
1191
1204
1159
1152
1210
1137
1142
1166
1295
1208
1184
1183
1161
1224
1252
1123
1158
1172
1114
1194
1102
1172
1159
1156
1147
1190
1167
1064
1100
1158
1119
1173
1063
1072
1046
1023
1172
1186
1243
1160
1178
1162
1235
1183
1196
1139
1154
1227
1149
1244
1221
1229
1196
1233
1163
1141
1208
1155
1154
1185
1252
1212
1208
1182
1173
1197
1193
1201
1131
1130
1090
1136
1121
1062
1100
1200
1168
1213
1172
1169
1157
1704
1319
1154
1145
1171
1201
1203
1827
1270
1116
1208
1240
1200
1205
1209
1254
1199
1166
1164
1198
1162
1153
1186
1127
1111
1238
1139
1180
1202
1267
5630
1187
1154
1220
1211
1208
1160
1194
1155
1184
1208
1191
1192
1199
1148
1195
1190
1262
1186
1254
1187
1189
1216
1143
1230
1186
1202
1169
1178
1223
1185
1196
1170
1176
1238
1193
1128
1148
1133
1194
1208
1203
1207
1304
1216
1141
1462
1243
1155
1208
1146
1222
1184
1176
1191
1194
1152
1419
1158
1206
1261
1117
1184
1119
1178
1227
1242
1255
1157
1220
1188
1159
1215
1184
1162
1190
1210
1183
1213
1199
1169
1251
1183
1241
1185
1231
1163
1194
1187
1154
1189
1169
1178
1263
1254
1263
1209
1265
1194
1159
1219
1159
1177
1250
1164
1257
1246
1193
1199
1191
1246
1257
1242
1264
1220
1146
1257
1174
1191
1216
1270
1890
1237
1225
1222
1297
1241
1243
1235
1242
1238
1209
1241
1260
1308
1230
1279
1235
1243
1246
1266
1245
1250
1238
1269
1238
1229
1151
1292
1231
1251
1204
1216
1216
1266
1294
1269
1268
1296
1235
1258
1267
1228
1281
1434
1209
1263
1288
1274
1263
1264
1307
1249
1225
1229
1229
1254
1255
1275
1338
1254
1194
1240
1263
1234
1205
1297
1206
1258
1220
1244
1168
1255
1222
1365
1209
1220
1260
1266
1238
1270
1236
1251
1347
1305
1238
1226
1200
1308
1225
1263
1204
1225
1223
1210
1260
1335
1301
1316
1189
1189
1240
1244
1225
1271
1230
1220
1578
1278
1201
1287
1218
1218
1203
1260
1246
1202
1272
1294
1186
1296
1228
1260
1205
1259
1266
1272
1236
1283
1154
1309
1207
1332
1204
1306
1234
1272
1245
1179
1236
1289
1260
1286
1283
1264
1280
1246
1224
1233
1236
1248
1241
1216
1169
1258
1232
1207
1245
1274
1240
1223
1250
1212
1238
1198
1252
1239
1507
1184
1234
1166
1280
1269
1219
1240
1213
1251
1188
1229
1198
1238
1219
1210
1239
1231
1199
1291
1241
1251
1238
1257
1245
1212
1190
2061
1260
1174
1208
1205
1384
1222
1223
1223
1211
1212
1193
1179
1263
1190
1314
1264
1179
1202
1185
1296
1249
1165
1178
1233
1195
1195
1249
1240
1225
1202
1244
1228
1218
1230
1230
1163
1161
1221
1252
1233
1211
1204
1196
1184
1169
1240
1190
1600
1618
1748
1261
1238
1205
1169
1243
1273
1200
1181
1214
1226
1156
1208
1194
1256
1221
1247
1263
1202
1204
1230
1208
1254
1207
1372
1209
1234
1222
1203
1234
1163
1225
1240
1582
1861
1712
1679
1760
1671
1670
1676
1669
1628
1671
1291
1210
1189
1236
1209
1228
1238
1195
1200
1177
1210
1231
1192
1245
1189
1251
1239
1247
1241
1360
1243
1249
1568
1238
1370
1236
1287
1162
1165
1240
1208
1316
1182
1199
1223
1234
1252
1145
1274
1287
1207
1181
1207
1281
1213
1245
1224
1250
1236
1509
1215
1223
1275
1205
1307
1205
1237
1254
1211
1228
1320
1642
1623
1435
1449
1470
1556
1424
1607
1263
1210
1277
1273
1207
1256
1214
1203
1212
1216
1198
1252
1222
1213
1213
1232
1256
1240
1281
1149
1150
1280
1192
1212
1177
1204
1183
1210
1260
1232
1147
1438
1224
1211
1223
1212
1176
1174
1185
1316
1189
1150
1135
1120
1128
1149
1189
1179
1172
1155
1135
1126
1148
1173
1146
1179
1169
1186
1297
1171
1172
1121
1144
1221
1218
2190
1153
1149
1181
1172
1154
1198
1097
1156
1218
1233
1259
1180
1186
1158
1158
1215
1246
1397
1139
1174
1144
1189
1170
1123
1185
1169
1195
1162
1132
1141
1169
1159
1196
1204
1159
1212
1131
1166
1181
1181
1233
1098
1176
1162
1212
1176
1214
1175
1205
1192
1240
1197
1162
1199
1140
1215
1215
1305
1130
1184
1193
1184
1157
1248
1210
1240
1131
1155
1151
1190
1296
1128
1092
1174
1125
1235
1196
1157
1123
1201
1234
1205
1109
1126
1211
1200
1129
1185
1214
1146
1146
1167
1162
1220
1089
1166
1146
1140
1183
1159
1185
1167
1194
1169
1153
1162
1155
1151
1216
1204
1185
1105
1110
1134
1163
1209
1172
1162
1119
1122
1103
1087
1199
1138
1138
1134
1165
1136
1098
1178
1136
1151
1118
1119
1173
1135
1142
1116
1111
1097
1128
1166
1131
1139
1114
1149
1157
1133
1134
1192
1138
1157
1165
1611
1189
1136
1166
1174
1296
1153
1128
1103
1198
1159
1183
1145
1181
1123
1135
1199
1188
1157
1143
1139
1157
1187
1156
1133
1105
1155
1167
1162
1374
1149
1128
1133
1194
1179
1159
1192
1114
1179
1166
1156
1145
1193
1163
1117
1127
1140
1132
1026
976
907
884
942
947
954
974
892
872
880
951
896
868
935
924
885
870
1287
1233
1315
1476
1443
1095
1012
1040
1288
5835
1469
1508
1347
1401
1461
1010
1191
1048
1057
1007
984
900
894
872
903
993
900
902
958
873
974
891
840
877
954
907
897
914
902
885
969
920
903
898
915
846
845
842
839
902
882
937
848
918
836
785
837
801
813
814
819
852
789
808
800
870
824
781
762
830
788
792
785
768
851
805
1120
846
850
787
881
862
810
733
779
832
793
841
911
847
803
852
816
812
712
723
738
674
1030
875
904
794
768
830
840
960
838
861
873
843
861
856
838
876
798
895
778
732
812
795
899
807
761
823
782
789
770
738
1008
853
865
785
854
836
772
828
814
741
781
764
732
779
917
747
738
883
769
817
735
748
890
1069
794
744
840
723
799
708
708
689
813
738
771
755
727
829
763
710
753
777
775
759
783
806
793
705
750
759
774
738
660
768
775
736
723
730
718
803
890
702
689
781
850
862
820
773
725
751
1156
720
719
738
697
712
806
681
696
671
666
820
724
713
665
665
701
923
738
708
699
652
786
687
691
723
741
773
754
704
725
750
726
759
805
706
726
892
859
858
821
808
749
738
838
686
686
724
836
821
843
792
779
794
897
872
1017
856
804
732
797
800
765
752
757
848
830
806
787
766
801
737
762
752
763
786
822
755
752
740
812
744
738
729
885
734
758
725
711
721
829
768
777
716
699
799
724
717
747
699
767
706
808
730
727
767
789
839
743
747
749
756
712
734
717
693
750
808
748
712
762
733
731
665
722
697
668
756
678
787
695
719
676
737
703
740
721
748
1009
730
688
706
702
659
672
691
699
707
710
808
734
725
697
715
742
737
745
714
741
747
808
788
750
693
665
679
750
643
682
771
642
637
635
690
701
639
623
659
650
698
689
709
672
695
706
703
720
724
791
754
764
762
775
755
766
748
748
826
758
1304
972
916
950
864
866
863
880
855
873
802
816
843
866
864
799
814
819
804
884
947
759
813
759
753
744
766
811
793
805
731
732
749
933
720
696
751
774
788
799
996
791
730
747
735
1777
817
797
785
792
848
823
792
811
801
742
706
774
757
721
808
748
873
792
780
819
798
835
860
832
834
826
871
874
794
859
760
742
769
878
777
766
800
841
769
718
719
704
724
920
715
737
945
791
830
759
715
751
859
716
748
722
723
735
724
751
811
706
703
716
783
681
671
734
664
709
704
680
664
731
654
671
780
851
718
735
846
755
848
805
668
828
769
716
681
713
717
710
673
700
660
751
656
693
873
798
777
701
732
706
684
678
687
654
597
602
686
659
625
645
604
643
602
600
640
756
648
596
616
612
605
1048
805
711
663
663
721
841
721
699
639
740
679
645
764
714
852
755
763
674
669
690
710
638
706
663
568
570
516
775
