819855
16754
16900
17115
48505
40924
17612
44365
17929
37056
18706
18152
18383
18374
373035
23343
21147
19632
21646
19787
20270
19706
21603
20873
20813
20459
27875
20124
50980
12099
13599
13511
12464
15803
13761
15047
12956
18922
11630
12965
15019
12641
11607
13196
12002
16830
16398
14641
15033
20659
14530
17625
15383
13062
12759
15589
15884
15705
16790
16696
26125
16088
14749
12322
15120
18131
16719
45150
17379
16780
12714
13763
20690
12474
20258
11693
14984
12656
13797
11337
13050
17409
11901
27463
12750
13237
16954
13382
12522
15554
11814
15296
12579
14982
21552
37584
17698
14947
12825
11290
13802
15077
11075
15100
10514
10869
74108
15004
33228
3233
2510
2638
2473
2373
2390
2439
2411
2485
2610
2685
2270
2530
2321
2374
2401
2439
2512
2849
2691
2470
2724
2675
2316
2599
2495
2436
2712
2536
2635
2644
2682
2731
25674
2633
2947
2691
2755
2518
3785
2649
2669
2853
2652
3059
2825
3105
16728
2584
3077
3091
2624
2720
2763
2956
2399
2469
2529
2729
2663
2392
3078
2777
2761
3102
3012
2731
3438
2806
3663
2670
2597
2697
2705
2800
2706
2730
2706
18098
3028
3100
2991
2852
2712
3062
2759
2678
2561
2551
2508
2205
2642
2751
2583
2492
2612
2462
2628
2519
2580
2593
2620
2484
2536
2593
2546
2423
2375
2441
2541
2482
2602
2484
2554
2423
2587
2430
2494
2569
2411
2481
2534
2414
2542
2486
2464
2389
2420
2441
2533
2570
2693
2580
2509
2702
2314
2569
2490
2493
2347
2644
2584
2650
2561
2489
2710
2592
31359
2662
19684
2322
1989
2231
2046
2028
2039
2097
2035
2094
2045
1963
2048
2194
1993
1999
1957
1972
2102
2038
2045
18418
1984
2054
2032
1939
1899
1892
2042
2022
2036
2121
2121
2177
1994
2028
2046
2026
2049
2059
2069
2091
2211
2012
2098
2086
2119
1959
2244
2017
2019
2042
2042
1978
2326
2073
2321
2140
2081
2009
2097
2065
1949
1961
2035
1974
2057
2087
1976
2123
2072
2060
1954
2068
1994
2031
2468
2674
2117
2328
2070
2099
1927
2156
1993
2079
2126
2067
2061
1991
1935
1996
2498
2252
2061
1997
2168
2399
2024
2060
2068
1917
2461
2024
1948
2043
2073
2842
2080
2091
2107
2149
2009
15647
2138
2023
3366
3248
3359
2572
2230
2008
2471
2068
2080
2319
2248
2679
2015
2047
2071
2031
1943
1803
2035
2024
1964
2066
1906
1984
2011
2029
2149
2039
1991
1932
2002
2006
1977
2098
2039
2010
2224
2182
2054
2093
1986
2063
2061
2026
2016
1932
1979
2058
2064
2017
2359
2096
2086
2120
2040
2109
2152
2030
1988
2151
1972
2070
2043
2038
2062
1989
2057
2018
1906
2072
2028
2116
2148
1994
2135
2038
2034
2087
2080
1969
1945
1983
2009
2141
2002
2137
2052
2082
2849
40264
2159
2040
2029
2113
2270
2155
2175
2056
2131
2038
2037
2095
1986
2109
3259
2135
2107
2136
2108
2051
2120
2202
2055
2195
2015
2000
2102
2016
1899
2082
2117
2102
2079
2056
2091
2186
2255
2205
2150
2220
2065
2269
2286
2283
2148
2258
2331
2242
2123
2372
2260
2073
2237
2130
2468
2143
2192
2181
2159
2365
2269
2146
2275
2243
2109
2162
2067
2165
2171
2226
2222
2236
2201
2149
2316
2200
2010
2296
2210
2651
2231
2486
2310
2314
2120
2181
2287
2280
2806
2290
2627
137360
2263
2511
2286
22571
14835
1529
1426
1367
1306
1306
1439
1482
1547
1344
1454
1407
1539
1454
1365
1334
1324
2602
1386
1332
1351
1423
1830
1385
1437
1350
1393
1615
1411
1435
1438
1389
1322
1357
1226
1382
1658
1421
1376
1329
1327
1386
1385
1321
1417
1591
1502
1524
1359
1398
1341
1410
1331
1416
1439
1406
1446
1360
1406
1428
1545
1349
1401
1274
1401
1522
1233
1303
1448
1385
1283
1338
1312
1314
1472
1337
1381
1389
1357
1401
1406
1323
1444
1328
1322
1367
1366
1436
1611
1772
1545
1518
1395
1385
1457
1304
1365
1359
1299
1307
1358
1235
1377
1331
1358
1502
1369
1355
1408
1364
1222
1330
1353
1388
1372
1404
1359
1300
1313
1350
1362
1325
1375
1354
1404
1320
1334
1350
1529
1347
1291
1424
1423
1624
1562
1383
1325
1619
1390
3433
3424
3447
3484
3363
3343
3210
3477
3743
3246
3336
4447
3343
3344
3243
3310
3240
3213
3330
3347
3240
3420
3340
3313
3346
3340
3326
3370
3374
3230
3263
3370
3727
3853
3366
7060
3340
3397
3467
3270
3296
3390
3094
3320
3450
3327
3207
3284
3263
3296
3293
3440
3277
3440
3416
4006
3403
3760
3214
3346
3496
3313
3323
3370
3270
3704
3494
3254
3350
3290
3573
3550
3330
3193
3443
3604
3034
3120
3460
3338
3360
3472
3160
3200
3069
3086
3106
3008
3014
3369
3277
3354
3252
3157
3237
3426
3300
3171
3040
3191
3048
3214
3091
3149
3020
3020
3064
3074
3309
3028
3212
3271
3280
3071
3220
3203
3000
3095
3137
3206
3200
3218
3046
3032
3186
2966
3043
3056
3200
3002
3080
3155
3091
3146
3094
2991
3006
3231
3243
3100
3040
3224
3146
2969
2986
3323
3249
3400
4063
3163
3189
3141
3066
3178
3129
3065
3380
4280
3353
3243
3292
2744
2755
2732
2584
2720
2777
2769
2697
2793
2928
3155
3104
2763
2710
2698
2807
2704
2765
2779
2753
2589
2633
6218
2762
2752
2730
2545
2708
2635
2755
2833
2723
2772
3221
2692
2767
2642
2703
2614
2691
2600
2607
2656
2653
2682
2594
2748
2705
2657
2745
2661
2765
2743
2803
2607
2764
2910
2842
2683
2911
2870
2635
3229
3621
2730
2932
2760
2739
2737
2748
2727
2880
2769
2734
2783
2767
2788
2772
2734
2807
2783
2765
2888
2762
2765
2847
3538
2786
2854
2734
2775
2755
2855
2857
2770
2694
2760
2775
2685
2838
4993
3276
3466
3437
3493
3596
3513
3413
3500
3423
3527
3624
3540
3504
3514
3420
3414
3420
3654
3410
3440
3364
3333
3550
3497
3550
3547
3410
3467
3436
3487
3860
3620
3520
3300
3574
3540
3493
3640
3396
3590
3273
3337
3604
3546
4260
3586
3263
3414
3516
3440
3496
3460
3523
3490
3574
3377
3724
3467
3570
3530
3480
3426
3570
3467
3353
3757
4206
3560
3590
3480
3520
3390
3343
3533
5717
3497
3470
3557
3564
3404
3500
1394
1328
1391
1455
1499
1357
1235
1432
1415
1207
1393
1414
1429
1389
1364
1383
1511
1341
1378
2584
1369
1351
1304
1428
1290
1411
1407
1381
1420
2009
1427
1403
1406
1423
1442
1394
1381
1395
1292
1275
1292
1242
1230
1325
1300
1290
1316
1324
1325
1325
1323
1341
1360
1278
1292
1261
1286
1256
1261
1319
1260
1296
1289
1249
1269
1278
1250
1292
1317
1242
1245
1269
1265
1295
1344
1291
1359
1286
1302
1267
1285
1288
1289
1318
1294
1322
1207
1240
1288
1270
1274
1255
1265
1317
1315
1272
1279
1254
1120
1267
1285
1544
1311
1231
1236
1309
1288
1271
1239
1267
1317
1250
1295
1280
1288
1296
1306
1267
1188
1295
1275
1262
1302
1293
1280
1243
1269
1300
1352
1323
1315
1314
1311
1287
1249
1309
1311
1299
1287
1286
1301
1290
1400
1261
1259
1317
1268
1261
1190
1124
1106
1263
1290
1287
1219
1231
1159
1192
1363
1300
1295
1212
1355
1242
1319
1281
1246
1212
1274
1305
1282
1724
1285
1180
1314
1288
1278
1271
1220
1261
1253
1283
1219
1202
1285
1302
1350
1309
1218
1203
1271
1331
1256
1270
1402
1256
1274
1287
1356
1318
1286
1333
1299
1304
1322
1291
1223
1321
1264
1299
1232
1296
1252
1328
1256
1280
1302
1305
1289
1246
1352
1279
1218
1280
1179
1195
1361
1307
1513
1269
1285
1284
1311
1303
1295
1245
1305
1310
1177
1268
1319
1255
1290
1338
1230
1230
1245
1316
1303
1295
1289
1285
1309
1327
1266
1319
1218
1179
1199
1317
1273
1247
1302
1286
1338
1200
1245
1238
1287
1268
1258
1233
1290
1291
1229
1258
1283
1232
1303
1235
1275
1326
1320
1284
1230
1279
1307
1308
1294
1266
1336
1230
1289
1354
1267
1278
1219
1218
1240
1267
1330
1243
1316
1256
1347
1280
1292
1216
1225
1205
1304
1289
1255
1319
1303
1266
1260
1190
1251
1473
1280
1357
1306
1299
1263
1244
1336
1312
1278
1246
1288
1405
1317
1298
1307
1254
1292
1319
1287
1334
1271
1291
1274
1308
1448
1308
1257
1516
1277
1291
1266
1265
1241
1292
1203
1240
1286
1302
1260
1293
1271
1319
1303
1327
1219
1262
1331
1151
1162
1308
1259
1286
1295
1245
1304
1288
1310
1299
1249
1240
1142
1195
1314
1258
1272
1268
1314
1297
1260
1159
1313
1301
1260
1552
1187
1267
1330
1294
1183
1253
1170
1485
1189
1301
1203
1190
1193
1175
1296
1235
3340
3276
3103
3147
3053
3270
3176
3560
3074
3114
3160
4126
3017
3147
3216
3230
3193
3074
2984
3084
3183
3156
3043
3217
3274
3153
3267
3256
3067
3207
3000
3230
3110
3157
3043
3304
3144
3270
3180
2980
3213
3097
3034
3113
3113
3080
3100
3030
3097
3080
3204
3063
3320
3214
3227
3210
3143
3110
3193
3647
3947
3470
3106
3150
3187
3024
3054
3080
4050
3373
3154
3000
3024
3220
3303
3137
3010
3230
3116
3110
1336
1352
1249
1318
1870
1284
1295
1320
1361
1292
1328
1280
1283
1295
1277
1287
1305
1314
1407
1363
1215
1243
1276
1313
1264
1281
1276
1228
1339
1274
1263
1398
1285
1419
1306
1311
1404
1264
1671
1277
1343
1249
1280
1581
1290
1312
1335
1287
1542
1280
1335
1290
1328
1367
1354
1286
1341
1258
1310
1305
1310
1526
1343
1323
1254
1338
1332
1226
1301
1322
1297
1310
1310
1437
1248
1303
1389
1374
1414
1254
1239
1418
1279
1374
1262
1312
1323
1252
1530
1223
1274
1270
1316
1573
1323
1297
1444
1630
1302
1516
1275
1331
1293
1568
1323
1287
1315
1329
1469
1638
1550
1857
1301
1338
1500
1287
1344
1257
1311
1308
1280
1350
1283
1269
1309
1286
1272
1291
1291
1277
1362
1307
1311
1316
1319
1285
1311
1284
1237
1359
1292
1276
1217
1304
1290
1281
1316
1294
1348
1347
1280
1295
1283
1326
1306
1294
1316
1295
1234
1321
1308
1254
1283
1297
1258
1380
1305
1320
1249
1278
1287
1330
1295
1311
1264
1359
1313
1282
1219
1320
1275
1327
1273
1320
1304
1254
1267
1378
1448
1287
1298
1317
1317
1360
1314
1424
1279
1331
1347
1354
1306
1323
1303
1436
1516
1330
1284
1407
1271
1307
1439
1289
1269
1268
1300
1215
1306
1235
1211
1266
1217
1261
1268
1414
1291
1215
1135
1269
1248
1297
1280
1260
1276
1214
1252
1242
1227
1233
1211
1248
1231
1255
1287
1242
1180
1275
1251
1259
1261
1246
1288
1243
1307
1242
1243
1264
1234
1205
1232
1297
1162
1345
1191
1249
1278
1280
1247
1248
1214
1281
1256
1255
1225
1211
1254
1279
1196
1271
1247
1217
1246
1298
1216
1322
1271
1249
1200
1188
1289
1256
1312
1261
1187
1198
1218
1259
1279
1264
1261
1246
1245
1275
1265
1228
1229
1200
1312
1226
1303
1230
1239
1237
1252
1293
1180
1289
1260
1296
1207
1495
1150
1281
1281
1279
1145
1225
1307
1158
1275
1227
1370
1287
1275
1256
1187
1237
1320
1293
1249
1254
1245
1195
1150
1196
1182
1194
1258
1171
1266
1266
1217
1206
1229
1248
1159
1205
1232
1194
1203
1150
1203
1254
1335
1246
1251
1222
1215
1235
1296
1228
1249
1201
1195
1299
1237
1282
1289
1249
1235
1184
1275
1201
1250
1358
1153
1234
1248
1193
1095
1152
1228
1172
1225
1248
1252
1156
1200
1229
1327
1285
1171
1091
1204
1236
1313
1266
1230
1180
1158
1235
1207
1277
1222
1534
1188
1223
1270
1258
1224
1228
1287
1242
1196
1316
1210
1363
1256
1242
1208
1202
1264
1224
1283
1225
1233
1289
1234
1224
1220
1252
1276
1190
1213
1249
1293
1254
1266
1240
1268
1206
1202
1411
1260
1387
1238
1250
1205
1221
1179
1248
1264
1247
1310
1234
1263
1242
1266
1283
1235
1293
1227
1471
1230
1255
1215
1235
1205
1253
1356
1281
1229
1084
1254
1142
1170
1172
1279
1193
1237
1270
1143
1191
1174
1181
1239
1248
1202
1244
1217
1212
1241
1194
1225
1214
1216
1282
1540
1221
1320
1240
1238
1227
1266
1424
1226
1242
1279
1320
1275
1251
1501
1261
1205
1299
1270
1270
1234
1222
1275
1276
1149
1199
1252
1254
1276
1270
1304
1207
1279
1299
1275
1440
1291
1282
3844
1292
1280
1483
1261
2028
1199
1226
1251
1220
1179
1291
1199
1231
1180
1104
1261
1274
1236
1262
1240
1265
1229
1214
1335
1182
1296
1206
1234
1252
1241
1261
1251
1258
1228
1212
1193
1265
1208
1236
1239
1154
1240
1108
1234
1220
1243
1228
1230
1280
1178
1268
1255
1185
1271
1283
1261
1195
1270
1192
1171
1208
1149
1253
1215
1262
1255
1244
1234
1248
1267
1255
1232
1272
1218
1215
1246
1141
1274
1266
1200
1220
1255
1209
1238
1096
1115
1227
1484
1273
1194
1168
1240
1243
1257
1257
1243
1229
1269
1256
1252
1266
1207
1188
1208
1315
1258
1221
1210
1244
1246
1249
1218
1238
1259
1267
1105
1126
1172
1232
1220
1113
1215
1271
1214
1209
1302
1217
1305
1234
1207
1148
1174
1282
1256
1286
1274
1235
1251
1278
1269
1303
1234
1264
1241
1209
1234
1253
1224
1176
1285
1238
1237
1270
1214
1192
1257
1199
1276
1279
1171
1266
1354
1206
1257
1276
1207
1219
1240
1199
1246
1228
1229
1206
1203
1234
1249
1274
1314
1232
1275
1182
1300
1303
1239
1277
1274
1225
1233
1272
1219
1260
1192
1247
1277
1282
1205
1395
1271
1200
1306
1211
1235
1322
1235
1232
1227
1272
1233
1213
1207
1244
1296
1235
1263
1281
1506
1259
1245
1501
1231
1335
1262
1226
1183
1307
1285
1310
1216
1233
1153
1227
1240
1256
1233
1250
1243
1243
1240
1241
1162
1245
1216
1263
1280
1244
1202
1268
1268
1191
1267
1252
1307
1297
1253
1222
1194
1229
1262
1237
1237
1252
1230
1306
1272
1226
1246
1238
1296
1244
1275
1187
1173
1277
1300
1287
1233
1224
1287
1216
1268
1258
1238
1270
1259
1238
1229
1208
1206
1216
1289
1261
1228
1238
1220
1257
1227
1246
1197
1266
1199
1157
1167
1265
1265
1224
1191
1186
1158
1265
1252
1209
1181
1172
1201
1246
1213
1237
1304
1194
1192
1218
1134
1335
1233
1249
1919
1249
1338
1283
1238
1180
1208
1312
1240
1208
1266
1309
1286
1234
1265
1249
1174
1275
1245
1273
1203
1202
1220
1238
1237
1219
1268
1253
1281
1208
1118
1268
1219
1233
1159
1254
1256
1189
1259
1245
1217
1237
1262
1226
1215
1242
1233
1254
1139
1285
1284
1246
1276
1235
1247
1254
1240
1144
1137
1244
1217
1216
1238
1243
1283
1243
1256
1136
1265
1240
1292
1250
1223
1312
1214
1257
1327
1223
1193
1278
1263
1183
1364
1194
1300
1280
1231
1206
1278
1297
1320
1220
1209
1307
1270
1245
1246
1266
1214
1245
1272
1263
1253
1280
1225
1282
1124
16961
1181
1269
1205
1266
1314
1252
1074
1166
1223
1292
1237
1199
1260
1309
1348
2841
1218
1237
1274
1277
1257
1187
1133
1234
1258
1261
1288
1274
1276
1281
1208
1216
1228
1220
1277
1262
1222
1312
1258
1243
1200
1261
1248
1177
1230
1283
1266
1254
1240
1217
1264
1193
1262
1248
1154
1203
1319
1209
1206
1220
1225
1157
1235
1219
1254
1248
1270
1204
1229
1233
1201
1260
1266
1270
1220
1285
1272
1262
1268
1249
1260
1262
1273
1245
1288
1252
1179
1266
1180
1258
1243
1258
1251
1100
1279
1237
1179
1289
1259
1776
1374
1180
1398
1219
1256
1210
1750
1369
1212
1264
1246
1244
1267
1267
1249
1191
1249
1240
1259
1238
1287
1248
1220
1229
1237
1185
1274
1261
1246
1237
1246
1236
1350
1266
1335
1288
1247
1233
1217
1206
1331
1256
1221
1161
1226
1230
1251
1260
1221
1222
1216
1201
1262
1240
1295
1235
1250
1405
1272
1225
1267
1213
1268
1273
1185
1250
1288
1249
1503
1680
1677
1568
1523
1566
1214
1242
1359
1326
1236
1214
1222
1215
1135
1250
1200
1262
1249
1284
1225
1241
1224
1224
1276
1242
1254
1208
1278
1232
1228
1262
1237
1259
1211
1276
1217
1265
1277
1236
1300
1257
1258
1175
1280
1224
1275
1238
1308
1307
1238
1255
1246
1230
1235
1277
1251
1255
1233
1212
1173
1318
1296
1262
1264
1242
1198
1235
1224
1246
1203
1224
1256
1245
1192
1200
1162
1210
1213
1232
1256
1271
1201
1350
1316
1235
1318
1237
1245
1199
1224
1264
1247
1379
1254
1468
1261
1247
1452
1234
1235
1254
1275
1311
1204
1251
1249
1252
1374
1472
1200
1251
1243
1264
1223
1239
1278
1269
1331
1246
1255
1254
1205
1393
1220
1211
1383
1260
1255
1193
1223
1218
1229
1223
1251
1218
1312
1191
1226
1215
1266
1199
1605
1210
1215
1177
1273
1213
1145
1286
1278
1285
1427
1226
1206
1287
1226
1238
1311
1212
1258
1367
1235
1172
1356
1216
1226
1230
1245
1277
1262
1374
1244
1252
1218
1234
1256
1284
1237
1274
1272
1262
1239
1348
1190
1202
1201
1285
1268
1240
1459
1348
1219
1232
1243
1262
1254
1268
1211
1213
1284
1211
1277
1218
1219
1227
1222
1292
1246
1252
1204
1240
1816
1238
1242
1329
1261
1335
1223
1476
1249
1212
1250
1228
1253
1222
1285
1218
1234
1226
1226
1265
1240
1262
1248
1222
1268
1211
1203
1212
1199
1394
1297
1235
1245
1275
1236
1267
1226
1275
1311
1262
1267
1277
1318
1654
1683
1277
1268
1281
1190
1220
1234
1276
1589
1753
1636
1628
1524
1767
1535
1625
1748
1223
1245
1200
1184
1650
1680
1297
1233
1285
1205
1654
1619
1586
1582
1704
1733
1760
1584
1632
1488
1751
1473
1261
1419
1780
1670
1360
1530
1561
1266
1701
1607
1557
1515
1565
1640
1331
1271
1334
1266
1620
1268
1254
1224
1246
1552
1192
1202
1195
1577
1532
1555
1607
1267
1217
1828
1644
1629
1769
1257
1886
1553
1587
1525
1671
1309
1669
1522
1573
1647
1253
1262
1248
1582
1787
1275
1295
1222
1620
1239
1943
1265
1424
1254
1191
1292
1280
1296
1198
1254
1247
1268
1346
1354
1256
1235
1261
1265
1167
1264
1267
1279
1290
1237
1273
1239
1242
1218
1231
1221
1248
1620
1173
1215
1204
1220
1229
1237
1209
1131
1190
1182
1366
1199
1221
1209
1218
1233
1217
1282
1231
1239
1233
1227
1320
1254
1242
1194
1207
1225
1242
1191
1215
1261
1248
1199
1257
1230
1170
1216
1270
1240
1242
1226
1230
1239
1191
1218
1181
1204
1225
1241
1199
1210
1198
1241
1215
1231
1242
1212
1288
1230
1269
1217
1238
1216
1246
1228
1230
1251
1250
1241
1220
1203
1177
1195
1233
1266
1253
1229
1284
1232
1236
1200
2942
1222
1214
1168
1233
1254
1216
1169
1157
1212
2732
1201
1220
1211
1243
1319
1217
1246
1157
1162
1251
1274
1282
1273
1240
1479
1273
1196
1245
1228
1431
1155
1290
1197
1199
1256
1238
1197
1245
1221
1405
1242
1211
1206
1231
1695
1224
1197
1194
1235
1960
1257
1211
1246
1277
1238
1221
1205
1188
1225
1195
1221
1259
1238
1297
1229
1245
1196
1235
1241
1286
1273
1252
1172
1259
1280
1246
1205
1254
1222
1218
1295
1252
1248
1192
1181
1263
1249
1280
1177
1228
1244
1180
1230
1300
1275
1260
1224
1290
1197
1215
1266
1196
1208
1243
10326
1246
1230
1252
1242
1237
1197
2683
1143
1174
1225
1421
1241
1218
1422
1228
1245
1292
1200
1228
1210
1204
1261
1180
1298
1305
1212
1201
1242
1319
1272
1223
1194
1185
1245
1234
1957
1248
1205
1211
1175
1228
1320
1227
1256
1264
1256
1266
1189
1260
1253
1208
1311
1214
1215
1234
1214
1248
1274
1298
1259
1248
1260
1270
1279
1243
1423
1267
1344
1217
1259
1256
1818
1262
1269
1207
1220
1281
1202
1243
1250
1389
1278
1233
1321
1220
1247
1239
1169
1256
1230
1239
1298
1220
1258
1268
1221
1258
1174
1194
1187
1279
1232
1260
1215
1227
1206
1240
1243
1188
1208
1251
1211
1217
1197
1248
1208
1248
1203
1168
1246
1229
1216
1241
1235
1233
1254
1254
1229
1208
1230
1235
1222
1250
1253
1215
1243
1206
1259
1227
1244
1251
1186
1245
1252
1203
1261
1171
1225
1255
1754
1188
1222
1204
1241
1238
1211
1183
1353
1248
1164
1266
1226
1116
1237
1222
1289
1182
1239
1235
1179
1201
1232
1248
1272
1212
1162
1573
1233
1246
1260
1333
1293
1272
1207
1219
1198
1343
1225
1202
1244
1176
1221
1269
1141
1177
1162
1183
1222
1114
1229
1151
1133
1097
1159
1067
1073
1173
1240
1255
1245
1200
1177
1151
1159
1140
1511
1118
1127
1153
1135
1166
1165
1207
1191
1165
1251
1107
1200
1125
1380
1155
1159
1158
1197
1197
1151
1204
1138
1202
1156
1141
1176
1167
1184
1160
1178
1199
1144
1130
1407
1181
1178
1202
1162
1133
1182
1157
1479
1136
1186
1252
1220
1144
1134
1228
1147
1149
1142
1199
1178
1190
1177
1156
1203
1227
1249
1162
1264
1110
1154
1170
1198
1181
1199
1148
1194
1204
1836
1240
1179
1144
1187
1225
1261
1126
1495
1187
1113
1205
1166
1217
1200
1149
1298
1400
1142
1199
1163
1162
1198
1121
1245
1124
1226
1144
1191
1182
1204
1132
1249
1378
1244
1321
1243
1155
1217
1148
1212
1150
1183
1211
1149
1214
1215
1209
1156
1153
1228
1299
1138
1201
1106
1157
1221
1171
1162
1117
1190
1174
1153
1260
1172
1187
1224
1150
1166
1202
1171
1169
1160
1131
1163
1193
1160
1196
1062
1188
1231
1139
1132
1166
1197
1159
1158
1164
1181
1174
1173
1136
1150
1208
1205
1195
1187
1212
1147
1172
1194
1143
1147
1158
1204
1191
1234
1146
1136
1173
1209
1147
1161
1172
1151
1175
1206
1142
1144
1167
1178
1257
1177
1134
1195
1179
1182
1166
1210
1206
1169
1221
1198
1202
1188
1238
1204
1202
1194
1175
1191
1106
1115
1072
1169
1124
1182
1118
1248
1110
1175
1171
1246
1038
1171
1159
1119
1188
1180
1208
1184
1153
1158
1203
1182
1212
1143
1188
1201
1188
1126
1158
1126
1165
1078
1050
1147
1150
1106
1144
1209
1109
1137
1134
1207
1188
1144
1159
1180
1180
1194
1184
1156
1144
1166
1131
1211
1155
1142
1143
1148
1506
1291
1216
1145
1194
1207
1165
1176
1194
1185
1328
1178
1117
1163
1109
1210
1214
1166
1221
1206
1175
1177
1235
1178
1111
1218
1181
1088
1227
1167
1160
1186
1195
1193
1187
1156
1341
1159
1231
1176
1226
1232
1156
1164
1189
1188
1160
1185
1821
1218
1431
1256
1162
1225
1171
1201
1302
1199
1197
1180
1193
1191
1184
1203
1206
1161
1231
1238
1191
1186
1187
1195
1178
1177
1231
1156
1241
1230
1188
1159
1109
1245
1165
1226
1176
1187
1218
1131
1187
1166
1148
1140
1182
1162
1214
1193
1149
1242
1212
1161
1217
1160
1149
1110
1145
1279
1152
1264
1122
1201
1240
1115
1167
1158
1221
1168
1252
1145
1148
1163
1132
1193
1202
1160
1189
1162
1193
1126
1154
1144
1218
1164
1210
1207
1184
1173
1185
1134
1158
1187
1190
1127
1178
1177
1238
1200
1212
1169
1175
1150
1209
1280
1199
1152
1189
1159
1193
1174
1417
1174
1269
1180
1150
1189
1225
1185
1231
1170
1216
1136
1189
1191
1171
1200
1198
1402
1792
1545
2156
1232
1549
1228
1310
1459
1240
1206
1155
1197
1073
1159
1195
1119
1178
1162
1191
1200
1196
1244
1240
1216
1216
1133
1138
1189
1144
1182
1138
1209
1289
1208
1347
1214
1149
1133
1149
1220
1200
1110
1067
1226
1174
1187
1198
1184
1203
1127
1161
1099
1170
1220
1203
1182
1162
1174
1159
1145
1176
1177
1244
1178
1176
1187
1206
1136
1260
1163
1154
1185
1146
1231
1296
1169
1188
1162
1201
1204
1177
1143
1194
1229
1185
1308
1363
1218
1205
1203
1160
1119
1199
1216
1209
1199
1154
1210
1331
1289
1677
1433
1411
1372
1166
1185
1210
1164
1223
1565
1208
1134
1135
1146
1196
1185
1171
1177
1214
1170
1156
1157
1200
1189
1205
1151
1230
1166
1173
1168
1161
1149
1153
1156
1142
1124
1172
1161
1160
1145
1148
1178
1194
1163
1151
1132
1146
1370
1166
1200
1158
1137
1150
1207
1204
1156
1203
1121
1305
1210
1146
1152
1116
1153
1199
1189
1138
1120
1184
1192
1123
1152
1157
1108
1384
1142
1200
1146
1141
1137
1172
1137
1120
1132
1160
1209
1475
1322
1120
1222
1161
1148
1194
1175
1235
1162
1252
1312
1225
1203
1112
1138
1185
1139
1221
1128
1088
1131
1145
1140
1088
1236
1402
1140
1167
1124
1122
1044
1169
1194
1198
1122
1186
1187
1206
1160
1153
1144
1210
1128
1201
1149
1794
1460
1208
1120
1157
1150
1206
1151
1167
1134
1152
1290
1153
1114
1229
1123
1120
1216
1127
1237
1658
1157
1179
1212
1141
1183
1111
1181
1138
1142
1218
1146
1162
1142
1143
1059
1221
1137
1227
1106
1143
1119
1120
1163
1167
1150
1126
1183
1120
1128
1206
1105
1448
1240
1185
1222
1268
1175
1212
1176
1194
1174
1135
1110
1160
1172
1186
1191
1133
1130
1151
1181
1165
1099
1090
1108
1095
1187
1175
1105
1164
1136
1120
1171
1154
1147
1112
1237
1640
1217
1126
1189
1149
1192
1154
1172
1135
1206
1120
1142
1140
1153
1120
1107
1116
1095
1162
1200
1179
1177
1154
1105
1146
1131
1189
1158
1120
1170
1135
1153
1089
1164
1187
1152
1117
1171
1160
1138
1154
1101
1191
1195
1124
1149
1149
1122
1185
1170
1183
1169
1177
1116
1141
1223
1385
1202
1194
1179
1058
1132
1211
1127
1136
1185
1368
1196
1266
1096
1165
1153
1185
1135
1186
1138
1151
1188
1255
1319
1294
1226
1243
1276
1359
1324
1220
1269
1319
1337
1269
1252
1276
1314
1268
1279
1296
1340
1296
1197
1236
1321
1306
1309
1325
1255
1294
1259
1252
1309
1277
1232
1271
1314
1249
1218
1440
1255
1205
1231
1283
1344
1295
1315
1763
1312
1575
1292
1324
1377
1225
1196
1280
1274
1260
1234
1391
1383
1288
1317
1324
1453
1282
1214
1255
1270
1516
1274
1319
1237
1200
1308
1246
1303
1309
1300
1454
1278
1292
1255
1210
1313
1276
1267
1437
1281
1324
1279
1309
1318
1245
1269
1279
1331
1245
1229
1257
1249
1233
1203
1371
1243
1247
1336
1422
1280
1372
1283
1297
1282
1296
1280
1273
1275
1319
1306
1296
1278
1299
1383
1305
1305
1255
1322
1312
1328
1317
1280
1277
1207
1277
1308
1307
1269
1282
1271
1288
1284
1295
1304
1337
1322
1236
1251
1280
1447
1298
1272
1281
1282
1262
1312
1323
1319
1285
1368
1280
1329
1311
1329
1242
1348
1272
1607
1227
1276
1286
1301
1225
1280
1246
1279
1247
1265
1227
1273
1245
1246
1235
1258
1300
1312
1342
1181
1332
1298
1280
1220
1370
1508
1344
1303
1264
1285
1279
1285
1321
1273
1291
1283
1287
1666
1314
1315
1296
1277
1295
1300
1313
1407
1297
1277
1258
1280
1283
1280
1297
1303
1397
1344
1344
1295
1317
1699
1283
1238
1349
1291
1304
1324
1315
1306
1289
1326
1289
1280
1249
1306
1255
1395
1370
1387
1358
1354
1368
1460
1388
1337
1373
1358
1348
1417
1359
1416
1442
1386
1415
1347
1398
1397
1461
1377
1524
1499
1453
1687
1381
1399
1457
1437
1441
1412
1478
1520
1401
1479
1504
1427
1441
1434
1398
1462
1399
1438
1460
1448
1364
1459
1407
1451
1461
1512
1407
1435
1443
1768
1382
1419
1436
1432
1370
1440
1419
1448
1440
1423
1435
1476
1428
1414
1457
1471
1445
1402
1472
1472
1434
1459
1414
1479
1531
1476
1502
1487
1394
1426
1410
1380
1379
1566
1400
1378
1400
1377
1440
1423
1398
1427
1467
1462
1388
1430
1390
1450
1456
1444
1976
1470
1471
1462
1457
1404
1418
1435
1407
1430
1446
1404
1424
1427
1451
1389
1421
1415
1642
1598
1423
1355
1765
1493
1556
1463
1386
1473
1633
1557
1416
1377
1465
1409
1461
1437
1482
1420
1399
1425
1408
1381
1395
1348
1647
1419
1397
1351
1435
1520
1418
1486
1426
1405
1399
1442
1459
1813
1421
1478
1374
1444
1463
1452
1389
1393
1381
1390
1358
1429
1442
1442
1446
1385
1413
1463
1440
1403
1466
1447
1399
1419
1346
1429
1367
1388
1389
1391
1386
1433
1465
1403
1406
1416
1388
1427
1429
1400
1362
1433
1397
1470
1386
1423
1373
1359
1448
1412
1339
1526
1358
1357
1459
1394
1402
1350
1531
1468
1410
1419
1406
1381
1431
1446
1401
1451
1400
1441
1457
1388
1337
1476
1415
1445
1368
1428
1393
1379
1466
1368
1446
1478
1415
1425
1403
1399
1399
1435
1300
1398
1473
1471
1439
1405
1454
1501
1467
1353
1362
1442
1380
1577
1453
1431
1426
1384
1410
1407
1425
3200
3080
3177
4834
3140
3073
3114
3137
3710
3100
2990
3034
3183
3200
3047
3153
3283
3140
4106
2906
3137
3143
3194
3130
3007
3087
3936
3894
3244
3326
3536
2980
2993
3033
3220
3030
3004
3197
3120
3063
3023
3003
3057
3160
3083
3096
3040
3167
3100
4096
3323
3237
3054
3367
3193
3070
3036
3063
3477
2987
3233
3616
3154
3046
3297
3070
3027
3090
3113
3110
3307
3050
3360
3180
3096
3060
3133
3120
3154
3094
3084
3100
3047
3167
3004
3140
3030
3177
3190
3080
3067
3020
3113
3240
3126
2986
3247
3543
3047
3143
3060
3157
3107
3130
3176
3110
3520
3820
3024
3056
3204
3093
2946
4157
3283
3007
3243
3063
3273
3360
3033
3203
2639
1313
1321
14260
1268
1310
1329
1320
1251
1273
1357
1237
1268
1604
1305
1330
1323
1268
1239
1263
1242
1230
1245
1318
1255
1294
1266
1235
1266
1254
1279
1317
1299
1268
1438
1338
1312
1311
1328
1305
1350
1274
1295
1267
1208
1157
1293
1321
1359
1256
1282
1329
1326
1250
1308
1209
1283
1328
1243
1229
1283
1256
1309
1322
1262
1279
1326
1292
1241
1293
1336
1309
1284
1207
1294
1629
1309
1245
1241
1268
1299
1243
1306
1285
1231
1306
1422
1292
1332
1268
1283
1300
1292
1327
1328
1549
1317
1282
1303
1285
1299
1274
1270
1246
1270
1263
1262
1269
1313
1264
1266
1288
1280
1240
1261
1287
1271
1308
1274
1299
1267
1294
1253
1314
1270
1278
1305
1296
1275
1267
1263
1340
1556
1416
1282
1294
1306
1234
1314
1354
1279
1505
1335
1398
1299
1248
1278
1311
107674
46016
20359
8612
8400
8026
7540
58003
17590
23476
2550
2200
2141
2192
2089
2192
2031
2056
2139
2167
2091
2176
2082
2072
2042
2044
2102
2200
2108
2253
2113
2140
2108
2036
2184
2302
2233
2122
2143
2089
2104
2166
2492
2146
2199
2098
2040
1986
2061
2028
2050
2120
2536
2225
2145
2271
2191
2064
2027
2375
2121
2327
2143
2216
2148
2149
2018
2012
2068
2103
2038
2382
2121
2057
2242
2086
2070
2178
2154
2099
2078
2078
2028
2103
2085
2011
2068
1747
93434
2275
2144
2146
2038
2186
2080
2247
2259
2062
2148
2166
2096
2149
1957
2033
2189
2154
2133
2455
2095
2263
2103
2012
2156
2608
2676
2358
2241
2263
2240
2160
2078
2285
2129
2117
2021
2144
2185
2148
2279
2122
2017
2110
2057
2124
2079
2191
2079
2202
2127
2062
2086
2123
2164
2069
2210
2122
2110
2136
2160
2431
2127
2057
2195
2224
2072
2285
2137
2232
2145
2002
2110
2124
2847
2229
2302
2201
2120
2080
2086
2059
2219
2159
2295
2086
2079
2142
2229
2121
2091
2035
78983
2199
2962
2403
2097
2152
2079
2065
2232
2134
2015
2176
1993
2199
2267
2172
2030
3025
2174
2051
2173
2133
2165
2349
2509
2170
2732
2181
2141
2061
2211
2115
2122
2211
2088
2115
2273
2360
3881
3135
2894
3113
3301
2435
2307
2209
2196
2054
2129
2057
2091
2119
2135
2112
2042
4331
2091
2089
2060
2157
2027
2183
2235
2133
2138
2069
2338
2118
2171
2274
2235
2420
2168
2195
2282
2238
2315
2154
2018
17824
2246
2212
2333
2225
2092
2115
2089
2449
1994
2146
2124
2100
73410
2095
2121
2117
2211
2192
2213
2113
2202
2593
2237
2040
2091
2197
2266
2152
2166
2083
2447
2028
2297
2171
2286
2530
2074
2113
43974
2093
2091
2200
14182
1971
2121
2181
2128
2046
2157
2163
2120
2065
2081
2208
2116
2122
2136
2148
2122
2155
2141
2160
2136
2145
2157
2216
2100
2114
2057
2211
2000
2146
2157
2105
2098
2231
2082
2109
2405
2232
2201
2314
2225
2085
2195
2229
2417
2072
2188
2149
2085
2193
2173
2037
1980
2137
2172
2092
2250
2315
2111
2136
2241
2087
82353
2149
2080
2026
2106
2161
2053
2165
2758
2061
2144
2123
2145
2333
2124
2160
2127
2440
2583
2205
2097
2087
2266
2084
2097
2134
2132
2147
2195
2174
2151
2087
2182
2120
2063
2174
2040
2157
2169
2220
2097
2025
2321
2121
2168
2420
2281
2161
2803
2197
2166
2232
2142
2164
2122
2212
2148
2146
2105
2042
2024
2242
2191
2075
2100
2093
2168
2153
2191
2065
2187
2274
2197
2069
2255
2171
2160
2148
1947
2106
2156
2238
2100
2038
2147
2063
2065
2072
2170
2297
2340
2166
93425
2199
1926
2178
2031
2138
2075
2032
25135
13940
1149
1188
1112
1147
1161
1174
1109
1165
1137
1190
1105
2893
3000
2800
2904
2880
2760
2807
2887
2810
2947
2680
2947
2854
2830
2986
2860
2916
2874
2760
2963
2784
2827
2910
2953
2807
2917
2934
2964
2913
2913
3707
2867
2776
2810
2864
2816
2976
2886
3063
2940
2814
2767
3427
2933
2863
2883
2827
2904
2917
2927
3323
3657
3533
3710
3640
3653
3434
3690
3326
2840
2860
2906
2970
3020
3506
3030
2907
3010
2760
3493
2843
3030
2943
2957
2860
2910
2893
2987
2750
3377
2900
2850
2970
2916
2760
2907
2994
2813
2720
2700
2806
2846
2883
2837
2740
2770
2916
2933
2977
3417
2923
2934
2943
2796
2790
2803
2783
2933
2954
2953
2847
2974
2866
2863
2874
2887
2850
2803
2983
2950
2960
3443
2930
2726
2807
2784
2880
2754
2810
2807
2870
1198
1207
1152
1266
1142
1162
1150
1160
1188
1209
1178
1192
1215
1113
1202
1208
1228
1205
1208
1204
1179
1090
1256
1102
1198
1175
1137
1123
1144
1145
1254
1052
1118
1139
1199
1160
1200
1172
1153
1172
1210
1201
1303
1171
1203
1132
1158
1200
1121
1098
1199
1111
1118
1161
1174
1137
1112
1187
1180
1200
1181
1284
1186
1265
1246
1224
1159
1141
1203
1179
1188
1149
1150
1152
1204
1222
1117
1207
1050
1246
1109
1130
1203
1472
1227
1198
1185
1202
1218
1188
1197
1141
1160
1249
1207
1166
1156
1187
1163
1194
1204
1145
1145
1185
1211
1160
1219
1180
1265
1170
1235
1137
1155
1182
1245
1177
1140
1199
1122
1184
1207
1190
1162
1218
1178
1152
1121
1230
1177
1124
1178
1167
1166
1219
1143
1239
1230
1167
1147
1179
1196
1226
1176
1200
1209
1189
1191
1184
1202
1177
1204
1193
1215
1143
1137
1179
1091
1082
1219
1261
1163
1172
1143
1394
1213
1210
1159
1190
1182
1324
1188
1178
1151
1211
1231
1125
1171
1195
1192
1148
1131
1098
1142
1093
1225
1133
1128
1159
1194
1161
1059
1226
1123
1157
1190
1217
1161
1145
1163
1192
1167
1154
1158
1119
1099
1153
1726
1148
1217
1182
1209
1097
1128
1220
1212
1203
1239
1217
1198
1191
1174
1195
1208
1115
1253
1141
1107
1212
1265
1151
1148
1190
1205
1181
1145
1146
1279
1133
1199
1229
1160
1176
1142
1110
1138
1190
1157
1139
1173
1194
1202
1179
1178
1230
1169
1205
1185
1125
1135
1152
1193
1106
1195
1084
1072
1157
1187
1192
1170
1189
1192
1166
1161
1185
1146
1176
1140
1196
1147
1129
1216
1199
1135
1191
1223
1184
1186
1158
1193
1158
1189
1158
1208
1287
1178
1204
1199
1179
1162
1201
1202
1203
1109
1162
1100
1211
1177
1136
1169
1196
1140
1196
1154
1157
1176
1224
1475
1283
1213
1133
1158
1269
1199
1185
1166
1553
1150
1185
1259
1207
1155
1213
1200
1215
1171
1243
1270
1233
1198
1169
1298
1215
1261
1265
1235
1213
1216
1550
1256
1179
1290
1205
1254
1228
1214
1260
1237
1253
1212
1193
1249
1212
1261
1266
1270
1235
1206
1219
1168
1220
1192
1262
1235
1216
1301
1234
1266
1246
1172
1198
1185
1242
1289
1253
1244
1257
1240
1195
1215
1295
1174
1238
1214
1146
1233
1243
1273
1240
1221
1215
1239
1223
1243
1255
1290
1236
1231
1300
1216
1246
1201
1307
1250
1250
1229
1223
1274
1249
1227
1184
1227
1162
1246
1205
1206
1529
1218
1449
1222
1263
1206
1183
1226
1189
1235
1202
1242
1197
1232
1255
1254
1234
1197
1256
1173
1267
1181
1236
1233
1227
1173
1165
1161
1229
1168
1285
1180
1186
1208
1202
1205
1190
1211
1201
1084
1285
7347
1276
1232
1150
1199
1189
1302
1320
1219
1255
1187
1257
1239
1234
1160
1261
1166
1209
1200
1247
1254
1195
1193
1164
1241
1268
1250
1225
1201
1376
1193
1162
1240
1218
1371
1233
1226
1288
1230
1303
1134
1212
1181
1195
1290
1191
1195
1211
1138
1450
1183
1149
1212
1231
1223
1286
1237
1194
1218
1146
1169
1251
1173
1239
1210
1218
1196
1194
1184
1189
1231
1239
1228
1233
1191
1202
1306
1254
1180
1118
1220
1280
1226
1225
1168
1220
1400
1281
1222
1210
1172
1207
1214
1189
1167
1162
1200
1117
1169
1239
1171
1219
1227
1283
1272
1640
1242
1206
1220
1243
1200
1249
1141
1231
1196
1308
1192
1160
1284
1265
1241
1231
1137
1257
1312
1239
1271
1196
1250
1232
1256
1240
1205
1230
1210
1205
1319
1241
1163
1212
1155
1230
1309
1208
1178
1221
1170
1180
1211
1250
1260
1221
1412
1282
1190
1241
1130
1142
1195
1306
1218
1238
1216
1709
1220
1221
1261
1196
1507
1269
1180
1187
1194
1220
1223
1206
1237
1206
1252
1161
1285
1259
1210
1200
1215
1204
1222
1234
1230
1148
1246
1321
1260
1162
1196
1241
1231
1326
1224
1200
1158
1186
1409
1140
1167
1250
1184
1230
1246
1232
1117
1137
1218
1267
1242
1215
1205
1225
1193
1164
1249
1254
1282
1266
1116
1154
1253
1203
1237
1275
1161
1266
1889
1359
1202
1256
1195
1260
1285
1244
1057
1275
1156
1198
1189
1226
1192
1175
1194
1216
1167
1212
1228
1294
1238
1244
1296
1271
1198
1212
1162
1235
1138
1159
1230
1162
1217
1263
1145
1222
1178
1304
1190
1243
1282
1223
1179
1184
1220
1234
1300
1539
1121
1240
1233
1210
1269
1255
1142
1213
1145
1238
1172
1180
1173
1227
1222
1159
1225
1203
1194
1218
1171
1202
1240
1200
1246
1170
1233
1240
1230
1213
1229
1244
1266
1198
1290
1219
1204
1195
1270
1247
1273
1208
1151
1221
1178
1253
1230
1226
1233
1221
1214
1200
1260
1209
1237
1199
1218
1195
1258
1247
1256
1233
1481
1692
1220
1265
1171
1237
1203
1117
1465
1197
1235
1330
1269
1176
1247
1250
1292
1316
1198
1255
1185
1223
1203
1201
1278
1280
1230
1222
1201
1161
1258
1252
1230
1259
1230
1288
1228
1268
1298
1234
1200
1260
1212
1228
1177
1196
1272
1245
1227
1238
1194
1224
1222
1201
1200
1184
1258
1182
1263
1181
1201
1250
1310
1174
1240
1165
1240
1317
1174
1191
1181
1216
1153
1199
1214
1180
1236
1211
1302
1252
1172
1251
1230
1199
1218
1146
1262
1203
1182
1210
1221
1200
1243
1240
1168
1215
1269
1154
1207
1268
1250
1236
1217
1179
1167
1207
1229
1168
1230
1302
1213
1205
1158
1262
1202
1184
1160
1174
1223
1206
1249
1217
1193
1231
1190
1265
1225
1262
1266
1268
1196
1247
1233
1220
1284
1173
1162
1219
1195
1234
1265
1251
1192
1168
1167
1130
1218
1235
1182
1254
1222
1264
1177
1210
1224
1203
1174
1270
1250
1171
1230
1248
1274
1196
1213
1150
1252
1123
1755
1184
1169
1199
1226
1152
1265
1206
1230
1232
1226
1328
1144
1192
1210
1204
1377
1220
1278
1141
1200
1158
1195
1263
1260
1259
1181
1256
1260
1206
1264
1198
1253
1244
1233
1246
1231
1243
1260
1193
1203
1565
1241
1250
1370
1135
1223
1172
1283
1223
1227
1211
1147
1219
1177
1224
1160
2843
2907
2707
2824
2854
2926
2854
2750
2790
2966
2880
2807
2757
2827
2974
2963
2917
3550
2893
2863
2863
3030
2846
3064
2803
3207
2880
2727
2923
2920
2973
2833
2940
2870
2667
2876
2803
2763
2816
2926
2890
3010
2907
2760
2793
2873
2933
2913
2807
2756
2900
2840
2873
2933
2783
2910
2886
2914
2850
2836
2790
2893
2796
2904
2900
2853
2914
2840
2906
2854
2863
2830
2853
3016
2820
2977
2823
2866
2967
2850
2953
2780
2767
3003
3766
2900
2793
2856
2786
2850
2873
2847
2913
2916
2930
2997
2970
2800
3830
2787
2847
3027
2903
3254
2770
2800
2807
2980
2883
2836
2826
2913
2883
2910
2856
2780
2813
3020
2807
2867
3247
2917
2713
2976
3037
2843
2750
2847
2850
3257
2910
2943
2860
2874
2950
2857
2874
2693
2920
2920
2931
3044
2612
2680
2620
4752
2619
2525
3071
2608
2708
2523
2504
3300
4223
2592
2597
2734
2628
2640
2654
2606
2634
2698
2605
2560
2598
2611
2617
2517
2709
2616
2457
2706
2546
2712
2625
2606
2577
2623
2640
2505
2574
2925
2597
2769
2651
2614
2503
2834
2612
2686
2597
3035
2643
2786
2643
2615
2708
2697
2603
2654
2714
2689
2617
2661
2608
2620
12255
2635
2837
2742
2691
2489
2837
2543
2632
2592
2660
2565
2743
2491
2708
2620
2569
2880
2338
2817
2666
2539
2846
2618
2602
2728
2660
2643
2566
2640
3137
2629
2854
2568
2633
2543
2517
2755
2614
2626
2783
2606
2343
2446
2669
2722
2659
2749
2520
2628
2626
2566
2568
3523
2737
2545
2546
2703
2691
2595
2597
2768
2854
2582
2691
2498
2576
2460
2651
2614
2629
2581
2643
2480
2634
2618
2614
2528
2552
2457
2549
2840
2632
2800
2619
2503
2614
2611
2731
2663
1421
1262
1231
1057
1203
1271
1188
1085
1179
1166
1240
1223
1193
1122
1201
1112
1169
1160
1207
1196
1221
1092
1161
1207
1196
1128
1215
1159
1203
1160
1166
1160
1214
1164
1167
1190
1174
1179
1124
1184
1227
1181
1184
1140
1159
1121
1159
1233
1235
1164
1159
1159
1206
1137
1176
1194
1100
1151
1170
1178
1215
1203
1201
1195
1193
1157
1184
1159
1135
1171
1105
1242
1123
1261
1339
1329
1500
1179
1136
1168
1210
1149
1188
1150
1189
1187
1183
1236
1128
1236
1202
1124
1140
1188
1170
1243
1204
1143
1169
1135
1754
1127
1192
1210
1183
1172
1132
1166
1113
1117
1209
1136
1176
1156
1130
1140
1200
1162
1154
1162
1165
1147
1133
1150
1163
1201
1218
1204
1213
1214
1156
1258
1211
1188
1192
1201
1169
1183
1145
1163
1183
1333
1178
1527
1158
1131
1211
1115
1160
1077
1203
1174
1114
1188
1158
1108
1099
1148
1214
1185
1222
1227
1122
1202
1415
1126
1105
1187
1145
1171
1161
1184
1126
1171
1160
1221
1126
1160
1122
1200
1154
1168
1318
1216
1169
1191
1204
1065
1126
1199
1125
1192
1119
1168
1121
1155
1272
1197
1169
1191
1080
1182
1239
1206
1145
1153
1149
1171
1134
1120
1160
1200
1110
1590
1167
1059
1185
1165
1212
1146
1131
1127
1197
1179
1118
1075
1148
1091
1312
1100
1167
1234
1210
1100
1200
1138
1097
1200
1136
1186
1216
1140
1146
1167
1120
1245
1154
1157
1068
1186
1151
1182
1166
1135
1153
1149
1140
1138
1088
1149
1331
1158
1165
1158
1135
1209
1179
1096
1150
1152
1195
1079
1202
1212
1188
1188
1119
1109
1163
1178
1197
1210
1144
1168
1233
1162
1215
1195
1177
1118
1253
1160
1197
1126
1202
1171
1212
1244
1136
1148
1216
1114
1197
1092
1116
1146
1168
1185
1174
1173
1154
1211
1166
1229
1097
1091
1143
1152
1129
1080
1121
1160
1420
1157
1155
1163
1105
1144
1191
1133
1160
1159
1182
1156
1131
1139
1057
1074
1221
1114
1204
1147
1138
1157
1143
1231
1114
1181
1116
1077
1419
1055
1179
1095
1141
1115
1263
1136
1160
1143
1136
1977
1163
1182
1134
1192
1281
1131
1186
1140
1111
1239
1171
1177
1103
1138
1167
1192
1144
1128
1158
1143
1176
1188
1114
1179
1104
1194
1117
1087
1178
1146
1149
1144
1140
1152
1264
1197
1176
1142
1167
1069
1118
1137
1116
1153
1159
1184
1193
1139
1104
1054
1142
1215
1126
1179
1196
1186
1156
1346
1241
1175
1233
1103
1199
1109
1162
1150
1117
1112
1138
1090
1161
1155
1168
1140
1119
1124
1121
1066
1108
1197
1112
1140
1150
1237
1123
1070
1160
1163
1158
1131
1130
1120
1102
1102
1168
1138
1136
1148
1170
1138
1116
1126
1150
1114
1133
1112
1130
1109
1200
1129
1067
1079
1204
1122
1173
1094
1156
1174
1160
1165
1143
1184
1143
1180
1143
1110
1167
1142
1122
1203
1197
1127
1149
1161
1132
1124
1155
1180
1154
1191
1128
1139
1200
1143
1137
1131
1133
1164
1143
1120
1157
1123
1192
1195
1175
1198
1181
1059
1185
1118
1113
1224
1105
1147
1080
1139
1084
1147
1175
1108
1146
1116
1178
1108
1141
1187
1154
1075
1115
1070
1173
1133
1145
1146
1121
1173
1059
1159
1134
1108
1128
1112
1158
1239
1184
1159
1107
1086
1109
1102
1177
1106
1144
1147
1115
1159
1199
1124
1163
1159
1214
1148
1144
1166
1075
1212
1104
1097
1190
1181
1135
1190
1112
1211
1422
1114
1062
1204
1155
1616
1141
1153
1193
1163
1073
1102
1159
1154
1110
1209
1145
1142
1165
1122
1141
1177
1135
1158
1134
1180
1114
1130
1104
1137
1122
1133
1193
1081
1132
1122
1107
1176
1126
1143
1131
1131
1092
1136
1147
1140
1191
1087
1129
1156
1093
1221
1191
1099
1166
1156
1195
1151
1158
1140
1158
1131
1157
1153
1183
1155
1123
1122
1143
1107
1126
1143
1161
1146
1155
1123
1123
1251
1160
1093
1164
1138
1148
1148
1135
1147
1157
1088
1160
1131
1114
1117
1108
1141
1108
1117
1239
1427
1148
1178
1138
33583
1225
1083
1170
1169
1095
1124
1136
1026
1068
1156
1157
1138
1095
1240
1139
1198
1274
1188
1168
1149
1159
1199
1173
1101
1163
1160
1144
1125
1170
1217
1185
1155
1120
1146
1107
1189
1098
1139
1099
1164
1148
1124
1170
1159
1144
1119
1097
1138
1143
1126
1157
1174
1160
1147
1175
1152
1197
1465
1212
1175
1148
1118
1085
1148
1151
1127
1186
1193
1165
1106
1197
1132
1162
1182
1210
1170
1206
1195
1159
1198
1153
1213
1148
1144
1168
1151
1092
1204
1142
1118
1075
1393
1072
1168
1148
1181
1399
1143
1113
1071
1249
1314
1158
1170
1174
1460
1474
1116
1100
1175
1137
1223
1142
1116
1169
1217
1302
1210
1263
1138
1212
1173
1160
1218
1241
1147
1123
1134
1240
1151
1185
1172
1190
1071
1133
1161
1103
1134
1108
1127
1117
1172
1180
1151
1193
1139
1181
1142
1105
1107
1107
1127
1144
1059
1175
1064
1068
1149
1149
1133
1162
1170
1135
1197
1184
1157
1178
1137
1136
1153
1194
1178
1148
1160
1106
1145
1094
1157
1163
1158
1149
1164
1136
1125
1184
1166
1272
1105
1087
1149
1187
1186
1197
1186
1189
1189
1188
1192
1119
1168
1101
1254
1176
1132
1145
1165
1099
1171
1182
1088
1119
1247
1144
1006
1217
1161
1199
1082
1148
1282
1168
1087
1178
1135
1181
1153
1103
1111
1081
1149
1162
1147
1108
1094
1172
1178
1159
1160
1099
1088
1092
1111
1132
1162
1088
1138
1153
1193
1157
1178
1076
1140
1120
1181
1129
1170
1398
1150
1111
1133
1181
1172
1144
1121
1177
1116
1080
1122
1066
1170
1205
1104
1147
1151
1160
1118
1076
1204
1173
1178
1114
1167
1150
1179
1188
1100
1083
1130
1126
1115
1139
1132
1096
1106
1114
1114
1165
1120
1155
1117
1095
1134
923
978
813
692
512
588
664
412
600
540
396
572
378
376
388
518
356
541
369
338
354
322
417
448
339
460
387
412
333
476
333
406
385
446
369
312
320
391
407
321
373
348
402
408
341
391
351
364
336
587
401
368
413
463
428
351
1675
1046
852
702
553
545
528
506
460
573
594
436
394
461
529
444
357
486
337
388
352
332
362
379
324
319
304
332
370
494
438
483
385
538
473
470
423
392
446
308
424
417
409
402
314
360
499
427
468
421
476
362
371
330
302
321
392
333
308
457
441
498
343
305
395
338
407
396
442
355
346
371
320
394
455
344
1466
867
866
735
558
583
501
545
422
433
530
514
507
403
428
481
511
446
422
337
522
423
385
337
348
432
470
314
336
299
424
416
315
399
398
369
357
319
328
451
314
416
406
523
387
371
332
367
351
324
330
319
431
338
358
366
334
374
361
353
334
416
325
401
319
369
397
312
355
382
349
557
387
366
324
366
322
359
322
322
472
356
353
321
395
426
321
403
392
353
398
459
325
1071
469
425
399
346
364
367
321
476
314
348
388
350
378
426
347
412
364
317
427
373
421
325
352
350
306
300
312
347
373
333
357
598
367
317
374
388
370
321
367
361
357
456
386
353
345
354
302
525
387
321
381
332
378
321
365
335
366
336
400
362
342
322
355
430
396
333
407
339
363
332
358
324
313
320
379
427
344
370
334
332
474
412
367
391
371
312
398
355
329
414
354
417
294
333
393
458
333
320
299
329
394
309
347
352
366
362
339
334
350
460
380
921
370
372
457
384
399
341
359
361
353
609
360
427
332
322
475
381
391
386
337
401
366
372
322
340
352
363
359
337
306
442
370
362
334
402
335
314
348
393
429
317
348
327
358
440
334
355
342
317
367
322
335
356
446
369
359
561
449
331
334
329
428
498
409
337
400
335
344
355
325
354
363
337
354
369
318
353
369
397
382
317
315
314
329
437
325
351
317
351
367
330
469
313
352
361
315
407
381
372
383
359
395
391
406
362
315
423
360
295
351
350
344
352
336
336
318
362
312
343
327
412
402
361
352
323
415
345
323
430
348
330
325
329
358
382
633
488
459
592
426
496
428
399
373
381
330
365
376
322
368
339
361
435
362
359
350
435
353
374
414
433
386
363
389
360
504
407
310
311
315
349
334
416
359
435
337
372
320
372
376
390
399
366
335
361
315
398
317
342
405
360
375
406
317
365
377
314
318
311
313
382
360
320
398
315
577
318
337
366
440
763
356
308
367
352
555
391
343
319
427
510
336
310
388
342
326
295
349
433
320
329
371
497
382
335
400
450
397
309
366
319
411
321
380
342
328
494
349
310
314
350
370
398
322
317
360
358
373
347
343
383
358
429
309
371
435
322
313
437
319
317
532
379
387
353
328
350
396
809
618
481
467
423
522
420
412
522
456
820
450
360
434
320
400
357
394
308
311
407
638
369
381
384
390
494
326
316
366
364
356
366
308
391
438
304
333
480
331
471
301
381
373
295
371
365
380
331
400
320
377
364
350
320
326
366
360
445
296
356
383
340
329
370
354
366
392
366
321
318
353
316
320
317
361
317
330
439
334
320
487
359
346
347
339
312
314
379
304
429
330
469
332
426
320
324
367
421
408
349
316
360
409
304
358
332
356
486
438
308
426
435
331
379
332
305
363
342
335
337
362
384
320
309
373
381
381
360
388
317
321
402
353
367
375
381
358
313
378
346
322
360
347
354
362
333
357
312
320
396
345
337
392
300
302
324
371
313
315
317
357
489
590
451
558
447
344
310
313
481
417
392
412
388
405
320
425
491
356
362
319
383
303
387
363
359
417
398
371
396
372
378
360
323
327
324
405
368
338
413
344
302
359
316
373
391
382
380
295
332
425
337
322
333
337
491
329
398
366
341
328
389
365
383
388
366
360
341
377
373
324
333
420
785
318
299
360
355
396
371
310
344
412
334
327
313
324
325
312
318
320
359
386
343
301
374
481
405
358
321
388
318
374
322
330
542
361
328
345
363
357
309
350
432
409
401
429
309
412
349
294
310
317
359
370
367
378
360
604
328
396
322
336
300
334
325
349
463
361
339
372
325
438
320
360
376
381
384
327
358
322
316
517
320
447
436
364
415
499
368
359
353
327
433
540
382
331
374
337
348
398
333
485
383
359
320
331
326
322
307
337
562
331
390
328
322
371
347
469
360
384
344
359
380
368
343
344
337
340
409
357
348
369
406
319
355
359
341
431
346
359
348
472
390
370
386
345
455
371
398
343
385
332
331
355
364
384
340
381
342
427
383
320
364
433
452
372
326
322
396
327
346
318
407
509
362
320
364
400
327
340
320
304
379
358
388
404
378
338
305
377
323
377
319
458
361
404
340
386
448
386
310
347
335
482
400
316
381
330
322
339
374
369
350
420
306
365
321
353
344
387
362
337
366
328
370
320
415
401
318
300
332
360
383
315
381
323
331
401
387
330
426
322
329
348
457
344
342
335
342
360
298
344
360
372
364
330
381
318
381
406
609
355
335
336
343
346
377
397
372
419
397
344
342
379
392
448
371
289
379
362
376
286
359
364
453
366
380
374
437
397
379
357
321
334
456
366
342
365
440
404
347
351
333
428
338
317
344
321
381
320
321
313
441
629
381
349
446
382
328
344
368
358
381
405
357
437
309
350
336
399
347
312
314
309
668
386
345
344
343
359
349
366
360
370
363
337
319
316
432
355
313
366
487
324
320
408
330
376
344
323
339
391
322
302
350
418
321
355
310
324
411
335
332
373
347
322
308
345
319
379
320
345
320
360
454
311
318
339
462
345
336
332
378
310
342
370
315
352
455
299
324
314
321
501
335
322
375
357
454
363
416
362
321
346
338
407
347
323
313
319
349
345
326
321
355
397
327
326
327
402
318
374
348
361
317
386
322
398
373
338
299
362
462
314
378
393
316
302
360
334
294
387
320
380
332
374
349
326
306
334
377
331
353
360
349
320
310
359
324
483
291
356
351
329
355
349
357
359
378
314
345
333
334
694
355
465
326
347
333
340
374
384
328
318
332
440
349
346
333
334
364
378
342
458
466
323
377
321
401
571
373
364
358
359
318
336
319
330
370
329
364
330
345
319
417
333
328
364
354
315
329
357
328
329
342
334
389
360
317
406
402
382
331
348
361
444
384
301
395
364
348
307
336
557
350
441
344
315
361
436
334
336
679
345
332
322
319
386
347
344
395
362
323
311
307
397
433
326
319
351
343
323
326
340
392
309
361
293
358
490
377
346
328
332
371
324
334
303
470
345
334
321
320
696
361
387
339
407
510
389
320
370
369
464
341
363
322
311
327
391
570
342
341
404
438
337
329
331
344
395
318
321
400
354
343
347
410
363
358
340
360
355
452
336
345
368
347
326
349
355
321
369
326
316
308
374
477
342
352
284
296
322
347
320
492
361
351
324
415
368
317
319
316
362
371
348
370
354
357
372
975
354
356
358
404
382
410
321
320
325
364
365
314
374
439
315
350
316
332
347
479
367
340
354
354
378
356
350
367
361
315
360
315
348
315
291
302
451
357
345
302
318
358
337
331
293
386
319
390
325
326
396
337
345
321
321
321
352
410
325
402
306
359
376
321
312
331
327
311
363
350
352
430
453
354
331
313
460
320
361
334
350
355
349
381
301
346
331
300
400
339
1032
674
838
653
709
533
584
567
436
509
460
502
438
475
469
463
327
467
337
356
429
445
381
304
312
326
370
403
318
311
416
395
411
324
321
348
350
398
435
348
401
340
312
418
436
314
328
335
361
414
325
333
354
525
489
352
360
400
472
349
317
290
379
364
464
424
408
371
328
398
399
477
361
413
330
472
476
331
349
349
376
383
385
360
350
348
517
458
347
408
296
328
415
365
292
280
305
363
349
336
313
338
517
361
352
353
335
364
344
315
316
479
338
340
360
455
442
371
350
343
370
325
378
372
400
352
327
287
308
348
308
316
317
380
364
331
338
621
464
421
453
373
354
554
479
406
396
441
330
315
330
347
344
330
425
349
328
331
352
347
334
349
348
339
406
322
374
370
335
388
600
378
378
1985
446
369
361
339
349
317
485
367
413
329
334
350
375
323
359
344
370
397
345
371
381
347
319
355
425
400
313
352
383
346
400
370
326
333
352
352
367
429
374
328
358
372
342
474
368
310
382
433
354
315
377
420
373
372
355
383
349
514
324
357
302
426
342
355
317
353
362
436
346
355
415
400
346
322
643
577
383
377
349
488
340
354
324
373
345
352
376
475
347
365
334
326
351
337
342
380
479
420
322
385
355
334
588
381
377
344
357
514
357
357
328
328
377
361
345
332
383
368
1188
364
420
416
418
350
360
349
336
394
349
349
354
332
304
339
347
338
309
348
476
309
347
508
494
368
357
369
439
531
320
386
374
453
370
368
466
503
331
365
636
372
547
355
439
323
402
352
326
386
380
369
404
415
327
348
389
360
330
