1863281
37134
38927
65774
52988
31823
30986
60612
34066
56295
30154
30975
31366
35105
473941
37183
33548
43963
31871
31609
32826
32048
31600
31883
31311
31265
39512
30606
67052
22811
22432
22645
23120
23166
11566
11435
10215
16033
10841
10676
10979
10191
15092
11080
10829
10087
11571
10664
10686
14318
10674
11615
11026
11637
10355
10229
10720
10215
15424
12996
14095
11012
10398
11934
10759
10520
9809
10625
10738
11017
11520
10054
12867
10368
19517
9735
11264
10248
9660
8984
10221
11615
9778
20835
9742
10202
11169
10498
10777
10594
12305
10331
9944
11256
10243
26201
11214
10254
9987
10069
10521
10349
9777
9235
10732
9997
55550
14100
24782
2497
2342
3453
2544
2493
2498
2514
2412
2394
2329
2459
2382
2497
2390
2469
2284
2404
2242
2874
2267
2532
2511
2485
2498
2486
2387
2391
2533
2412
2220
2438
2562
2490
14822
2378
2364
2359
2525
2633
3419
2567
2752
2457
2422
2314
2209
2492
14725
2432
2702
2414
2249
2366
2590
2617
2408
3325
2268
2443
2751
2439
2404
2684
3137
2778
2496
2567
2543
2697
2556
2373
2410
2402
3427
2820
2561
2534
2428
9559
3154
2858
2420
2405
2263
2502
2718
2684
2723
3615
2351
2618
2667
2789
2646
2474
2584
2588
2435
2538
2503
2395
2436
2415
2685
2387
2550
2593
2980
2503
2425
2344
2660
2404
2509
2694
2458
2736
2664
3007
2881
2722
2732
2491
2863
2910
2786
2657
2644
2692
3046
2935
2877
2730
2679
2744
2727
2744
2795
2617
2706
2752
2518
3396
2858
2603
2767
2587
30450
2666
17455
1980
2131
2190
1996
1960
2177
2023
2124
2006
2183
2056
2168
1986
2117
2338
2162
2121
1985
2289
2140
17712
2115
2212
1976
2148
2144
2167
1893
2001
2016
1970
1942
2011
2052
1964
2146
1942
2073
2016
2231
1890
2129
2146
2179
2191
2036
1835
2706
2240
2243
2155
2376
2050
2142
2239
2098
2151
2241
2225
2196
2213
2251
2126
2161
2130
2214
1984
2166
1995
2046
2172
2206
2076
2064
2218
2269
2199
2127
1966
2178
2194
2093
2207
2130
1966
2341
2052
2160
2070
2321
2185
2485
2231
2086
2489
2162
2615
2090
2271
2109
2130
2428
2060
2019
2090
2140
2456
2128
2157
2176
2128
2385
11319
2302
2131
2108
2531
2240
2324
2188
2032
2447
3034
2389
2374
2040
2180
3094
2351
2101
2173
2185
2115
2114
2692
2440
1994
1857
1938
2282
2456
2196
2110
2113
2183
2130
2563
2655
2227
2285
2072
2230
2376
2270
2132
2212
1950
2173
2232
2564
2122
2342
2047
2218
2176
2207
2056
2143
1896
2338
2006
2115
1924
2067
2156
2152
2247
2045
2233
2170
2088
2353
2532
2000
1822
2200
2080
2297
2083
2094
2024
2172
2135
1692
1915
1946
2064
2132
2181
2019
2077
2182
2189
2101
45753
2447
1995
2673
2420
2664
2260
2274
2065
1954
2242
2256
2238
2149
2210
2152
2038
2299
1948
2147
2140
2176
2203
2023
2092
2227
2306
2046
2153
2200
2260
2189
2253
2236
2360
2220
2241
2187
2319
2279
2300
2137
2290
2315
2228
2309
2183
2482
2243
2159
2218
2359
2244
2338
2153
2134
2219
2422
2601
2233
2160
2266
2360
2349
2190
2217
2113
2250
2261
2256
2262
2570
2170
2176
2355
2356
2239
2325
2163
2244
2312
2207
2153
2183
2219
2410
2065
2253
2355
2366
2220
2286
137912
2273
2504
2517
2198
27864
13417
3066
2927
3213
3060
3143
3364
3227
3337
3264
3237
4087
3016
3174
3097
3110
4520
3200
3110
3107
2967
3243
2993
2936
3003
3086
3230
3096
3180
3083
3116
2910
2937
3257
3477
2997
3056
3390
3083
2943
2924
2940
3090
2997
2983
3143
2927
3150
3077
3140
3003
3070
3253
3204
3220
2966
3180
3176
3000
3093
3173
2930
3123
2990
3070
3580
3307
3096
3123
3226
3024
3067
3020
3050
3220
2944
3220
3000
1361
1265
1117
1264
1293
1809
1390
1226
1124
1256
1262
1289
1324
1261
1278
1248
1312
1278
1270
1313
1269
1275
1173
1375
1237
1260
1416
1210
1227
1346
1274
1145
1211
1194
1309
1273
1318
1282
1317
1247
1379
1283
1268
1326
1306
13786
1287
1277
1206
1320
1171
1194
1361
1335
1062
1323
1199
1208
1298
1303
1259
1216
1273
1197
1120
1305
1287
1293
1227
1276
1308
1097
1292
1280
1247
1298
1266
1215
1348
1264
1184
1398
1280
1302
1334
1252
1258
1282
1590
1335
1233
1249
1251
1228
1092
1345
1326
1256
1339
1279
1301
1360
1276
1232
1367
1350
1280
1240
1121
1314
1262
1235
1262
1300
1335
1330
1186
1319
1314
1192
2026
1329
1239
1291
1329
1260
1290
1314
1223
1247
1340
1153
1240
1130
1304
1330
1245
1273
1295
1317
1063
1234
1269
1227
1249
1212
1211
1292
1255
1246
1085
1259
1271
1255
1073
1309
1192
1335
1200
1274
1321
1576
1202
1279
1255
1171
1159
1199
1423
1240
1309
1317
1302
1280
1340
1278
1221
1196
1186
1179
1343
1227
1321
13730
1260
1430
1340
1326
1318
1243
1400
1262
1189
1186
1249
1209
1197
1295
1247
1268
1206
1115
1166
1282
1301
1235
1286
1312
2850
1281
1320
1326
1220
13261
1417
1284
1300
1253
1182
1165
1398
1266
1265
1260
1261
1179
1221
1195
1229
1274
1228
1211
1267
1240
1246
1280
1242
1229
2507
1301
1273
1308
1250
1329
1215
1233
1285
1227
1251
1297
1284
1207
1234
1250
1273
1115
1153
1250
1175
1303
1222
1076
1199
1359
1274
1334
1220
1282
1201
1257
1276
1279
1192
1301
1357
1305
1279
1297
1216
1260
1228
1313
1243
1223
1301
1307
1113
1314
1240
1273
1261
1256
1277
1269
1390
1130
1334
1197
1249
1382
1183
1117
1250
1242
1279
1253
1258
1295
1129
1060
1233
1331
1426
1354
1083
1311
1203
1259
1321
1365
1260
1369
1323
1249
1337
1322
1273
1234
1615
1272
1251
1361
1241
1214
1247
1118
1248
1348
1276
1096
1345
1317
1350
1327
1347
1360
1318
1182
1337
1256
1285
1418
9563
1323
1330
1288
1085
1317
1368
1372
1265
1241
1400
1341
1079
1330
1327
1304
1341
1273
1264
1212
1236
1335
1299
1251
1306
1159
1323
1232
1076
1224
1240
1326
1247
1231
1280
1345
1148
1187
1270
1813
1397
1340
1283
1334
2479
1351
1283
1403
1336
1213
1250
1230
1282
1169
1241
1200
1283
1262
1272
1359
1323
1344
1260
1201
1307
1311
1379
1253
1241
1371
1536
1310
1357
1208
1332
1275
1327
1383
1280
1280
1332
1327
1323
1314
1321
1346
1286
1274
1326
1297
1115
1134
1098
1104
1089
1137
1126
1224
1107
1196
1082
1255
1250
1226
1206
1176
1038
1095
1171
1132
1150
1164
1156
1038
1218
1171
1183
1203
1116
1067
1210
1238
1163
1239
1183
1110
1126
1093
1127
1215
1098
1105
1009
1238
1185
1120
1136
1075
1123
1195
1148
1166
1198
1256
1205
1223
1128
1204
1188
1206
1246
1111
1150
1161
1125
1182
1166
1045
1164
1160
1201
1165
1188
1181
1201
1120
1207
1173
1196
1136
1067
1134
1172
1051
1173
1101
1159
1210
1115
1142
1114
1105
1138
1158
1143
1144
1060
1156
1070
1160
1562
1248
1190
1160
1120
1156
1170
1169
1166
1172
1164
1182
1193
1180
1144
1203
1207
1145
1157
1221
1119
1182
1195
1148
1188
1109
1151
1120
1150
1182
1283
1095
1208
1206
1208
1194
1158
1169
1103
1144
1124
1085
1179
1175
1165
1185
1229
1143
1294
1222
1211
1197
1189
1162
1170
1155
1228
1174
1224
1212
1162
1116
1164
1114
1266
1148
1196
1254
1200
1083
1224
1202
1223
1171
1208
1213
1234
1165
1200
1082
1151
1196
1183
1155
1133
1149
1219
1191
1190
1202
1153
1151
1199
1263
1183
1128
1134
1607
1179
1162
1148
1197
1200
1265
1204
1139
1189
1167
1189
1139
1145
1134
1330
1138
1165
1121
1128
1182
1179
1192
1231
1190
1156
1144
1133
1227
1176
1158
1424
1119
1139
1206
1164
1167
1197
1178
1112
1230
1132
1163
1144
1155
1165
1154
1314
1247
1114
1285
1217
1248
1127
1158
1206
1117
1086
1212
1154
1150
1091
1172
1155
1225
1222
1092
1008
1278
1159
1168
1172
1098
1190
1151
1187
1188
1218
1178
1158
1176
1199
1172
1135
1199
1259
1185
1178
1204
1177
1163
1220
1167
1142
1120
1148
1182
1186
1182
1198
1174
1110
1079
1232
1129
1080
1176
1112
1123
1204
1194
1120
1150
1181
1172
1152
1187
1111
1193
1205
1169
1242
1245
1203
1097
1137
1229
1168
1211
1088
1161
1224
1172
1177
1145
1142
1222
1171
1173
1248
1175
1062
1119
1243
1178
1142
1142
1230
1165
1246
1254
1279
1202
1167
1289
1258
1312
1444
1191
1429
1245
1254
1272
1301
1270
1290
1279
1198
1285
1228
1290
1254
1442
1714
1518
1466
1718
1478
1557
1705
1766
1512
1606
1677
1483
1531
1417
1512
1534
1528
1426
1525
1465
1453
1413
1473
1467
1448
1487
1277
1371
1258
1438
1269
1348
1328
1205
1307
1439
1475
1444
1311
1240
1468
1451
1760
1454
1440
1238
1303
1337
1276
1327
1441
1269
1425
1336
1325
1278
1234
1271
1277
1402
1333
1354
1343
1187
1290
1278
1252
1374
1359
1474
1435
1251
1227
1282
1327
1280
1239
1363
1310
1218
1276
1276
1259
1302
1368
1282
1386
1350
1349
1396
1550
1497
1457
1392
1392
1360
1410
1361
1212
1350
1413
1287
1255
1678
1339
1283
1392
1346
1256
1288
1297
1200
1192
1479
1338
1296
1240
1272
1300
1400
1299
1289
1191
1230
1233
1238
1262
1250
1250
1214
1200
1322
1279
1256
1257
1214
1189
1254
1287
1224
1175
1284
1692
1272
1292
1303
1243
1341
1321
1294
1281
1350
1312
1275
1355
1160
1123
1125
1173
1413
1637
1203
1237
1213
1194
1183
1216
1603
1230
1161
1167
1151
1083
1239
1192
1171
1219
1140
1099
1115
1233
1159
1140
1072
1083
1135
1233
1118
1170
1148
1146
1136
1074
1106
1208
1170
1099
1122
1168
1211
1188
1152
1219
1402
1157
1239
1172
1257
1155
1199
1170
1112
1149
1193
1153
1562
1129
1182
1080
1157
1129
1216
1107
1182
1154
1136
1064
1127
1121
1072
1196
1199
1227
1135
1157
1175
1326
1151
1124
1238
1469
1105
1172
1210
1134
1185
1132
1196
1208
1179
1142
1207
1161
1213
1175
1132
1133
1209
1079
1278
1238
1187
1213
1109
1194
1074
1159
1156
1168
1291
1200
1207
1165
1225
1225
1121
1241
1240
1160
1190
1181
1206
1164
1130
1168
1136
1140
1153
1128
1137
1192
1125
1142
1157
1169
1151
1133
1171
1159
1179
1178
1138
1146
1162
1189
1224
1175
1164
1187
1159
1244
1202
1143
1212
1143
1252
1169
1238
1153
1235
1332
1207
1126
1173
1172
1805
1173
1204
1257
1211
1192
1188
1211
1207
1172
1170
1134
1085
1159
1213
1131
1167
1103
1144
1167
1234
1163
1171
1148
1127
1196
1122
1136
1077
1061
997
1172
2663
2797
2913
3387
2994
2876
2957
2864
2940
3010
2804
2730
3023
2847
2813
2907
2964
2903
2910
2860
3004
3403
2790
2880
2913
3023
3174
2773
3014
2903
2720
2787
2863
3477
3017
2807
2806
2890
2817
2884
2900
2896
2796
2803
18960
2803
21724
2970
2913
2934
2846
2910
3037
2846
2877
3386
2934
2750
3033
2943
2777
2964
2786
2903
3013
2890
2993
2816
2790
2927
2896
2997
2893
2944
2897
2770
3010
2953
2986
3133
2823
2940
3537
3060
1238
1207
1206
1153
1234
1331
1182
1226
1244
1237
1165
1191
1190
1175
1230
1249
1177
1162
1143
1278
1220
1313
1223
1289
1213
1193
1221
1175
1205
1139
1176
1226
1129
1220
1199
1142
1411
1157
1269
1193
1240
1206
1143
1136
1178
1242
1384
1197
1241
1209
1130
1250
1283
1276
1273
1239
1205
1245
1184
1249
1197
1182
1271
1104
1196
1201
1179
1191
1178
1109
1139
1264
1266
1242
1475
1269
1219
1269
1459
1150
1217
1313
1236
1204
1285
1184
1171
1172
1183
1244
1267
1297
1288
1166
1211
1402
1219
1343
1231
1399
1580
1288
1158
1281
1241
1194
1350
1172
1308
1265
1355
1140
1220
1159
1167
1211
1441
1231
1433
1296
1259
1603
1191
1482
1263
1324
1450
1171
1200
1250
1173
1539
1105
1696
1142
1159
1489
1173
1234
1059
1268
1451
1219
1178
1095
1251
1371
1169
1183
1138
1188
1498
1137
1046
1103
1171
1464
1295
1175
1214
1206
1461
1187
1226
1160
1246
1443
1294
1231
1295
1168
1203
1209
1169
1117
1153
1224
1229
1246
1194
1311
1205
1256
1210
1288
1232
1281
1291
1198
1361
1184
1191
1177
1218
1245
1458
1323
1266
1201
1236
1267
1183
1268
1218
1173
1148
1176
1197
1242
1327
1211
1266
1225
1218
1172
2357
1195
1316
1217
1175
1143
1166
1252
1218
1154
1177
1192
1157
1477
1227
1187
1182
1198
1184
1145
1257
1253
1553
1874
1280
1292
1226
1317
1231
1295
1222
1267
1212
1196
1221
1595
1274
1258
1191
1260
1324
1225
1221
1246
1208
1218
1433
1228
1194
1248
1218
1115
1116
1237
1240
1273
1201
1156
1140
1223
1161
1204
1129
1154
1203
1237
1200
1184
1205
1304
1204
1193
1133
1304
1366
1288
1313
1106
1310
1182
1340
1504
1220
1261
1278
1249
1183
1183
1194
1304
1215
1215
1139
1224
1220
1328
1182
1172
1216
1089
1352
1192
1195
1210
1243
1208
1103
1294
1143
1264
1201
1338
1145
1492
1248
1280
1193
1234
1186
1362
1339
1335
1144
1429
1106
1166
1221
1202
1241
1186
1233
1124
1194
1237
1170
1197
1217
1223
1282
1212
1199
1231
1209
1172
1223
1220
1191
1166
1208
1138
1247
1113
1178
1253
1196
1199
1134
1224
1167
1233
1288
1225
1204
1176
1243
1222
1196
1195
1213
1219
1121
1183
1251
1960
1615
1686
1160
1213
1185
1309
1288
1171
1166
1210
1112
1231
1246
1157
1179
1169
1225
1143
1180
1155
1285
1205
1145
1240
1167
1540
1108
1240
1254
1117
1231
1736
1457
1280
1180
1256
1217
1195
1201
1110
1225
1166
1203
1129
1184
1184
1172
1186
1116
1146
1136
1215
1228
1115
1180
1214
1242
1138
1176
1287
1181
1196
1175
1170
1147
1150
1186
1138
1156
1091
1127
1360
1270
1204
1228
1313
1109
1268
1293
1307
1395
1185
1305
1143
1227
1284
1235
1244
1108
1211
1250
1224
1177
1178
1159
1180
1179
1210
1154
1092
1195
1172
1188
1270
1159
1141
1155
1194
1156
1161
1164
1215
1243
1161
1279
1064
1313
1142
1180
1114
1240
1596
1244
1179
1128
1194
1164
1343
1165
1257
1163
1516
1183
1084
1188
1137
1216
1202
1319
1203
1416
1253
1260
1484
1346
1168
1239
1217
1180
1279
1197
1201
1227
1090
1148
1270
1305
1293
1253
1187
1174
1214
1194
1160
1140
1183
1116
1151
1193
1207
1264
1203
1339
1164
1232
1199
1198
1347
1195
1341
1127
1194
1197
1217
1370
1273
1252
1085
1303
1105
1288
1170
1294
1142
1182
1279
1310
1177
1227
1341
1286
1240
1203
1239
1347
1185
1227
1260
1294
1209
1159
1168
1249
1214
1277
1205
1236
1292
1175
1202
1157
1776
1191
1201
1234
1169
1175
1627
1267
1216
1107
1239
1207
1217
1157
1258
1222
1156
1193
1463
1110
1173
1161
1186
1334
1189
1230
1150
1195
1148
1168
1203
1233
1235
1229
1192
1220
1211
1128
1120
1119
1177
1117
1152
1156
1213
1249
1194
1242
1244
1476
1240
1198
1172
1249
1213
1166
1248
1280
1229
1312
1251
1122
1233
1190
1744
1264
1132
1227
1157
1231
1175
1189
1233
1268
1164
1215
1265
1493
1184
1134
1209
1287
1170
1139
1225
1225
1226
1182
1197
1209
1220
1227
1192
1125
1241
1108
1155
1160
1164
1335
1267
1255
1146
1163
1248
1179
1160
1184
1096
1198
1155
1208
1053
1140
1493
1204
1109
1166
1262
1238
1222
1231
1208
1210
1239
1033
1175
1186
1149
1254
1134
1105
1189
1125
1329
1205
1188
1173
1155
1330
1183
1163
1133
1248
1244
987
1321
974
1205
1273
1209
1153
1165
1132
1227
1151
1213
1197
1158
1242
1256
1168
1145
1184
1307
1236
1235
1202
1245
1320
1234
1102
1187
1151
1358
1153
1210
1132
1158
1587
1210
1049
1184
1040
15073
1129
1086
1289
1120
2549
1208
1178
1115
1171
1212
1165
13189
1063
1027
1249
1257
1173
1178
1098
1299
1133
1237
1149
1085
1294
1189
1137
1159
1196
1821
1177
1145
1179
1182
1245
1182
1154
1146
1128
1242
1241
1100
1102
1213
1246
1205
1145
1206
1190
1449
1042
1195
1187
1097
1173
1463
1181
1145
1202
1198
1199
1070
1082
1055
1135
1221
1200
1223
1200
1185
1200
1236
1115
1234
1274
1175
1230
1180
1154
1149
1224
1127
1577
1225
1232
1180
1208
1153
1183
1133
1213
1155
1209
1291
1178
1219
1175
1129
1200
1491
1550
1240
1262
1109
1196
1122
1158
1184
1150
1243
1136
1221
1141
1098
1185
1111
1179
1119
1091
1138
1166
1188
1178
1129
1160
1178
1157
1179
1208
1294
1206
1125
1142
1072
1087
1147
1215
1172
1179
1176
1228
1145
1146
3774
1165
1191
1299
1175
1063
1133
1276
1237
1124
1155
1169
1219
1194
1195
1180
1218
1091
1186
1171
1230
1203
1202
1161
1203
1192
1234
1090
1219
1163
1208
1236
1405
1176
1203
1137
1175
1205
1203
1163
1178
1259
1205
1242
1201
1258
1228
1221
1233
1236
1250
1188
1283
1250
1208
1212
1310
1499
1223
1226
1278
1262
1239
1238
1256
1212
1218
1237
1209
1254
1268
1266
1142
1237
1164
1183
1168
1227
1185
1312
1302
1416
1206
1164
1291
1199
1258
1220
1189
1290
1162
1169
1226
1236
1201
1271
1167
1210
1471
1248
1260
1297
1175
1164
1208
1281
1239
1254
1219
1192
1195
1265
1173
1245
1239
1562
1410
1201
1195
1240
1522
1207
1262
1233
1250
1177
1234
1175
1147
1191
1260
1255
1188
1276
1133
1231
1142
1189
1138
1217
1174
1213
1300
1160
1191
1278
1178
1255
1205
1208
1212
1279
1144
1191
1191
1186
1240
1238
1205
1217
1211
1222
1189
1234
1265
1191
1160
1189
1302
1228
1271
1242
9636
1264
1206
2467
1279
1234
1188
1252
1174
1220
1282
1228
1224
1216
1243
1261
1130
1288
1170
1240
1220
1267
1216
1223
1163
1210
1205
1213
1202
1174
1193
1308
1223
1210
1283
1461
1261
1242
1264
1315
1251
1230
1256
1270
1209
1262
1227
1190
1318
1300
1590
1298
1128
1221
1290
1295
1200
1174
1180
1243
1221
1199
1266
1296
1964
1206
1227
1267
1184
1275
1282
1229
1170
1264
1159
1250
1230
1260
1212
1169
1915
1195
1231
1236
1363
1233
1179
1233
1250
1222
1233
1529
1230
1194
1296
1292
1228
1245
1243
1169
1273
1436
1348
1211
1172
3383
1169
1151
1203
1285
1238
1153
1226
1150
1209
1111
1261
1225
1245
1257
1268
1176
1158
1162
1103
1205
1185
1160
1227
1238
1282
1252
1302
1219
1295
1234
1294
1199
1326
1155
1195
1157
1289
1550
1643
1250
1235
1186
1207
1205
1144
1184
1248
1244
1421
1297
1208
1266
1219
1242
1166
1224
1239
1246
1182
1205
1234
1175
1148
1107
1155
1166
1244
1228
1097
1178
1187
1098
2011
1245
1192
1154
1181
1260
1184
1279
1184
1191
1226
1262
1273
1212
1178
1272
1216
1137
1218
1263
1222
1251
1158
1238
1193
1232
1206
1269
1221
1183
1199
1223
1235
1256
1263
1235
1110
1152
1172
1182
1158
1205
1207
1187
1129
1491
1244
1261
1370
1093
1117
1000
1134
1270
1263
1256
1184
1225
1297
1269
1290
2927
3070
3017
3347
3017
2834
3264
2880
3020
3203
3043
3010
3133
2810
3004
2970
3176
3030
3116
3187
3783
3103
3140
2997
2934
3070
2850
2930
2950
2776
2870
3074
3070
2920
2943
2910
2784
3024
2943
2840
2943
3017
2900
3637
3120
2933
2987
3023
4446
2850
2917
2960
3013
2960
3057
2993
2993
3010
2937
2916
2956
3150
2806
2960
24357
3516
3080
3023
2850
2897
3873
2817
2890
2943
2886
2863
2940
2804
3277
3133
3120
3097
2783
3263
2960
3080
2903
3167
3116
3050
3007
2823
2867
3140
3126
2866
2807
2833
2997
2947
3130
2763
2874
2954
2767
2791
2960
2853
2947
2866
2953
2950
3457
3120
2836
3060
3140
2893
2954
2844
2943
3157
3103
2947
2834
2930
3066
3347
3197
3000
2780
2950
2923
2790
3063
2990
2810
2824
2911
2870
2930
2800
2930
2927
2967
2890
3026
3097
3024
2924
3020
2860
2960
2896
2974
2950
3027
2930
2906
3084
2976
2983
2897
2807
2847
2890
3124
2793
2930
2940
2917
2820
2810
2750
2887
2924
2923
2703
3067
2900
2850
2786
2710
2810
2870
2857
2997
2794
2884
2963
2850
2877
2783
2810
3063
2850
2986
2930
2677
2997
2754
2730
2934
2790
2963
2750
3260
3057
2330
2301
2223
2573
2386
2262
2261
2169
2277
2277
2235
2235
2235
2308
2416
2296
4135
2422
2300
2352
2235
2271
2296
2309
2183
2178
2263
2460
2440
2480
2384
2292
2269
2210
2417
2325
2170
2447
2384
2243
2271
2140
2160
2451
2452
2238
2278
2162
2207
2148
2261
2390
2233
2210
2398
2338
2278
2240
2377
2198
2342
2313
2127
2207
2390
2212
2229
2336
2317
2247
2282
2282
2205
2313
2428
2125
2271
2376
2590
2200
2254
2296
2303
2607
2261
2153
2268
2347
2355
2202
2310
2293
2294
2325
2190
2334
2207
2297
3308
2259
2207
2164
2125
2285
2282
2301
2329
2268
2259
2293
2259
2283
2200
2099
2151
2264
2233
2210
2261
2175
2245
2155
2244
2233
2334
2310
2285
2294
2186
2181
2219
2221
2245
2883
2953
3013
2843
2756
2876
2944
2857
2987
2814
2957
2990
2843
2843
2876
3000
3040
2697
2780
2860
2847
3100
2790
2723
2877
2873
3200
3064
3156
3027
2756
2967
2873
3130
3120
3860
146061
81617
54120
20863
21674
21887
88164
33953
40540
5110
5693
5387
5066
5007
5090
5326
5033
5010
4940
4844
5343
5323
5093
5076
5773
6080
5074
5213
5103
5110
5760
5310
5136
5080
4997
5687
5560
5264
4983
5220
5663
4990
4953
4990
4956
5276
5534
4836
4786
5504
5427
5437
5157
4970
4963
4970
5067
4986
5130
4884
5104
5156
5320
4957
4866
5196
4927
4900
5146
2296
2132
1887
2375
2102
2201
2159
2086
2231
2110
2078
2026
1937
2037
2062
2049
2101
2619
85235
2052
2163
2126
2070
2018
2156
2323
1940
2043
2185
2096
2195
2176
2042
2460
2025
1995
1870
2060
2362
2142
2188
1847
1979
1886
1887
1915
2312
2189
2290
2019
2087
1917
2138
1815
2466
1919
2110
2061
2205
2008
1932
1978
2008
2074
1974
2042
2011
2106
2107
2037
2148
2102
1921
2212
1883
2054
2099
2021
2470
2104
2016
1894
2065
2067
2148
1910
2079
2094
2116
2068
2108
2058
2011
2133
2111
2023
2116
1878
2064
1993
1899
1962
2093
2136
2158
2032
1864
2019
2144
2200
58411
2042
2054
2041
1893
1907
1893
1969
2228
1965
1997
2166
2060
2129
1934
1892
1845
1929
2139
2019
2108
2068
2200
2072
2465
1907
2110
2009
2040
2376
2094
2018
2061
2159
1741
2074
1801
2082
1689
2131
2123
1887
1974
1911
1800
1899
1830
1962
1834
1876
2023
2376
2123
2130
2023
2259
2073
1889
2106
1996
2035
1867
1996
1992
1966
2325
2159
2115
1816
2134
1875
1942
2107
1841
2123
2078
2021
1945
2042
2173
2001
1966
1853
2022
2140
1942
2023
2027
2042
1940
2026
1668
76086
2011
1976
2133
2083
2099
1966
2138
1837
2070
2207
2106
1760
2021
2116
2067
2063
2016
1876
2142
3008
2050
1961
2009
2076
2100
2052
1998
2126
1828
2142
1927
2074
1824
2024
1849
1850
2073
1863
1957
2025
1877
1973
2125
2021
1860
1920
2023
2098
1854
2261
2114
2025
1920
2083
2097
2044
2009
2039
1935
2095
3787
2134
2012
2012
2132
1995
1973
2903
2072
1806
1961
2002
2279
2022
2055
2124
2099
2227
2034
2154
1809
1857
2065
1834
1958
2000
1994
2120
1794
1911
2141
81154
2056
2088
2012
2147
1876
2066
2028
1927
2499
1902
14784
1869
2105
2025
2699
2500
1986
1989
2030
2592
2055
1944
2043
1923
2169
2078
2114
1998
2234
2340
1806
2192
2074
2000
2039
2034
1975
2039
2088
2014
2114
2047
1919
2022
2080
1958
1954
2064
1993
2060
2122
1963
2056
1815
2042
1899
1922
1871
2007
2045
2119
2022
2043
2050
1811
2018
1789
2061
2094
2118
2021
2126
2082
1834
2063
2034
2068
2043
2410
2100
1994
1981
1946
2099
2087
2029
2064
2082
2096
2047
2072
106572
2176
2120
2064
19117
10372
1021
1036
1009
1090
1081
1058
1023
1038
1083
1002
1035
1049
1060
1080
995
1029
1030
1053
1000
1051
1035
1035
916
935
1058
905
994
985
981
968
974
1024
935
1074
1013
1060
1062
1074
1068
1042
3166
1083
1036
1028
1137
1080
1023
1027
1046
1048
1069
1098
1101
1091
1056
1066
1081
1101
1037
1031
1071
1030
1088
1080
1131
993
1096
1079
1081
1039
1071
992
1074
1007
949
1067
987
1087
1057
1012
939
944
1071
1074
1111
1065
1198
1473
1132
1080
963
960
1079
1040
983
1078
955
1082
992
974
958
1045
1045
1020
1072
995
1101
959
1049
1046
1038
1119
1128
1044
1061
1062
996
985
1041
1077
1107
1140
1062
1104
1087
1046
1069
1041
1057
994
1040
1013
1085
1039
1052
994
1103
1102
1126
996
1036
1053
1012
1064
1080
1132
2717
1009
1014
1195
1094
1018
1094
1037
1184
1039
1109
1008
1097
1142
1047
1082
1072
998
1176
1064
1027
1025
1049
1330
3110
972
943
1053
1065
985
1068
1061
1008
1051
1074
1064
957
1018
1029
1026
1035
1080
1060
1102
1065
966
1088
1085
1054
1079
1079
1057
1057
990
1085
986
1039
1083
1056
1071
1069
1041
1106
1023
1095
1073
988
1091
977
1017
1018
1040
1078
1081
1099
1078
1115
1141
1076
1102
1319
1106
1327
1421
1095
1048
1018
1197
1028
984
1053
1085
1363
1072
1025
1058
1050
1074
1059
1034
1056
1103
1152
1104
1106
995
1026
1139
1121
1047
996
989
1185
1089
1129
1084
1207
1212
1058
1027
1052
1176
1146
1015
1016
1003
1005
1318
1089
1019
1016
1039
1966
1006
1104
1054
982
1198
1087
1184
994
971
1098
1070
1043
1027
1032
1098
1039
1055
1007
1103
1458
1084
1431
1121
1114
1059
1015
1033
1084
1050
1059
981
1045
932
1086
1043
1019
1086
1007
1077
1020
1020
1040
1087
1057
1023
1102
1028
1016
975
920
974
937
1030
1091
996
1053
1088
1021
1081
1046
1044
1041
1009
1064
1062
1030
1021
1024
935
948
1064
1027
1025
1062
1119
1000
966
955
974
982
1021
1068
1086
1110
972
1057
1035
1007
1065
1063
1030
1042
1021
985
999
1048
981
1040
1045
997
993
916
1017
951
1080
1077
1015
1034
1007
1092
998
1001
1045
1090
941
1053
913
1058
1056
1062
966
1069
1086
1002
1060
1063
957
953
1031
1130
1099
1042
1049
1004
1057
1093
1027
1005
1040
1165
1140
1063
1084
1017
1081
1069
1150
1094
1032
1072
1096
990
941
1000
1116
1032
1046
1085
1044
1114
1094
1095
1050
1071
1067
1113
1076
1043
1101
1048
977
1031
1008
1052
1013
1026
1131
1046
1081
1047
1001
1067
1007
1044
1145
1103
1103
1017
1051
1143
1101
1027
1064
1138
1103
1118
981
1095
1098
1006
969
1060
1091
1059
1031
1052
965
1067
1075
1125
998
1092
1054
869
999
1114
1090
1028
1062
1141
1132
1004
1134
1027
1213
1026
1012
1067
1032
1005
949
1052
1134
1099
1260
1124
1022
1143
1095
987
1074
1063
1093
1064
1061
1085
1087
1087
1077
1076
1103
1100
1059
1035
1042
1029
1191
1053
1083
1035
1062
1082
1028
1077
1023
1012
1093
1428
1103
998
1043
1173
1036
1064
992
1074
1090
1075
3988
1073
1070
961
1015
980
1142
1043
1038
1053
1056
1128
1028
1039
1013
1018
1060
1113
1060
1016
1030
1042
1103
1089
1045
1028
1068
1082
1077
1048
1077
1067
1036
1297
1114
1020
990
1055
1057
996
1051
1004
980
1163
1019
1108
937
972
1044
1034
1193
1089
1047
1068
1077
1076
1160
1049
1041
1073
1082
1049
948
1000
909
1011
965
1080
999
970
1054
983
974
938
1065
1010
1086
1007
1098
1057
14052
1053
1067
1109
1030
1070
1137
1036
1016
1063
1093
1114
1066
1080
1063
1139
1004
1054
990
973
961
1067
1164
1000
1083
1087
1153
990
1060
1076
1097
1072
1042
1101
1137
1074
1036
1085
1124
1075
1126
2653
2776
2706
2594
2613
2676
2667
2790
2784
2650
2640
2700
2763
2653
2660
2567
2830
3447
2900
2953
2547
2680
2730
3290
2560
3014
2660
2557
2723
2660
2650
2580
2570
2620
2507
2643
2470
2557
2590
2674
2780
2643
2626
2620
2666
2977
2627
2686
2480
3027
2680
2470
2690
2684
2563
2584
2543
2826
2633
2630
2570
2607
2683
2713
2550
2724
2706
2534
2720
2940
2640
2896
2673
2543
2630
2483
2666
2597
2593
2513
2590
2497
2446
2600
2704
2630
2560
2500
2507
2480
2593
2573
2787
2737
7170
2660
2566
2503
2580
3277
2647
2844
2724
2567
2560
2573
2576
2663
2567
2623
2740
2694
2650
2570
2554
2443
2550
2550
2620
1026
1058
1013
1011
1069
1073
1110
1734
1048
1054
1177
1025
1066
1054
963
1059
1072
1053
1080
1116
1174
1004
1056
1044
1083
1069
1016
1040
1406
1094
1073
966
1007
1028
1019
1066
1139
1132
1102
5339
1021
1098
970
1139
1080
1082
1377
1086
1005
1120
1066
1162
1103
1074
2135
1026
1102
1048
1057
1235
1042
1067
1092
1458
1503
1082
1092
1052
1080
1080
1080
1086
1046
1070
1122
1006
1093
1113
1078
1159
1096
988
1047
1050
1059
1147
1070
1093
1142
1117
1258
1130
1108
1022
1125
1061
1017
1038
1028
987
1085
1096
1080
980
1077
1019
1116
1100
1102
1029
1041
1033
1134
1109
1024
1403
1080
1143
1046
1153
1042
1044
1146
1086
1196
1091
1189
1087
1081
1051
1058
1073
998
1254
1109
1148
1067
1054
1106
1059
1089
1116
1094
1168
1110
1052
1064
1081
1136
1125
1095
1000
1048
1121
1065
1121
1076
1065
983
974
1008
1069
1116
1085
1083
1117
1112
1114
1099
1101
1082
1133
1122
1080
1083
1032
1111
1114
1105
1064
1119
1035
1063
1117
1037
1072
1037
1029
985
1323
1113
1087
1124
1040
1079
1171
1067
1133
1083
1185
1039
1064
1104
1088
1126
1080
1011
1073
1117
1095
1099
1089
1103
1048
1001
1074
1084
1140
1158
1097
1093
1161
1040
1130
1015
1023
1155
974
1069
1102
1119
1041
1041
1115
1024
1087
1118
1100
1080
1134
1156
1021
1123
1066
1117
1092
1111
1017
1028
1108
1081
1115
1122
1058
1082
1077
1145
1087
1074
1121
1077
1137
1105
1094
1082
1080
1105
1117
1111
1047
1040
1063
1082
1127
1038
1145
1108
1065
969
960
945
1059
1022
964
1026
1164
990
1048
1040
1173
1086
988
965
1112
1009
983
1119
1000
1188
1038
1063
1173
1030
1099
1210
1142
1077
1080
1141
1140
1151
1194
1158
1105
1197
1086
1250
1186
1412
1210
1425
1243
1059
1117
1074
1116
1199
1031
1037
1010
1090
1035
1020
988
1311
1122
1052
1054
1068
1108
1029
1102
1034
1086
1179
1062
1181
1050
1169
1053
1115
1109
1229
1168
1113
1006
980
1080
1109
1060
1082
1111
1080
1112
1014
1054
1072
1043
1088
1114
1041
1081
1100
1016
1002
1108
1019
1082
977
1129
1066
1101
1092
1087
1049
1060
1080
1112
1079
1100
1038
1066
1088
1084
1078
1064
1112
1096
1029
1125
1049
1052
1081
1011
1026
1018
1278
1003
1059
1067
1098
1074
964
1042
1008
1109
984
1028
1060
1032
1000
1114
1041
1040
1021
1027
934
951
1107
1171
1084
1058
1087
1174
1057
1047
1123
1037
1181
1152
1083
1174
1056
1083
982
1129
1076
1066
1142
1131
1086
1066
1075
1091
1105
1044
1119
1150
951
1070
1028
1089
1075
1040
1084
1102
1086
1151
1063
1169
1145
1101
1114
1111
1144
1066
1113
1103
1121
1128
1144
1137
1039
1052
1032
1104
1127
1133
1095
1219
1119
1136
1061
1121
1146
1144
1126
1119
1046
1038
1150
1079
1055
1019
1363
1091
1143
1187
1087
1086
1119
1053
1139
1091
1050
1152
1137
1143
1188
1061
1081
1111
1095
1114
1085
1156
1017
1289
992
1007
981
1004
1096
1002
1076
1076
1142
1133
1106
985
1055
1036
1104
1137
1092
1085
1052
1143
1138
1107
1073
1064
1097
1177
1097
1071
1103
1125
1086
1090
1072
1117
1135
1096
1112
1118
1082
1074
1062
1175
1119
1102
1098
1073
1151
1120
1131
1142
1096
1100
1094
1075
1119
1092
1109
1062
1166
1086
1112
1109
1113
1147
1070
2753
2740
2676
2920
2870
2717
2796
2823
3030
2786
2826
2690
2834
2737
2640
2727
2750
2770
2650
2730
2563
2540
2710
2630
2787
2660
2650
2806
2760
2757
2620
2607
2847
2763
2604
2530
2607
2607
2710
2667
2653
2717
2914
2680
2703
2810
2694
2743
2700
2600
2563
2746
2773
2764
2620
2693
2757
2690
2750
2807
2687
2690
3096
2844
2773
2783
2693
2637
2567
2716
2760
2717
2650
2800
2580
2721
2653
2774
2694
2650
2690
2600
3364
2790
2643
2690
2870
2720
2776
2833
2860
2760
2673
2874
2760
2846
2744
2627
2483
2757
3034
2700
2600
2777
2616
2710
2687
2777
2564
2840
2643
2790
2850
3454
2654
2833
2713
2707
2687
2663
2750
2790
2764
2740
2753
2787
2351
2357
2297
2360
2309
2249
2363
2260
2426
2260
2300
2303
2286
2194
2252
2328
2332
2288
2363
2309
2545
2377
2197
2383
2323
2369
2272
2255
2260
2226
2280
2497
2391
10831
9180
2226
2364
2351
2263
2208
2180
2249
2409
2249
2189
2346
2271
2385
2309
2423
2260
2232
2357
2415
2346
2274
2417
2255
2180
2229
2297
2494
2269
2206
2254
2260
2248
2331
2272
2372
2308
2360
2303
2285
2300
2262
2260
3211
3865
2323
2251
2322
2420
2329
2266
2257
2454
2303
2220
2271
2349
2589
2423
2277
2391
2314
2400
2409
2386
2232
2398
2365
2400
2260
2291
2483
2280
3223
2289
2355
2266
2440
2643
2383
2294
2191
2226
2465
2317
2443
2402
2340
2289
2278
2192
2417
2471
2380
2400
2232
2274
2308
2243
2289
2291
2360
2460
2320
2197
2283
2234
2203
2511
2363
2274
2343
2398
2231
2380
2314
1120
1074
1134
1093
1064
1113
1107
1197
1160
1167
2767
1123
1145
1111
1084
1143
1301
1036
1057
1140
1150
1136
1064
1125
1080
1138
1103
1079
1038
1067
1081
1164
1075
1189
1094
1038
1102
1152
1097
1144
1127
1287
1057
1229
1132
1133
1289
1087
1045
1307
1131
1094
1203
2098
1161
1185
1108
1157
1117
1054
1140
1012
1105
1208
1124
1146
1086
1146
1094
1026
1101
1099
1135
1108
1127
1126
1097
1082
1029
1085
1120
1155
1189
1098
1078
1103
1159
1094
1077
1166
1135
1198
1170
1110
1158
1140
1077
1119
1675
1031
1062
1099
1097
1124
1110
1094
1146
1120
1112
1123
1159
1132
1160
1185
1123
1271
1104
1132
1091
1129
1143
1123
1098
1122
1174
1395
1171
1145
1139
1126
2251
1210
1151
1056
1106
1170
1100
1102
1145
1121
1117
1192
1016
1098
1146
1127
1125
1134
12980
1140
1454
1092
1081
1131
1108
1171
1189
1154
1154
1083
1132
1120
1119
1126
1163
1166
1096
1166
1116
1106
1070
1144
1071
1167
1141
1101
1188
1076
1120
1115
1106
1130
1068
1029
1161
1162
1144
1065
1078
1072
1117
1071
1202
1078
1350
1112
1073
1102
1114
1136
1080
1136
1351
1117
1148
1147
1156
1107
1056
1169
1157
1148
1151
1145
1047
1133
1132
1175
1102
1213
1109
1087
1118
1058
1085
1145
1091
1147
1126
1124
1155
1186
1140
1105
1145
1127
1130
1072
1078
1085
1177
1149
1141
1098
1150
1114
1073
1145
1142
1157
1140
1118
1129
1096
1170
1117
1139
1177
1215
1120
1122
1111
1069
1163
1081
1052
1175
1145
1026
1107
1076
1102
1345
1241
1398
1110
1102
1117
1195
1079
1128
1159
1091
1174
1162
1084
1122
1120
1432
1214
1125
1161
1145
1146
1124
1101
2680
2960
2693
3043
2653
2780
2960
10217
2767
2743
2816
2760
3243
3607
2817
2827
3470
2684
2804
2583
2820
5060
2967
2646
2637
2650
2727
2636
2837
2760
2753
2667
2710
2950
2887
2780
2606
2654
2626
2690
2533
2650
2873
2723
2740
2720
2697
2694
2767
2620
2827
2670
3387
2703
3113
2737
2740
2540
2886
2897
2787
2713
2577
2547
2737
2867
2730
2790
2633
2740
2674
2737
2604
2727
2693
2653
2640
2714
2677
2730
2770
2793
3357
2837
2730
2880
2600
2843
2720
2856
2520
2730
3330
3483
2963
2703
2710
3237
2680
2847
2657
2760
2623
2477
2583
2587
2683
2764
2730
2694
2580
2606
2544
2600
2746
2624
2650
2576
2630
2683
2660
2673
2217
2292
2249
2323
2503
2331
2286
2363
2363
2268
2263
2294
2411
2322
2400
2346
2322
2343
2306
2389
2334
2326
2403
2317
2266
2323
2408
2374
2369
2291
2291
2174
2246
2300
2292
2360
2463
2291
2583
2351
2326
2429
2192
2655
2449
2300
2434
2363
2271
2363
2349
2345
2346
2505
2366
2449
2306
2394
2414
2320
2348
2377
2314
2517
2343
2277
2246
2446
2397
2334
2300
2428
2334
2349
2242
2331
2263
2271
2346
2311
2208
2360
3078
2234
2265
2265
3343
2312
2357
2291
2360
2349
2318
2337
2186
2234
2357
2357
2352
2292
2428
2266
2266
2380
2251
2215
2383
2262
2288
2397
2425
2398
2352
2286
2263
2208
2380
2306
2326
2323
2317
2315
2317
2383
2357
2323
2571
2269
2386
2383
2437
2318
2411
2368
2443
2337
2160
2843
2546
2335
2360
2337
2788
2454
2334
2509
2283
1958
2042
1912
1912
2056
1990
2068
1946
1906
1864
1856
1916
1984
1890
1874
2018
1956
1934
1994
1958
2086
2064
2008
1924
1906
1858
1854
1946
1922
1982
1978
1908
1860
1894
1954
1954
1980
1974
1870
2028
1986
1978
1938
1916
1842
1960
1984
1912
1854
1894
1978
1792
2004
1972
2028
1906
1876
1946
1872
1904
2538
1958
1946
1900
2070
1954
1822
1840
1828
1938
1930
1862
1882
1896
1990
1914
2000
1872
1912
2070
1888
1878
1988
1958
1848
1992
1900
1860
2014
2824
2030
1998
1844
1896
2046
1862
2024
1902
2040
1950
1820
1844
2106
1950
2120
2002
1854
1796
1934
1886
1804
1964
1904
1968
1978
1838
1930
1996
2008
2014
1968
1916
1864
1992
2002
1818
1926
1958
1904
1914
1900
1876
1868
1954
1942
2512
1892
1902
1902
1944
1896
1906
1994
1830
1880
1918
2020
1938
1934
2214
2068
1964
2064
1938
1992
1972
1904
1978
1996
1960
2004
2016
2186
2140
1994
2124
1848
1926
1932
2048
1898
1866
1942
1994
1906
1960
2048
1918
1958
1892
1928
2072
2138
1794
1834
1774
1662
1966
1918
1714
1790
1702
1806
1612
1716
1622
1734
1756
1766
1708
1656
1612
1580
1770
1598
1808
1650
1656
1690
1688
1650
1646
1712
2150
1684
1668
1780
1704
1720
1774
1826
1632
1906
1638
1726
1552
1662
2814
1710
1720
1716
1566
2164
1662
1670
1674
1710
1824
1694
1740
1716
1670
2004
1664
1648
1680
1748
1776
1720
1762
1690
1654
1658
1738
1748
1668
1686
1730
1688
1610
1644
1814
1736
1720
1750
1686
1968
1752
1746
1690
1742
1746
1638
1596
1672
1700
1710
1714
1710
1644
1661
1788
1588
1754
1748
1768
1680
1706
1668
1712
1686
1690
1634
1658
1632
1820
1780
1642
1732
1732
1650
1740
1672
1636
1634
1692
1714
1730
1750
1744
1754
1762
1678
1738
1686
1716
1682
1682
1688
1706
1732
1818
1682
1724
1724
1904
1714
1654
1644
1730
1664
1684
1714
1722
1810
1740
1582
1784
2028
1748
1718
1772
1710
1814
1740
1870
1798
1704
1692
1684
2062
1706
1680
1606
1740
1746
1754
1868
1762
1774
1706
1792
1670
1756
1710
1700
1768
1716
1768
1642
1750
1666
1546
1762
1728
1844
1792
1858
1728
1670
1726
1656
1664
1744
1706
2008
1588
2036
1840
1716
1694
1699
1499
1347
1370
1535
1440
1433
1557
1464
1562
1457
1377
1459
1419
1520
1408
1486
1444
1405
1352
1408
1434
1429
1425
1463
1445
1410
1424
1485
1484
1401
1439
1431
1442
1426
1387
1421
1442
1407
1374
1469
1467
1424
1385
1419
1427
1475
1484
1450
1344
1414
1350
1493
1415
1526
1477
1475
1387
1363
1424
1464
1387
1426
1483
1479
1419
1419
1637
1402
1567
1487
1377
1408
1371
1485
1412
1507
1552
1423
1427
1446
1494
1582
1403
1478
1360
1474
1584
1453
1469
1442
1427
1464
1413
1333
1447
1412
1414
1496
1453
1482
1437
1277
1412
1517
1463
1382
1483
1491
1410
1395
1425
1389
1379
1529
1408
1478
1392
1422
1365
1392
1418
1346
1383
1416
1443
1421
1373
1415
1453
1361
1354
1400
1405
1417
1444
1404
1438
1481
1450
1412
1405
1400
1395
1400
1370
1340
1381
1364
1411
1387
1437
1398
1378
1392
1344
1443
1381
1453
1376
1387
1315
1682
1379
1498
1464
1464
1520
1400
1500
1470
1430
1362
1457
1479
1425
1508
1464
1376
1363
1425
1371
1427
1453
1461
1396
1419
1342
1412
1424
1392
1437
1336
1388
1442
1447
1464
1381
1456
1403
1727
1726
1682
1742
1441
1461
1496
1432
1383
1474
1375
1411
1328
1416
1548
1397
1434
1442
1485
1443
1350
1435
1543
1384
1369
1475
1456
1427
1424
1434
1413
1455
1378
1350
1398
1389
1423
1445
1376
1470
1430
1468
1411
1531
1475
1386
1458
1475
1398
1387
1493
1397
1368
1418
1431
1428
1435
1452
1397
1507
1341
1478
1421
1410
1213
1134
1166
1128
1123
1142
1180
1136
1180
1176
1119
1311
1165
1155
1131
1156
1154
1150
1121
1171
1160
1357
1175
1190
1130
1159
1119
1179
1177
1121
1144
1160
1223
1201
1148
1128
1120
1149
1150
1199
1158
1158
1250
1096
1176
1170
1184
1126
1150
1165
1136
1213
1215
1288
1229
1183
1195
1068
1119
1117
1153
1144
1183
1189
1174
1174
1225
1153
1194
1168
1145
1417
1490
1276
1254
1204
1219
1232
1281
1165
1150
1275
1099
1092
1099
1159
1121
1193
1124
1157
1325
1154
1102
1200
1237
1419
1183
1168
1165
1111
1308
1150
1150
1195
1174
1144
1195
1166
1240
1145
1182
1144
1133
1233
1175
1180
1141
1166
1358
1181
1124
1265
1148
1119
1174
1121
1075
1206
1174
1242
1173
1177
1163
1171
1098
1110
1085
1162
1181
1115
1188
1150
1090
1115
1153
1165
1134
1102
1114
1208
1131
1228
1192
1164
1119
1100
1154
1228
1242
1175
1210
1123
1177
1144
1125
1176
1231
1162
1122
1180
1213
1151
1167
1187
1355
1198
1167
1118
1200
1129
1213
1156
1082
1174
1180
1174
1186
1158
1158
1548
1552
1510
1138
1170
1200
1136
1162
1149
1196
1233
1230
1168
1191
1154
1123
1140
1170
1156
1195
1225
1170
1150
1126
1058
1113
1157
1190
1196
1211
1154
1106
1253
1129
1160
1143
1140
1189
1170
1150
1174
1172
1179
1168
1189
1202
1161
1085
1113
1125
1110
1173
1174
1125
1158
1195
1111
1208
1157
1171
1134
1171
1205
1193
1168
1163
1149
1142
1101
1075
1091
1145
1133
2089
1209
1163
1129
1138
1113
1075
1180
1159
1110
1183
1154
1203
1210
1127
1240
1187
1155
1144
1190
1236
1174
1218
1191
1165
1158
1170
1159
1195
1391
1239
1236
1120
1186
1228
1218
1202
1147
1244
1192
1145
1200
1166
1126
1146
1167
1140
1159
1143
1274
1178
1201
1123
1178
1167
1145
1130
1141
1174
1222
1181
1138
1181
1169
1192
1184
1136
1146
1136
1120
1140
2510
2797
2670
3364
2644
2694
2646
2643
2690
2610
2746
2700
2620
2723
2687
2580
2673
2663
2717
2633
3140
2637
3403
2597
2430
2650
2704
2793
2700
2723
2676
2690
2717
2766
2627
2727
2743
2657
2746
2673
2733
2553
2513
2753
2630
2824
2866
2726
2614
2743
2843
2710
2666
2604
2653
2663
2640
2690
2686
2613
2706
2827
2600
2700
2733
2610
2820
2730
2737
2650
2686
2633
2707
2817
2813
2696
2724
2703
2870
2727
2633
2667
2743
3267
3456
3677
2753
2660
2617
2536
2530
2604
2750
2726
2574
2606
2620
2903
2637
2687
2670
2846
3064
2927
2883
3503
2843
3136
2913
2747
2650
3540
2857
2870
3187
2810
2870
2810
3043
2930
2830
2536
2746
2607
3254
2866
2640
2970
2713
2827
2740
2703
2550
2747
2797
2717
2833
2777
2753
2927
2866
2650
2690
2820
2794
2700
2757
2570
2717
2956
2737
2857
2720
2660
2780
2713
2790
2823
2670
2754
2790
2720
2867
2760
2680
2870
2750
2706
2844
2850
2714
2627
2743
2670
2707
2776
2963
2726
2843
2957
3060
2820
2803
2776
2747
2760
2736
2810
2923
3113
2724
2930
2823
2603
2590
3000
2773
2697
2670
2743
2730
2847
2853
2770
2893
2840
2850
2793
2726
2854
2714
2756
2740
2700
2823
2793
3670
2907
2837
2577
2817
2773
2817
2853
2793
2750
2794
2760
2770
2883
2587
2856
2790
2860
2703
2827
2703
2687
2674
2803
2870
2587
2763
2700
2797
2753
2807
2697
2706
2710
2737
2663
2790
2857
2666
2697
2820
2757
3057
3553
2880
2594
2770
2786
2870
2780
2757
2836
2717
2797
2733
2753
2906
2773
2950
2650
2790
3234
2777
2734
2686
2754
2603
2750
2833
2877
2820
2734
3057
2880
2857
2777
2803
2693
2853
2806
2597
2650
2743
2773
2737
2926
2807
2937
2870
2913
2723
2686
2850
2810
2976
2887
2833
2720
2753
2943
2944
1154
1103
1263
1179
1125
1170
1134
1116
1160
1168
1108
1148
1088
1077
1195
1246
1232
1138
1172
1198
1264
1199
1170
1166
1149
1135
1153
1187
1142
1107
1079
1139
1205
1169
1147
1120
1120
1105
1123
1156
1123
1106
1151
1157
1154
1187
1171
1129
1108
1160
1093
1116
1114
1098
1093
1179
1065
1166
1130
1068
1167
1127
1136
1157
1201
1121
1141
1136
1105
1107
1120
1170
1151
1165
1176
1187
1063
1147
1439
1126
1125
1080
1105
1201
1216
1141
1161
1138
1154
1147
1124
1434
1169
1133
1158
1202
1186
1120
1176
1093
1118
1305
1165
1119
1114
1094
1156
1109
1168
1144
1127
1085
1129
1149
1127
1161
1175
1201
1093
1061
1080
1019
1077
1037
1120
1042
1143
1125
1148
1163
1175
1103
1335
1067
1167
1144
1081
1124
1204
1112
1173
1156
1116
1142
1161
1129
1158
1182
1166
1106
1162
1075
1107
1187
1167
1191
1182
1135
1122
1121
1110
1120
1086
1184
1119
1119
1125
1166
1197
1125
1154
1115
1068
1152
1130
1110
1155
1096
1141
1134
1181
1115
1095
1168
1158
1086
1138
1055
1106
1140
1159
1141
1142
1130
1116
1131
1146
1133
1125
1141
1099
1079
1189
1094
1161
1166
1141
1123
1159
1105
1095
1141
1127
1079
1124
1081
1132
1142
1293
1099
1206
1178
1163
1154
1182
1180
1148
1073
1122
1205
1146
1103
1082
1180
1110
1168
1124
1145
1125
1165
1310
1199
1123
1094
1134
1249
1154
1107
1135
1195
1166
1130
1126
1128
1126
1172
1175
1125
1323
1191
1238
1246
1159
1121
1148
1102
1187
1161
1129
1112
1231
1274
1142
1119
1199
1132
1102
1147
1167
1174
1138
1145
1092
1123
1117
1182
1139
1149
1125
1096
1144
1164
1120
1129
1188
1102
1105
1091
1117
1178
1082
1061
1174
1120
1156
1081
1118
1087
1071
1158
1087
1140
1089
1190
1115
1124
1099
1111
1145
1125
1146
1181
1137
1130
1190
1141
1094
1196
1195
1077
1092
1108
1105
1121
1195
1168
1124
1104
1148
1115
1145
1187
1131
1134
1145
1110
1132
1195
1312
1310
1214
1158
1179
1160
1155
1141
1225
1151
1149
1081
1095
1216
1298
1079
1097
1191
1246
1114
1216
1185
1164
1119
1171
1142
1078
1227
1211
1143
1128
1094
1136
1301
1145
1434
1237
1117
1132
1333
1154
1095
1154
1147
1498
1149
1125
1132
1339
1048
1226
1121
1201
1116
1103
1150
1216
1152
1141
1174
1226
1154
1214
1165
1156
1167
1161
1148
1154
1178
1162
1120
1094
1118
1063
1123
1097
1121
1130
1125
2760
2720
2700
2713
2730
4416
2904
2767
2766
2740
2710
2743
2644
2697
2793
2836
2720
2793
2730
2746
3347
2740
2650
2920
2690
2714
2884
2660
2833
2877
2900
2717
2710
2696
2827
2700
2744
2733
2817
2720
2854
2823
2706
2690
2877
2630
3244
2876
2710
2807
2740
2730
2934
2697
2624
2803
2690
2843
2766
2634
2713
2860
2547
2776
2790
2750
2773
2637
2937
2674
2810
2701
2727
2637
2610
2853
3713
3237
3643
3527
3043
2723
2770
2737
2663
2693
2710
2690
2760
2690
2697
2723
2783
2670
2763
2750
2730
2720
2620
2700
2790
2787
2763
2667
2723
2653
2407
2617
2680
2813
2807
2753
2750
2667
2650
2673
2687
2757
2664
2584
2784
2690
2730
2823
2733
2844
2717
2664
2790
2817
2670
2800
2913
2647
2767
2670
2684
2816
2920
2864
2860
2667
2764
3723
2860
3710
2837
2783
2570
2693
2787
2640
2713
2854
2763
2683
2707
2707
2790
2717
2724
2620
2800
2710
2803
2807
2730
2604
2790
2726
2817
2887
2803
2754
2704
2723
2800
2714
2813
2610
2790
2784
2734
2717
2897
2800
2620
2603
2843
2763
2697
2670
2773
2757
1108
1119
1083
1173
1135
1088
1247
1161
1100
1131
1176
1242
1131
1126
1098
1175
1133
1084
1200
1126
1142
1180
1126
1171
1056
1086
1107
1080
1075
1138
1114
1483
1114
1195
1166
1150
1114
1135
1156
1073
1089
1074
1120
1127
1170
1087
1122
1032
1088
1156
1121
1128
1059
1137
1190
1093
1122
1118
1055
1160
1098
1124
1160
1128
1129
1014
1153
1079
1127
1181
1151
1098
1095
1075
1308
1147
1136
1065
1106
1150
1165
1126
1142
1160
1112
1128
1188
1158
1076
1123
1172
1181
1141
1132
1168
1183
1185
1128
1103
1169
1119
1068
1112
1054
1102
1147
1132
1100
1056
1120
1160
1133
1102
1160
1132
1172
1144
1071
1130
1087
2617
1082
1167
1175
1189
1172
1193
1157
1138
1178
1186
1094
1221
1196
1135
1187
1165
1239
1205
1147
1323
1192
1240
1133
1155
1142
1145
1279
1157
1104
1220
1154
1170
1119
1136
1148
1137
1188
1126
1235
1081
1189
1166
1136
1178
1168
1157
1126
1154
1223
1153
1116
1198
1165
1071
11000
1139
1142
1155
1122
1164
1216
1133
1132
1144
1151
1139
1135
1175
1114
1080
1128
1145
1143
1070
1179
1153
1171
1090
1138
1138
1143
1169
1260
1208
1141
1166
1140
1175
1150
1120
1080
1126
1104
1136
1116
1164
1151
1090
1141
1083
1142
1160
1170
1136
1077
1100
1055
1150
1016
1112
1086
1088
1116
1074
1149
1063
1115
1169
1066
1287
1121
1051
1106
1126
1195
1099
1124
1094
1088
1424
1048
1079
1053
1103
1349
1086
1049
1129
1066
1116
1178
1080
1151
1129
1070
1100
1069
1161
1142
1148
1096
1048
1212
1182
1047
1130
1135
1121
1139
1132
1097
1086
1166
1109
1131
1120
1147
1130
1128
1125
1105
1187
1074
1103
1132
1093
1039
1083
1046
1079
1048
1008
1016
1036
1162
1089
1115
1148
1125
1057
1200
1181
1111
1113
1115
1086
1103
1132
1084
1084
1114
1138
1103
1070
1396
1154
1101
1101
1084
1042
1107
1122
1284
1053
1110
1091
1055
1079
1117
1147
1177
1266
1114
1116
1100
1156
1088
1084
1127
1114
1121
1109
1098
1055
1105
1125
1048
1090
1086
1100
1105
1078
1267
1055
1036
1142
1206
1107
1112
1094
1108
1162
1172
1122
1117
1123
1084
1161
1113
1047
1115
1048
1201
1133
1040
1111
1069
1072
1151
1046
1143
1184
1142
1148
1068
1193
1078
1078
1104
1088
1110
1106
1091
1126
1159
1386
1098
1081
1160
1120
1044
1090
1117
1009
1065
1140
1089
1125
1123
1162
1059
1083
1154
1126
1129
1147
1099
1133
1128
1122
1129
1104
1148
1119
1114
1089
1169
1177
1109
1069
1132
1178
1189
1179
1097
1483
1092
1130
1199
1138
1154
1204
1141
1036
1107
1119
1181
1113
1109
1072
1358
1051
1121
1109
1174
1118
1157
1058
1313
1093
1105
1058
1025
1068
1138
1052
1156
1117
1158
1061
1076
1090
1148
1067
1058
1077
1083
1080
1141
1165
1105
1053
1115
1124
1062
1150
1103
1090
1120
1099
1080
1092
1341
1147
1220
1082
1107
1086
1123
1164
1111
1096
1058
1171
1202
1074
1121
1176
1083
1273
1113
1106
1075
1027
1387
1187
1086
1090
1052
1257
1141
1440
1390
1086
1100
1156
1153
1092
1197
1165
1062
1241
1074
1282
1414
1709
1163
1148
1115
1132
1140
1154
1145
1106
1113
1117
1201
1103
1129
1085
1208
1150
1066
1146
1119
1155
1104
1220
1043
1110
1098
1144
1162
1158
1164
1104
1085
1084
1132
1202
1068
1169
1089
1139
1142
1164
1157
1113
1085
1179
1171
1117
1098
1144
1428
1148
1178
1151
1098
1106
1163
1056
1160
1106
1064
1108
1142
1203
1091
1356
1503
1142
1078
1064
1114
1106
1074
1197
1157
1094
1070
1064
1144
1191
1149
1154
1084
1231
1134
1095
1098
1160
1304
1182
1128
1153
1150
1158
1074
1170
1107
1166
1316
1156
1112
1064
1138
1094
1142
1132
1189
1098
1106
1111
1057
1155
1106
1090
1096
1085
1111
1032
1079
1113
1124
1077
1156
1114
1173
1106
1064
1091
1121
1081
1119
1078
1123
1133
1088
1176
1063
1112
1073
1063
1108
1119
1181
1072
1094
1083
1154
1094
1046
1084
1136
1119
1109
1099
1128
1089
1100
1119
1141
1063
1157
1099
1157
1185
1147
1049
1081
1084
1090
1110
1222
1146
1099
1134
1116
1019
1109
1108
1326
1207
1090
1068
1110
1128
1138
1101
1137
1144
1091
1081
1125
1113
1099
1109
1070
1250
1166
1146
1085
1165
1133
1140
1124
1128
1090
1127
1081
1040
1102
1177
1168
1085
1280
1041
1091
1106
1057
1132
1124
1086
1099
1114
1187
1142
1109
1104
1140
1129
1125
1130
1163
1121
1074
1147
1097
1116
1164
1149
1115
1086
1121
1175
1100
1080
1126
1056
1094
1142
1070
1123
1093
1101
1109
1122
1110
1405
1101
1113
1091
1141
1097
1142
1137
1161
1374
1081
1126
1100
1150
1077
1108
1070
1082
1264
1055
1094
1177
1086
1316
1169
1225
1129
1113
1171
1129
1187
1088
1120
1102
1146
1364
1103
1169
1100
1106
1085
1101
1186
1104
1147
1113
1113
1221
1114
1128
1023
1130
1102
1093
1157
1086
1155
1253
1107
1147
1106
1055
1179
1107
1154
1116
1073
1089
1186
1152
1144
1118
1131
1096
1166
1142
1153
1163
1188
1093
1161
1055
1073
1158
1089
1106
1098
1248
1341
1010
1080
1097
1132
1378
1145
1084
1153
1094
1080
1411
1138
1160
1170
1121
1066
1206
1152
1153
1210
1157
1120
1156
1083
1103
1149
1108
1116
1140
1103
1114
1138
1079
1172
1124
1081
1133
1119
1172
1093
1077
1053
1220
1104
1165
1153
1120
1121
1114
1135
1120
1149
1207
1128
1092
1097
1121
1184
1121
1084
1146
1376
1135
1130
1081
1052
1134
1107
1041
1134
1163
1049
1127
1130
1149
1123
1172
1190
1160
1172
1106
1153
1149
1108
1116
1149
1180
1406
1485
1428
1391
1357
1151
1122
1371
1185
1120
1076
1130
1026
1079
1078
1124
1073
1098
1158
1104
1109
1077
1076
1090
1129
1147
1204
1148
1167
1104
1122
1132
1141
1123
1171
1132
1183
1143
1122
1368
1195
1155
1049
1166
1322
1183
1119
1148
1159
1135
1108
1146
1120
1127
1115
1150
1094
1137
1130
1116
1087
1169
1113
1034
1073
1282
1122
1116
1137
1094
1130
1108
1341
1185
1410
1095
1148
1086
1155
1093
1113
1330
1121
1253
1137
1268
1544
1206
1283
1114
1088
1164
1204
1161
1137
1416
1302
1441
1324
1094
1424
1085
1260
1135
1128
1093
1108
1149
1101
1085
1082
1090
1114
1508
1131
1050
1176
1151
1134
1029
1081
1106
1188
1131
1080
1056
1098
1151
1067
1143
1097
1128
1229
1161
1099
1080
1107
1358
1126
1102
1087
1107
1201
1079
1089
1085
1072
1068
1077
1153
1212
1170
1154
1164
1137
1123
1098
1166
1110
1107
1135
1093
1159
1120
1123
1165
1118
1087
1210
1120
1230
1140
1111
1197
1160
1095
1075
1103
1138
1191
1140
1130
1101
1142
1155
1067
1136
1130
1140
1092
1111
1142
1124
1109
1146
1108
1071
1072
1127
1114
1076
1080
1187
1147
1158
1113
1120
1120
1093
1089
1100
1159
1161
1162
1129
1087
1142
1166
1045
1123
1093
1119
1260
1098
1100
1103
1089
1156
1138
1120
1126
1157
1119
1110
1085
1166
1102
1132
1110
1090
1198
1111
1054
1160
1059
1126
1187
1085
1125
1121
1094
1152
1949
1137
1195
1054
1170
1124
1091
1115
1149
1047
1061
1301
1541
1760
1187
1119
1121
1127
1083
1119
1517
1075
1103
1120
1120
1165
1119
1154
1145
1146
1152
1144
1080
5839
1132
1130
1149
1150
1116
1120
1133
1156
1145
1052
1092
1045
1140
1074
1133
1140
1147
1131
1174
1108
1141
1104
1160
1057
1045
1099
1128
1145
1165
1119
1086
1108
1085
1052
1100
1076
1105
1091
1112
1114
1126
1108
1173
1103
1154
1212
1155
1067
1097
1159
1039
1122
1183
1161
1149
1120
1078
1089
1157
1118
1099
1126
1096
1134
1190
1114
1092
1127
1122
1160
1086
1185
1052
1114
1105
1098
1124
1170
1115
1108
1109
1112
1176
1054
1105
1096
1177
1079
1102
1126
1098
1207
1151
1188
1165
1050
1099
1065
1101
1074
1123
1112
1157
1124
1124
1117
1099
1112
1146
1129
1026
1111
1155
1149
1211
1128
1081
1117
1104
1076
1122
1160
1123
1173
1433
1225
1130
1191
1200
1161
1137
1136
1147
1124
1107
1221
1155
1069
1084
1101
1178
1142
1047
1113
1099
1081
1091
1164
1179
1079
1072
1056
1089
1046
1057
1132
1106
1065
1147
1129
1169
1083
1097
1133
1098
1132
1080
1156
1157
1067
1021
1170
1190
1341
1189
1122
1125
1134
1142
1090
1085
1141
1090
1381
1212
1118
1119
1128
1141
1175
1139
1102
1113
1078
1081
1073
1104
1129
1130
1154
1139
1147
1127
1116
1144
1124
1204
1122
1138
1183
1132
1149
1172
1160
1148
1170
1146
1175
1173
1166
1181
1154
1166
1103
1114
1143
1188
1220
1839
1170
1150
1160
1183
1227
1140
1164
1156
1186
1180
1167
1179
1169
1144
1167
1169
1130
1096
1189
1202
1157
1132
1123
1113
1132
1213
1194
1155
1047
1096
1145
1213
1149
1167
1147
1428
1183
1108
1225
1154
1135
1104
1187
1143
1202
1092
1197
1194
1220
1169
1198
1151
1108
1133
1185
1163
1218
1120
1117
1159
1139
1141
1147
1159
1225
1131
1137
1157
1228
1335
1219
1170
1260
1226
1160
1174
1165
1230
1147
1123
1156
1255
3035
1139
1185
1155
1158
1169
1251
1167
1156
1112
1149
1230
1205
1103
1180
1200
1168
1200
1178
1162
1116
1177
1202
1153
1133
1155
1167
1182
1031
1166
1152
1181
1122
1096
1176
1125
1176
1178
1125
1161
1183
1166
1274
1127
1150
1162
1170
1166
1120
1197
1174
1181
1077
1072
1147
1130
1107
1130
1063
1145
1136
1127
1126
1189
1128
1095
1162
1105
1164
1150
1176
1212
1016
1150
1132
1194
1159
1169
1160
1159
1002
1176
1137
1115
1081
1116
1159
1134
1139
1934
1110
1133
1105
1164
1134
1108
1144
1175
1140
1178
1140
1059
1177
1117
1163
1131
1127
1076
1117
1146
1170
1133
1154
1178
1143
1144
1137
1124
1139
1219
1134
1025
1050
1136
1195
1170
1142
1153
1146
1166
1169
1160
1133
1132
1125
1127
1191
1179
1070
1063
1157
1092
1150
1132
1147
1105
1090
1106
1159
1079
1100
1115
1064
1038
1092
1047
1020
1110
1023
1088
1087
1067
1054
1075
1073
1095
1072
1092
1033
1080
1041
1003
999
1068
990
1096
1136
1038
1069
1085
1074
1029
996
1023
1056
1024
982
1023
993
1057
