2047133
40381
42467
80554
95363
55007
42367
90861
41770
19171
45734
18557
19359
19824
411978
23316
20486
19911
25390
20156
20622
26159
21835
22030
21152
22728
31541
21320
64955
16537
13585
16184
17686
16962
19808
20763
16469
17149
17373
16253
20364
16905
13469
12891
14353
20492
18376
18041
19124
15441
11284
14215
14924
15427
16428
14403
14035
14644
11713
14276
20139
14000
11287
13723
11723
11673
11616
11765
12574
11542
11616
11683
20140
11751
19044
11680
12276
12982
11198
10987
13480
12675
11885
24031
10870
10745
14662
12595
12120
11282
11147
14054
11597
11826
11216
24370
13102
11347
10292
10332
13920
17850
13967
10988
10673
10794
50023
14226
23074
2517
2512
2738
2398
2607
2675
2760
2599
2893
2810
2871
4011
2683
2669
3304
3056
2950
2700
3473
3099
2615
2612
2775
3148
2783
2856
2686
2616
2657
2642
2749
3753
2794
18902
2718
2582
2893
2686
2640
3886
2678
3972
2755
2517
2853
2599
2464
14044
2596
2656
2423
2542
2460
2461
2827
2490
2582
2609
2590
2868
2915
2632
2716
2579
2883
3591
2813
2689
2539
2715
2588
2594
2583
2657
2748
2541
2542
2529
9673
2868
2689
2542
2625
2586
2547
2710
2631
2670
2780
2526
2599
2594
2515
2539
2691
2571
2592
2665
2723
3130
2585
2705
2611
2828
2533
2595
2482
2474
2491
2534
2840
2871
2725
2598
2633
2534
2666
2711
2534
2600
2702
2594
2662
2633
2471
2579
2691
2590
2636
2479
2640
2750
2753
2468
2585
2595
2594
2806
2594
2511
2614
2504
2476
2641
2625
2533
2767
35895
2553
37453
1959
1943
1984
1969
2034
1998
2036
2017
1987
1981
1995
1905
1954
1955
2037
1908
2057
1929
1936
2103
15385
1957
2172
2130
2101
2005
2250
3251
2083
2045
2071
2027
2046
2158
2026
2023
2246
2179
1951
2047
2037
1958
2012
2602
2258
2086
1966
2410
2735
1987
2124
2150
2101
2122
2116
2090
1892
2099
2003
2181
2167
2122
2090
2050
2153
1967
1954
2115
2432
2133
1938
1932
2049
2011
2140
2045
2150
1970
2220
1982
1962
1862
1964
1867
2083
1928
2087
2075
2247
2557
1906
2643
2162
2812
3448
2122
2073
2935
2073
2027
1992
2355
1969
2175
2110
2012
2166
2104
2150
2039
2474
2586
15539
2607
2071
2165
2397
1990
2035
2344
2191
2451
2105
2067
2396
2278
2242
1988
2157
1967
2099
2218
2757
2703
2067
1984
2115
2046
2102
1967
2169
2210
2170
2438
2398
2658
3049
2406
2404
2384
2638
2212
2478
3395
2349
2647
2373
2265
2784
3326
2556
2565
2437
2494
2693
2480
2820
2420
2566
2350
2238
2376
2543
2512
2258
2403
2473
2701
2473
2400
3358
3819
2862
2651
2527
2904
3337
2345
2592
2390
2679
2650
2806
2594
2920
2711
2952
2678
2318
2674
2321
2226
2737
2307
51874
2506
2445
2571
2372
2442
2192
2640
2232
2495
2401
2635
2458
2866
2455
2531
3022
2381
2284
2588
3103
2424
2985
2612
2462
2440
2653
3131
2361
2534
2470
2358
2454
2458
2647
2522
3047
2736
2332
2471
2529
2837
2440
2948
2463
2361
2337
2588
2617
2588
2681
2478
2581
2353
2510
2377
2199
2217
2122
2318
3166
2737
2520
2418
2314
2287
2125
2421
2483
2468
2494
3400
3041
2654
2483
2519
3001
2426
2384
2441
2322
2542
2479
2885
2945
2441
2580
2653
2672
2760
3197
2701
135216
2385
2960
27307
13721
1508
1211
2118
1228
1241
1271
1239
1428
1369
1337
1273
1324
1389
1311
1368
1800
1291
1337
1290
1358
1369
1310
1401
1255
1234
1228
1239
1678
1233
1254
1186
1282
1199
1289
1411
1270
1326
1338
1745
1346
1330
1354
1576
1246
1284
1308
1248
1306
1317
1480
1244
1260
1263
1288
1194
1456
1190
1278
1274
1272
1322
1366
1209
1271
1215
1246
1258
1188
1490
1188
1402
1334
1259
1140
1158
1192
1159
1191
1214
1149
1216
1131
1296
1268
1255
1224
1225
1218
1214
1252
1108
1127
1161
1102
1143
1266
1215
1226
1289
1205
1242
1708
1321
1197
1142
1217
1201
1138
1214
1194
1235
1199
1169
1516
1369
1291
1222
1361
1319
1352
1436
1220
1215
1137
1252
1245
1132
1211
1272
1560
1225
1103
1180
1208
1529
1331
1213
1209
1135
1591
1212
1228
1225
1127
1164
1284
1269
1238
1401
1145
1161
1410
1257
1278
1283
1166
1292
1287
1163
1435
1224
1240
1240
1259
1242
1181
1257
1205
1680
1213
1257
1232
1268
1680
1395
1213
1281
1228
1188
1240
1331
1335
1218
1429
1347
1382
1426
1429
1370
1361
1127
1420
1255
1409
1415
1208
1245
1159
1456
1661
1291
1174
1219
1177
1681
1127
1635
1330
1221
1330
1137
1169
1216
1160
1359
1272
1194
1395
1476
1243
1310
1674
1415
1279
1524
1323
1249
1220
1218
1153
1203
1164
1191
1284
1229
1264
1243
1302
1297
1238
1262
1228
1188
1266
1313
1184
1200
1163
1206
1167
1246
1204
1225
1256
1257
1194
1268
1257
1191
1170
1186
1186
1237
1360
1249
1297
1284
1327
1473
1247
1311
1196
1340
1389
1248
1372
1254
1205
1310
1234
1153
1319
1293
1291
1302
1338
1477
1329
1208
1453
1222
1204
1248
1268
1269
1187
1256
1156
1260
1979
1362
1222
1218
1225
1253
1214
1153
1162
1184
1466
1311
1188
1206
1534
1286
1155
1282
1273
1136
1522
1211
1219
1239
1205
1183
1186
1194
1177
1246
1213
1155
1182
1230
1263
1239
1296
2210
1296
1694
1413
1307
1136
1185
1132
1146
1233
1215
1373
1177
1184
1172
1160
1201
1222
1272
1153
1146
1124
1159
1293
1152
1196
1319
1225
1235
1218
1194
1265
1245
1222
1466
1275
1242
1280
1177
1252
1246
1194
1160
1282
1193
1228
1276
1154
1199
1194
1118
1157
1250
1224
1217
1227
1206
1258
1245
1441
1142
1176
1211
1324
3146
1157
1227
1254
1286
1220
1258
1228
1221
1253
1183
1650
1298
1224
1349
1238
1283
1212
1188
1171
1230
1214
1264
1167
1256
1178
1135
1199
1118
1195
1210
1201
1201
1140
1088
1201
1249
1240
1169
1194
1227
1137
1168
1118
1196
1183
1132
1202
1196
2460
1214
1626
1167
1260
1196
1309
1263
1257
1543
1220
1194
1238
1246
1217
1198
1197
1196
1190
1230
1190
1225
1201
1292
1178
1191
1167
1186
1181
1169
1261
1253
1259
1226
1196
1325
1278
1148
1268
1309
1218
1306
1369
1236
1290
1228
1259
1198
1223
1254
1244
1223
1440
1263
1462
1261
1148
1320
1175
1246
1201
1190
1203
1163
1138
1178
1198
1186
1172
1131
1237
1243
1210
1152
1228
1215
1191
1134
1186
1254
1216
1189
1165
1193
1232
1157
1128
1146
1152
1213
1223
1227
1280
1197
1193
1183
1194
1193
1180
1190
1178
1221
1174
1191
1251
1202
1163
1130
1242
1131
1203
1189
1161
1154
1244
1103
1121
1163
1238
1166
1250
1146
1221
1230
1211
1090
1186
1199
1229
1199
1232
1216
1183
1172
1231
1231
1258
1569
1281
1182
1332
1198
1206
1193
1106
1214
1160
1201
1210
1177
1225
1102
1205
1113
1223
1217
1221
1220
1228
1197
1261
1296
1235
1160
1127
1205
1198
1236
1224
1192
1171
1139
1154
1258
1238
1154
1159
1234
1162
1455
1758
1127
1210
1227
1169
1150
1280
1151
1276
1153
1240
1224
1182
1204
1220
1127
1136
1207
1294
1636
1185
1174
1187
1174
1171
1272
1157
1215
1210
1182
1200
1164
1181
1146
1161
1478
1215
1177
1241
1265
1160
1145
1148
1346
1400
1287
1190
1174
1202
1307
1184
1201
1186
1156
1183
1169
1186
1137
1223
1163
1194
1169
1129
1102
1246
1195
1179
1209
1389
1203
1193
1152
1188
1130
1176
1545
1148
1187
1139
1166
1200
1129
1174
1149
1186
1125
1219
1160
1168
1188
1164
1159
1202
1172
1166
1204
1101
1141
1279
1144
1213
1252
1184
1260
1188
1249
1231
1409
1199
1210
1225
1211
1196
1185
1193
1194
1182
1224
1218
1183
1123
1383
1305
1246
1149
1178
1259
1218
1183
1366
1180
1225
1210
1196
1229
1175
1230
1191
1113
1230
1199
1244
1188
1549
1238
1548
1341
1219
1172
1199
1102
1158
1175
1248
1495
1199
1175
1150
1197
1186
1214
1111
1116
1193
1199
1282
1211
1249
1151
1224
1198
6817
1223
1198
1258
1233
1174
1284
1331
1227
1244
1548
1159
1306
1273
1170
1244
1174
1128
1376
1177
1264
1159
1203
1220
1169
1168
1204
1191
1238
1176
1173
1208
1236
1191
1235
1459
1200
1263
1228
1174
1187
1194
1183
1113
1262
1125
1136
1208
1138
1290
1258
1178
1166
1195
1212
1160
1228
1175
1204
1156
1214
1251
1223
1206
1123
1142
1112
1173
1177
1120
1118
1158
1147
1213
1487
1303
1152
1449
1229
1191
1182
1099
1173
1440
1280
1210
1193
1267
1192
1204
1215
1155
1156
1143
1353
1180
1228
1150
1206
1146
1163
1234
1100
1238
1237
1174
1250
1152
1192
1336
1141
1181
1516
1186
1200
1138
1161
1164
1143
1256
1189
1206
1147
1203
1203
1237
1108
1176
1206
1184
1105
1162
1145
1182
1222
1523
1135
1219
1109
1212
1223
1199
1212
1237
1413
1256
1215
1169
1355
1190
1271
1237
1144
1115
1239
1149
1323
1241
1228
1173
1242
1235
1293
1237
1212
1339
1382
1232
1373
1132
1309
1202
1190
1155
1183
1177
1108
1142
1274
1115
1608
1939
1587
1692
1946
1807
1614
1327
1264
1243
1290
1235
1199
1313
1217
1336
1242
1234
1308
1198
1216
1652
1263
1305
1308
1181
1236
1164
1397
1264
1423
1313
1219
1213
1317
1280
1183
1209
1200
1249
1260
1306
1302
1215
1211
1244
1211
1240
1342
1208
1213
1276
1223
1495
1306
1296
1388
1192
1298
1339
1287
1239
1199
1221
1399
1244
1285
1170
1280
1214
1295
1178
1239
1253
1229
1265
1272
1268
1182
1199
1224
1218
1200
1281
1204
1227
1282
1241
1318
1444
1290
1264
1236
1211
1260
1271
1445
1293
1241
1391
1282
1233
1264
1231
1202
1219
1258
1253
1370
1213
1218
1428
1252
1242
1209
1289
1270
1175
1204
1320
1318
1194
1250
1203
1325
1221
1291
1240
1360
1205
1272
1221
1194
1331
1330
1259
1254
1333
1234
1202
1207
1476
1213
1246
1309
1240
1247
1273
1187
1219
1219
1263
1152
1244
1466
1244
1267
1227
1224
1260
1215
1225
1253
1206
1276
1227
1487
1279
1287
1266
1252
1239
1276
1219
1253
1232
1237
1214
1263
1227
1256
1209
1246
1236
1209
1230
1302
1267
1261
1302
1265
1278
1301
1179
1232
1245
1193
1206
1210
1222
1229
1288
1249
1319
1259
1237
1311
1102
1248
1216
1249
1234
1205
1243
1259
1264
1151
1210
1222
1279
1212
1366
1212
1214
1196
1189
1194
1216
1239
1258
1228
1211
1220
1196
1245
1356
1216
1263
1277
1281
1297
1198
1590
1295
1242
1187
1281
1291
1580
1256
1207
1309
1221
1250
1221
1206
1179
1290
1534
1265
1257
1218
1161
1236
1309
1175
1204
1179
1259
1218
1216
1255
1244
1230
1179
1197
1239
1204
1211
1280
1260
1267
1208
1221
1202
1228
1264
1233
1188
1264
1212
1276
1237
1227
1248
1172
1283
1193
1285
1255
1201
1205
1532
1293
1265
1272
1204
1198
1236
1261
1266
1202
1206
1265
1215
1155
1851
1631
1172
1234
1197
1218
1182
1267
1216
1240
1263
1236
1205
1193
1249
1262
1247
1300
1236
1193
1195
1196
1243
1265
1216
1248
1249
1268
1268
1207
1216
1188
1279
1280
1227
1203
1230
1314
1227
1261
1203
1195
1242
1239
1216
1287
1263
1403
1182
1246
1318
1211
1380
1236
1294
1249
1354
1424
1232
1225
1264
1208
1788
1290
1245
1206
1250
2674
1286
1251
1210
1222
1285
1251
1199
1618
1527
1338
1243
1397
1255
1252
1277
1351
1253
1226
1250
1295
1217
1247
1227
1309
1280
1256
1330
1232
1284
1280
1410
1782
1330
1280
1582
1291
1230
1225
1214
1214
1385
1297
1262
1513
1347
1287
1352
1253
1243
1222
1275
1303
1274
1278
1260
1291
1249
1225
1283
1196
1290
1359
1311
1275
1328
1269
1200
1616
1280
1591
1323
1360
1307
1226
1677
1895
1571
1286
1247
1312
1233
1234
1255
1274
1264
1236
1229
1351
1283
1296
1240
1301
1236
1557
1247
1334
1245
1271
1288
1314
12236
1286
1250
1188
1205
1264
1272
1290
1560
1339
1240
1192
1264
1348
1308
1269
1167
1224
1338
1258
1302
1394
1253
1263
1318
1243
1700
1321
1245
1283
1387
1362
1737
1278
1311
1240
1598
1298
3080
3057
3060
2964
3137
3073
3023
3073
3223
2847
3006
2980
2940
3317
3173
3127
3053
3223
3140
3070
3210
3917
3010
2963
3060
3240
3097
3187
2923
3193
3060
3027
3283
3150
3067
3106
3154
2927
3053
3087
3030
2944
3230
3047
3196
3030
3067
2923
3083
3047
3133
2890
2876
2917
3053
3000
2887
3004
3033
3217
3347
3133
3210
3100
2967
3036
3100
3193
4250
3034
3013
2966
2913
3114
3724
3160
3153
3016
3013
3070
2874
2930
2963
3107
3196
3144
3006
3167
2903
3094
2986
3034
2863
3083
3006
3070
3130
2967
2987
3074
2994
2980
3070
3170
3040
3057
3533
3150
2943
2987
3036
2986
2983
3130
3167
2900
3123
3073
2864
2890
3407
3007
3213
3350
3873
3100
3014
3040
3430
3890
3277
3133
3053
3160
4090
3477
3110
2914
3193
2950
2940
3537
2880
3160
3157
3240
2910
4003
3133
4607
2960
3260
3160
3020
3264
3187
2990
2936
137157
74007
58194
28837
22846
30003
23920
21030
22930
95457
29190
50203
5040
6737
5617
5120
6064
5430
6333
5467
5473
5240
4867
6560
3158
2237
2086
2063
2032
1983
2149
2081
2189
2295
2001
2026
2178
2958
2341
2274
2624
2067
2374
2066
1945
2011
2137
1954
2118
2041
2150
1990
2062
2314
2063
2113
2131
1992
2189
2031
2705
2156
2067
2017
2037
2018
2053
2079
2372
1998
2076
2171
2029
2052
2091
2072
2008
2113
2184
1925
2025
2106
1988
1962
2018
2118
2198
1950
2064
14461
2402
2037
2090
2109
1972
3452
2171
3541
2396
2232
2077
2095
2204
2090
1968
2127
1948
2073
2111
2054
2063
2226
2234
2174
2233
2120
2114
2014
2734
2088
1990
1932
2180
2036
2080
2179
2353
2246
2045
2098
2062
2064
2508
2342
2040
2052
2027
2197
2073
2112
2100
2162
2146
2166
2722
2100
2050
2045
2180
2194
1930
2009
2047
2199
2552
2334
2012
2108
2268
2119
2089
1960
2001
2062
2261
1990
2088
2049
2195
2151
2091
1962
2075
2159
2101
1995
2350
2026
2052
2142
2327
74015
1956
2121
2018
2075
2166
2081
2010
2218
2002
2245
2049
2422
2355
2174
2146
1973
2171
2151
2355
2233
2164
2064
2277
2166
2059
2720
2041
2409
2119
2283
2124
2132
2473
2757
2308
2177
2125
2037
2733
1905
2103
2104
2136
1958
2091
2317
2092
2199
2080
2201
2042
2077
2106
2124
2352
2167
2057
2267
2045
2139
2175
2002
2097
2017
2047
2114
2174
2034
2033
2017
2070
2106
2003
2176
2222
2070
2138
2055
1970
2084
2034
2094
2163
3266
2728
2125
2202
2228
2002
2230
2053
91851
2048
2108
2056
2124
2095
2401
2126
2056
2112
2067
2133
2000
2125
2087
2122
2897
2231
2117
2160
2499
2180
2040
1959
2066
3004
2064
2186
2185
2598
2112
2380
2084
2064
2033
2159
2033
2048
2203
2063
1927
2054
2120
1943
2137
2182
2113
2445
1955
2012
2032
2122
2107
2073
2178
2078
2105
2208
2150
1911
2320
2080
1948
1998
1960
2034
2400
2018
2137
2003
2120
1993
2022
2741
2489
2489
2025
2028
2159
2080
2126
2031
2914
2296
2176
2094
2054
1991
2678
2272
2594
2042
17953
2435
2005
1994
2025
2072
2387
1979
2006
2065
2032
2371
2018
2071
1945
2044
2218
2054
2227
2133
1963
2338
2087
2180
2005
2834
2346
2705
2178
2052
2056
2422
2000
1988
2263
2130
2209
2157
2214
2081
2170
2149
2106
1935
1981
2057
2013
2066
2031
2266
2044
2069
2142
2144
2184
3016
2137
2076
2413
2278
2285
2211
2281
2265
2185
2706
2138
2079
2772
2325
2053
2129
2398
2297
2006
2114
2044
2116
2153
2238
2090
2379
2015
2032
2142
2124
2158
2286
2128
2212
2048
2014
109914
2234
2176
2293
22422
13579
1015
1048
1030
1025
1160
1059
1047
982
1198
1002
984
982
1015
1069
979
997
1026
957
1060
1107
1148
1013
1140
988
1015
1054
1002
1038
2444
2350
2620
2543
2747
2726
2367
2393
2703
2457
2633
2584
2500
2547
2520
2516
2650
2850
2560
2674
2636
2417
2723
2563
2557
2540
3716
2743
2414
2926
2537
2580
2543
2447
2673
50913
2627
2637
2457
2897
2334
2687
2953
2736
2644
2637
2447
2534
2433
2620
2520
2544
2480
2640
2666
2574
2770
2613
2450
2630
2653
2667
2547
2703
2430
2527
2664
2523
2500
2510
2470
2470
2350
2597
3643
2620
2560
2567
2630
3220
2494
3576
3417
3250
3310
2810
2570
2564
2480
2554
2640
2570
2733
2834
2650
2863
1054
1221
1432
1039
1055
1048
1050
1108
1044
1152
1056
1049
1071
1116
1315
1040
1045
1081
1422
1096
1090
1046
1073
1474
1464
1079
1039
1069
1061
1054
1053
1049
1225
1125
1034
1046
1013
1034
1307
1135
1152
1206
1274
1078
1038
1018
1441
1300
1122
1063
1097
1014
1036
1057
1115
1129
1024
1362
1448
1090
1065
1095
1077
1086
1221
1164
1110
1102
1082
1139
1064
1000
1052
1039
1031
1080
1011
1067
1108
1141
1157
1054
1110
1270
1065
1048
1048
1002
1034
1035
1240
1202
1065
1078
1041
1190
1083
1061
1137
1064
1024
1208
998
1282
1102
1161
1028
1058
1049
1071
1083
943
1153
1111
1115
1089
1105
1231
1245
1286
1103
1220
1057
1067
1111
1114
1081
1165
1043
1063
1112
1036
1120
1088
1039
1024
1051
997
1043
1065
1134
1119
1444
1017
1312
1069
1178
1096
1593
1095
1085
1097
1093
1064
1056
1093
1051
1055
1084
1123
1090
1040
1012
1266
1168
1054
1145
1037
1044
1047
1041
1023
1029
1032
1014
1111
1097
1068
1136
1491
1050
1034
1104
1077
1136
1113
1053
1045
1098
1087
1080
1039
1055
1073
1069
1058
1014
1050
1052
1102
1004
1032
1041
1015
1029
1114
1072
1120
1105
1085
1083
1015
1038
1052
1071
1028
1082
1040
1090
1161
1096
1061
1077
1148
1043
1013
1126
1152
1101
1062
1074
2506
2616
2780
2853
2566
2634
2486
2593
2763
2496
2490
2617
2493
2673
2820
2830
2753
2724
2570
2526
2550
2717
2520
2724
2566
2677
2790
2580
2630
2680
3083
3590
2607
2514
2650
2600
2500
2593
2630
2677
2597
2577
2593
2497
2757
2607
2610
2527
2607
2740
2684
2470
2630
3087
2670
2623
2620
2560
2710
2457
2710
2640
2650
2633
2486
2630
2493
2670
2596
2560
2590
2697
2810
2643
2617
2680
2620
2460
2980
2680
2590
2607
2870
2534
2483
2560
2644
2507
2600
2413
2563
2520
2810
2620
2523
2627
2680
1016
1021
1051
1113
1052
1021
1030
1083
1039
1755
1112
1155
1040
1132
1063
1047
1641
1105
1167
1041
1048
1103
1058
1025
1089
1037
1111
1048
1122
1015
1043
1024
1070
1041
1055
1014
1072
1049
1078
1004
1023
1265
1117
1022
991
972
1079
1073
1100
1123
1090
1119
1007
1045
996
1030
1050
1105
1041
1091
1008
1106
1040
1113
1102
1189
1028
1057
1082
1082
1081
1069
1042
999
1005
1141
994
1105
1030
1044
1032
1033
1024
1064
1040
1098
1064
1030
1080
1073
1086
1026
1054
1049
1113
1044
1163
1044
1224
1099
1264
1132
1144
1095
1251
1014
1098
975
1074
1070
1043
1010
1070
1027
1094
1131
1009
1017
1074
1034
1113
1079
1076
1032
1042
1096
1078
1032
1032
1087
1137
1083
1206
1098
959
1042
990
1093
1083
1033
1045
1059
985
1255
1086
1348
1080
1062
1060
1075
1121
1057
1011
1124
1054
1074
1056
1049
1013
1116
1064
1212
1103
994
1086
1033
1071
1064
1601
1129
1082
1065
1134
1056
1040
1042
1161
1011
1036
1079
1179
1085
1046
1060
1192
1040
1143
996
1117
1037
1082
1056
1078
1115
1101
987
1058
1124
1052
1103
1102
1027
1107
1528
1121
1016
1073
1096
1019
1073
1098
1017
1039
1031
1095
1086
1093
1100
1064
1030
1076
1045
1110
1072
1067
1083
1084
1205
1067
1080
1080
1090
1214
1104
1056
1082
1058
1043
1032
1203
1026
991
1117
1026
1055
1067
1026
1121
1048
1067
1074
1038
1112
1080
1065
1086
1090
1027
1061
997
1153
1100
1084
985
1061
1057
1068
1068
1044
1026
1154
1007
1059
1331
1718
1068
1130
1103
1141
1028
1085
1074
1096
1112
1132
1071
1023
1066
1097
1069
1437
1121
1101
1202
1088
1073
1032
1063
1066
1089
1266
1068
1098
1020
1111
1062
1113
1127
1119
1035
1079
1015
1295
1102
1069
1408
1093
1061
1086
1086
1115
986
1169
1170
1093
1048
1099
1083
1285
1048
1029
1091
1042
1088
1045
1114
1070
1161
1055
1200
1032
1144
1004
1067
1062
1046
1063
1046
1012
1060
1035
1320
1131
1249
1116
1112
1073
1189
1023
1049
1123
1079
1110
1406
1090
1181
1068
1222
1226
1415
1094
1124
1157
1125
1083
1085
1069
1061
1120
1022
1116
1084
1004
1099
1100
1168
1162
1070
1036
1170
1048
1098
1040
1181
1131
1357
1098
1051
1082
1016
1080
1094
1151
1559
1125
1104
1078
1056
1045
984
1166
1057
1077
1038
1056
1108
1086
1066
1411
1062
1015
1123
1190
1148
1096
1077
1018
1079
1094
1084
1071
1112
1118
1104
1050
1169
1092
1052
1149
1059
1144
1121
1379
1051
1323
1106
1099
1168
1086
1086
1116
1080
1064
1416
1149
1123
1106
1097
1081
1048
1126
1076
1072
1104
1198
1153
1254
1102
1048
1087
1133
1097
1068
1089
1132
1073
1083
1100
1081
1129
1121
1075
1168
1120
1022
1088
1070
1080
1022
1068
1103
1121
1091
1153
1081
1235
1107
1082
1004
1050
1052
1116
1146
1093
1092
1039
1086
974
1052
1095
1131
1096
1122
1137
1121
1042
1115
1073
1123
1067
1043
992
1077
1071
1114
1029
1140
1188
1107
1025
1069
1004
1150
1070
1171
1098
1037
1093
1115
1038
1133
1114
1226
1055
1090
1056
1151
1067
1276
993
1108
1053
1094
1054
1105
1349
1049
1069
1319
1112
1097
1117
1308
1141
1424
1078
989
1092
1080
1044
1119
1077
1057
1025
1060
1030
1114
1052
1127
1175
1113
1058
1037
1126
1317
1187
1263
1179
1587
1280
1225
1038
1246
1481
1116
1294
1322
1152
1196
1281
1122
1177
1092
1130
1042
1090
1054
1109
1054
1259
1454
1137
1056
1208
1157
1114
1121
1142
1079
1068
1090
1087
1151
1125
1066
1071
1008
1126
1124
1022
1118
1084
1015
1035
1063
1140
1030
1119
1039
1149
1365
1247
1061
1119
1046
1111
1028
1052
998
1337
1028
1154
1074
1191
1074
1166
1087
1079
1031
1051
1154
1069
1112
1091
1061
946
1093
1014
1092
1048
1052
1047
1128
1132
1056
1093
1090
1033
1050
1054
1088
1059
1093
1057
1104
1040
1127
1385
1096
1119
1215
1135
1193
1057
1355
1129
1068
1100
1104
1093
1132
1077
1016
1092
1131
998
1110
1298
1105
1135
1153
1077
1165
1095
1060
1088
1134
1177
1096
1047
1100
1105
1167
1115
1418
1162
1098
1069
1074
1070
1105
1053
1119
1019
1087
1107
1163
1119
1143
1155
1103
1122
1165
1043
1114
1053
1155
1109
1117
1049
1121
1060
1130
1101
1132
1049
1075
1090
1069
1159
1152
1064
1085
1040
1155
1156
1162
1114
1139
1061
1097
1237
1193
1103
1151
1085
1063
1261
1188
1104
1080
1119
1123
1072
1125
1085
1249
1048
1076
1079
1093
1119
1056
1176
1130
1112
1086
1014
1125
1168
1141
1113
1129
1147
1122
1057
1071
1342
1095
1078
1220
1119
1093
1090
1183
1041
1049
1376
1152
1099
1109
1085
1135
1035
1410
1087
1167
1188
1104
1125
1069
1099
1042
1058
1162
1092
1114
1073
1169
1059
1143
1053
1132
1086
1110
1118
1088
1090
1351
1110
1134
1147
1095
1044
1070
1081
1046
1100
1049
1122
1045
1110
1006
1068
1103
1148
1191
1089
1172
1128
1220
1137
1076
1045
1037
1034
1068
1195
1098
1018
1157
1103
1099
1061
1188
1079
1161
1097
1022
1247
1084
1044
1102
1202
1149
1083
1107
1091
1008
1065
1185
1015
1177
1035
1275
1111
1089
1155
1174
1075
1094
1084
1033
1023
1088
1100
1121
1089
1074
1037
1050
1094
1151
1117
1084
1051
1078
1095
1045
1042
1048
1114
1115
1023
1227
1234
1126
1128
1058
1059
1660
1105
1114
1069
1032
1106
1432
1213
1061
1024
1122
1144
1195
1017
1051
1032
1316
1094
1068
1114
1073
1087
1057
1073
1100
1216
1168
1069
1092
1038
1106
1076
1066
1139
1136
1110
1101
1121
1074
1142
1252
1118
1074
1131
1140
1172
1030
1246
1101
1113
1123
1095
1050
1140
1080
1067
1022
1088
1128
1079
1041
1082
1138
1142
1085
1141
1074
1095
1050
1133
1127
1136
1035
1107
1083
1028
1069
1064
1203
1050
1029
1122
1071
1046
1028
1109
1143
1086
1027
1112
1079
1068
1094
1089
1075
1118
1048
1125
1057
1078
1107
1007
1069
1370
1062
1110
1083
1165
1057
1125
1074
1052
1133
1226
1208
1040
1422
1043
1114
1055
1141
1085
1047
1105
1085
1074
1207
1119
1135
1677
1961
1445
1496
1471
1357
1396
1084
1109
1272
1148
1344
1113
1032
1082
1203
1270
1120
1236
1147
1043
1117
1193
1064
1096
1084
1079
1114
1084
1179
1248
1187
1128
1101
1148
1102
1119
1306
1115
1196
1123
1049
1079
1117
1155
1074
1095
1028
1114
1096
1076
1393
1178
1091
1135
1211
1123
1037
1116
1190
1102
1018
1103
1049
1120
1111
1092
1211
1262
1098
1141
1088
1143
1077
1086
1114
1065
1005
1107
1064
1137
1236
1043
1085
1028
1134
1119
1108
1085
1171
1031
1143
1123
1145
1128
1056
973
1114
1085
1090
1110
1097
1182
1124
1226
1139
991
1182
1409
1111
1071
1192
1127
1139
1047
1058
1131
1542
1418
1075
1134
1103
1033
1111
1060
1067
1063
1077
1113
1099
1164
1081
1132
1108
1112
1006
1090
1119
981
1156
1117
1457
1073
1067
1087
1126
1225
1146
1096
1089
1049
1303
1148
1077
1113
1059
1040
2690
2646
2690
3090
2643
2773
2563
2567
2790
3327
2740
2660
2703
3596
2674
2736
2750
3026
2763
2590
2777
2717
2784
2603
2580
2777
2543
2853
2696
2630
2724
2533
2580
3066
2587
2557
2983
3003
2677
2656
3510
3226
3570
2770
2663
2717
2356
2700
2657
2666
2743
2883
2460
2613
2490
2740
2790
2787
2770
2630
2637
2674
2747
2413
2977
3343
2517
2657
2704
3330
4074
2647
2576
2884
2557
2627
2614
2740
2554
2704
2920
2636
2717
2660
2537
2814
2510
2830
2654
2613
2800
2824
2443
2566
2507
2573
2636
2590
2443
2797
2817
3190
2657
2783
2510
2760
1115
1086
1108
1065
1136
1076
1118
1119
1086
1034
1839
1123
1050
1077
1073
1109
1143
1034
1142
1130
1044
1087
1069
1087
1105
1103
1142
1794
1084
1129
1082
1065
1047
1166
1091
1186
1089
1176
1064
1064
1195
1081
1054
1074
1053
1461
1132
1114
1117
1087
1145
1051
1135
1090
1089
1168
1053
1080
1036
1077
1098
1102
1087
1087
1068
1068
1104
1112
1073
1056
1139
1119
1078
1103
1079
1154
1053
1092
1050
1131
1066
1102
1100
1130
1056
1118
1076
1113
1014
1115
1094
1093
1058
1068
1072
1075
1151
1060
1159
1078
1012
1081
1071
1194
1067
1212
1122
1073
1035
1034
1046
1069
1165
1088
1242
1100
1218
1074
1077
1082
1141
1051
984
1141
1235
1104
1078
1076
1086
1155
1189
1169
1080
1106
1093
1073
1081
1141
1137
1095
1161
1095
1139
1049
1131
1032
1582
1064
2263
1389
1137
1096
1058
1055
1061
1059
1103
1079
1137
1136
1022
1114
1139
1206
1089
1116
1108
1034
1032
1098
1102
1068
1038
1121
1114
1125
1147
1033
1037
1047
1138
1069
1097
1205
1078
1215
1085
1235
1062
1079
1037
1066
1198
1069
1178
1210
1071
1086
1079
1037
1038
1065
1032
1006
1175
1044
1079
958
1041
1109
1154
1036
1001
1083
1073
1053
1085
1067
1470
1111
1578
1578
1429
1293
3775
1359
1092
1077
1076
1099
1056
1102
1062
1117
1061
1047
1008
1087
1077
1038
1081
998
1110
1100
994
1055
1125
1046
1086
1121
1067
1167
1142
1089
1022
1100
1044
1130
1149
1238
1096
1059
1348
1062
1052
1124
1058
1196
1040
1156
1081
1074
1086
1116
1125
1124
1081
1064
1094
1075
1020
1115
1161
1048
1030
1219
1195
1090
1242
1123
1196
1147
1114
1250
1167
1102
1075
1084
1390
1360
1139
1082
1041
1191
1145
1014
1241
1497
1331
1400
1350
1156
1413
1085
1077
1156
1080
1109
1149
1064
1075
994
1084
1198
1006
1080
1082
1138
1086
1060
1072
1060
1090
1119
1092
1083
1102
1126
1088
1158
1058
1124
1138
1097
1047
1128
1212
1096
1018
1013
1128
1086
996
1060
1104
1037
1031
1086
1015
1089
1066
1076
1108
1116
1050
1090
1115
1050
1077
1117
1063
1087
1106
1064
1053
1053
1039
1470
1097
1050
1103
1035
1029
1039
1128
1044
1162
1059
1076
1226
1038
1087
1034
1033
1039
1084
1091
1068
1097
1032
1096
1028
1172
1183
1211
1127
1121
1059
1107
1098
1112
1048
1081
1108
1088
1069
1064
1122
1121
1087
1125
1073
1011
1082
995
1072
1073
1098
1103
1046
1070
1065
1075
1030
1123
1072
1050
1892
1069
1031
1087
1109
1062
1123
1115
1070
1035
1136
1095
1120
1358
1084
1109
1048
1147
1348
1458
1348
1058
1089
1088
1048
1321
1166
1093
1394
1142
1730
1267
1064
1087
1236
1107
1123
1129
1177
1409
1217
1019
1123
1117
1081
1066
1129
1192
1089
1108
1089
1115
1071
1136
1076
1081
1233
1070
1076
1142
1188
1083
1134
1003
1018
1312
1183
1211
1068
1097
965
1096
1084
1056
1134
1070
1119
1147
1204
1121
1116
983
1261
1120
1151
1385
1096
1013
1084
1093
1074
1058
1107
1112
1210
1074
1035
1140
1104
1065
1062
1176
1083
1069
1104
1090
1040
1056
1031
1124
1183
1148
1123
1077
1112
1028
1196
1009
1115
1059
1004
1037
1082
1102
1106
1017
1087
1051
1087
1034
1084
1069
1088
1028
1065
1041
995
1086
982
1121
1091
1147
1191
1131
1077
1137
1068
1155
1118
1134
1041
1081
1541
1113
1257
1151
1050
1208
1066
1038
1072
1110
1029
1272
1092
1146
1128
1104
1073
1134
1095
1139
1080
1136
1104
1124
1090
1053
1004
1110
1099
1174
1163
1139
1164
1044
1090
1103
996
1143
1322
1102
1055
1133
1112
1228
1109
1097
1036
1047
1109
1202
1204
1463
1132
1071
1038
1233
1114
1074
1251
1121
1078
1150
1204
1355
1066
1194
1105
1138
1042
1213
1172
1040
1096
1129
1085
1107
1117
1113
1131
1086
1182
1209
1120
1128
1103
1073
1118
1086
1121
1081
1086
1083
1151
1083
1073
1117
1179
1046
1096
1097
1094
1173
1135
1110
1070
1119
1063
1127
1133
1096
1125
1041
1112
1120
1091
1129
1103
1020
1103
1045
1057
1096
1120
1126
1102
1074
1045
1136
1083
1089
1079
1123
1029
1450
1133
1113
1104
1109
1102
1047
1042
1069
1124
1150
1132
1017
1100
1147
1115
1060
1126
1102
1162
1078
1094
1107
1076
1061
1068
1112
1119
1070
1120
1245
1107
1138
1131
1102
1163
1128
1100
1069
1082
1047
1059
1036
1107
1086
1083
1079
1042
1074
1022
1217
1071
1111
1216
1053
1062
1042
1096
1086
1136
1148
1074
1031
1095
1140
1071
1159
1074
1092
1066
1137
1066
1107
1062
1138
1075
1155
1072
1145
1081
1075
1081
1031
1077
1003
1080
1120
1084
1111
1103
1062
1084
1062
1131
1094
1090
1152
1090
1117
1106
1172
1083
1134
1093
1139
1105
1126
1069
1063
1119
1072
1127
1072
1079
1082
1060
1036
1061
1069
1197
1435
1596
1128
1054
1118
1121
1142
1075
1152
1104
1144
1102
1028
1100
1087
1103
1083
1306
1101
1070
1175
1474
1386
1353
1176
1425
1389
1422
1396
1417
1427
1407
1067
1548
1187
1262
1072
1094
1069
1097
1320
1275
1338
1256
1114
1061
1091
1046
1026
1040
1159
1124
1090
1051
1090
1046
1081
1018
1053
1116
1051
1121
1071
1075
1023
1117
1068
1473
1046
1129
1078
1141
1145
1057
1052
1064
1109
1045
1094
1077
1080
1054
1017
1188
1097
1118
1067
1163
1122
1113
1088
1050
1062
1116
1085
1064
1089
1049
1088
997
1151
996
1067
1059
1006
1056
1106
1094
1095
1078
1046
1096
1155
1070
1089
1080
1094
1079
1102
1039
1200
1157
1119
1092
1154
1169
1041
1083
1169
1083
1136
1033
1111
1102
1137
1054
1040
1089
1020
1032
1062
1112
1660
1072
1068
1050
1090
1082
1047
1043
1062
1103
1092
1060
1169
1120
1095
1086
1154
1000
1636
1161
1140
1154
1128
1161
1191
1085
1086
1079
1095
1105
1141
1133
1151
2662
1185
1075
1050
1052
1106
1078
1160
1091
1080
1113
1103
1082
1121
1054
1075
1082
1106
1029
1128
1125
1331
1094
1014
1070
1166
1111
1149
1228
1045
1135
1018
1099
1035
1111
1097
1835
1198
1084
1092
1092
1136
1100
1088
1023
1120
1171
1082
1085
1079
1089
1098
1085
1156
1006
1114
1140
1322
1395
1275
1127
1142
1098
1107
1091
1091
1088
985
1090
1034
1050
1097
1248
1105
1109
1077
1143
1104
1117
1244
1448
1296
1218
987
1093
1240
1051
1114
1095
1141
1134
1119
1227
1099
1105
1035
1209
1114
1079
1043
1097
1032
1158
1138
1346
1112
1128
1123
1033
1141
1162
1109
1141
1098
1112
1120
1143
1222
1129
1104
1101
1117
1111
1033
1140
1092
1075
1080
1133
1176
1155
1132
1129
1128
1152
1082
1355
1177
1138
1084
1169
2728
1099
1104
1140
1132
1090
1071
1126
1068
1089
1111
1171
1200
1130
1120
1113
1071
1113
1074
1182
1131
1104
1076
1045
1198
1114
1089
1103
1077
1147
1067
1247
1153
1070
1157
1149
1102
1335
1127
1052
1079
1200
1121
1051
1096
1136
1047
1108
1164
1139
1147
1090
1148
1157
1158
1114
1281
1109
1154
1119
1106
1074
1090
1081
1099
1080
1123
1041
1138
1088
1106
1179
1421
1130
1092
1097
1109
1121
1120
1062
1159
1142
1055
1208
1117
1092
1197
1115
1115
1105
1129
1073
1067
1074
1082
1093
1120
1065
1024
1120
1111
1084
1115
1139
1101
1096
1175
1074
1271
1076
1136
1055
1027
1084
1032
1100
1096
1126
1137
1119
1151
1126
1105
1064
1093
1072
1047
1049
1035
1076
1136
1035
1122
1115
1066
1100
1125
1057
1064
1129
1144
1044
1122
1149
1087
1275
1121
1128
1094
1170
1132
1127
1033
1079
1075
1057
1015
1048
1070
1088
1484
1364
1390
2957
2793
2684
2726
2736
4134
3483
3307
3280
3890
4023
3624
3333
2823
2660
2874
3407
2747
2630
2726
2570
2693
2760
2796
2697
2580
2810
3477
2700
2456
2627
2427
2563
2623
2630
2726
2776
2550
2633
2544
3234
2757
3890
3307
2570
2737
2676
2616
2620
2546
2714
2730
2660
2506
2567
2920
2843
2677
2596
2654
2614
2754
2727
2673
2707
2716
2700
2520
2673
2730
2747
2743
2920
2630
2707
2434
2617
2830
3720
2610
2733
2600
3063
3414
2753
2843
2720
3643
3350
3313
2783
2953
3394
2776
2820
2663
2833
3197
2727
2610
2643
2550
2590
33696
2740
2880
2873
2747
2773
2474
2683
2737
2710
2520
2613
2597
2730
2686
2744
2646
2686
2810
2794
3127
2534
3257
2810
2487
3867
2690
3927
2820
2526
2570
3694
2657
2833
2794
2844
3030
2736
2754
3414
2680
2557
3100
2540
2554
2870
2637
2770
2644
2590
3333
3143
3283
2840
2857
18364
2777
3027
2810
2867
2847
2730
3303
2906
3223
2897
2754
3393
2520
2650
2730
2830
2897
3003
2577
2707
2720
2847
2714
2683
2776
3493
3630
2784
3136
3083
2937
3140
3084
2753
2793
2636
2800
2597
2550
2760
2690
2700
2757
2677
2887
2813
2757
2907
2806
2790
2767
2657
2563
2623
2557
2603
2613
2760
2686
2947
2757
2740
2933
2890
2877
2654
2570
2833
2660
2834
1147
1012
1487
1096
1150
1147
1094
1068
1059
1145
1064
1211
1103
1080
1128
1036
1090
1138
1078
1109
1105
1248
1172
1149
1042
1068
1141
982
1076
1135
1175
1148
1134
1093
982
1094
1080
1145
1113
1058
1199
1037
1122
1111
1036
1163
1075
1096
1092
1081
1093
1066
1083
1091
1123
1137
1108
1108
1106
1476
1098
1165
1179
1132
1200
1116
1207
1114
1214
1038
1074
1101
976
1104
1116
1142
1017
1128
1107
979
1085
1119
1142
1048
1065
1050
1164
1069
1052
1076
1024
1028
1092
1084
988
1171
1248
1096
1173
1114
1137
1104
1065
1079
1006
1121
1042
1082
1156
1064
1174
1105
1121
1100
1121
1204
1086
1052
1097
1156
1157
1064
1166
1041
1170
1120
1324
1084
1041
1106
1141
1042
1189
1530
1109
1109
1081
1109
1215
1172
1047
1123
1233
1363
1072
1146
1124
1290
1049
1166
1034
1127
1233
1114
1112
1114
1104
1164
1068
1273
1077
1113
1104
1109
1145
1172
1108
1040
1125
1083
1116
1132
1146
1044
1151
1227
1046
1118
1083
1100
1063
1033
1051
1167
1131
1078
1067
1082
1084
1063
1197
1102
1115
1130
1165
1166
1070
1099
1181
1213
1117
1128
1219
1126
1099
1064
1131
1253
1354
1107
1114
1115
1083
1198
1024
1083
1108
1109
1251
1106
1411
1138
1128
1149
981
1090
1085
1311
1161
1068
1100
1036
1109
1162
1070
1085
1162
1222
1138
1107
1109
1179
1116
1054
1142
1037
1092
1123
1048
1076
1366
1128
1103
1133
1132
1073
1058
1080
1166
1057
1119
1059
1109
1096
1122
1126
1083
1046
1104
1130
975
1065
1135
1094
1098
1113
1284
1087
1192
1069
1030
1081
1016
1048
1086
1094
1123
1441
1147
1171
1138
1076
1090
1128
1100
1168
1148
1160
1144
1174
1120
1140
1129
1121
1206
1086
1368
1127
1089
1086
1261
1044
1291
1105
1191
1124
1099
1114
1168
1235
1670
1216
1095
1114
1074
1071
1047
1062
1085
1046
1036
1082
1081
1128
1121
1103
1095
1079
1130
1108
1070
1056
1114
1336
1081
1106
1083
1163
1380
1028
1109
1079
1056
1000
1046
1045
1063
1018
1140
1227
1142
1071
1081
1069
1105
1129
1072
1544
1459
1018
1026
1137
1115
1290
1070
1103
1111
1097
1048
962
1091
1124
1129
1126
1050
1116
1336
1096
1269
1115
1077
1086
1101
1027
1030
1108
1251
1110
1097
1193
1175
1082
1118
1116
1092
1263
1207
1026
1070
1154
1059
1032
1050
1193
1108
1120
1080
1089
1151
1117
1088
1100
1096
1023
1298
1753
1114
1166
1151
1075
1093
1064
1131
1107
1058
1098
1142
1083
1114
1005
1086
1528
1384
1148
1066
1028
1103
1293
1121
1074
1063
1080
1103
1104
1404
1136
1094
1106
1491
1051
1312
1079
1119
1124
1036
1137
1056
1091
1079
1123
1052
1052
1138
1144
1093
1076
1317
1265
1099
1051
1117
1089
1120
1027
1026
1081
1037
1107
1101
1104
1143
1102
1098
1065
1021
1090
1043
1154
1107
1103
1061
1085
1044
1061
1087
1112
1088
1094
1092
1076
1057
1108
1106
1066
1040
1135
1094
1032
1136
1031
1194
1161
1172
1112
1010
1091
1082
1099
1084
979
1064
994
1024
1043
1139
1087
1048
1024
1037
1042
1525
1106
1192
1371
1094
1081
1031
1093
1074
1163
1177
1107
1184
1115
1058
1082
1033
1138
1085
1159
1129
1031
1095
1058
1113
1080
1155
958
1248
1103
1086
1004
1130
1111
1067
1112
1086
1126
1091
1149
1120
1015
1568
1107
1047
1102
1000
1149
1086
1085
1009
981
1054
1081
1052
1090
1069
1058
1137
1107
1228
1080
1012
1059
1041
1075
1427
1114
1092
1060
1270
1189
1095
1387
1128
1105
1345
1148
1310
1127
1066
1081
1083
1065
1064
1159
1160
1020
1103
1141
1057
1079
1046
1075
1111
1323
1080
1077
1091
1097
1078
1076
1063
1059
1017
1093
1106
1101
1049
1045
1068
1096
1081
1098
1054
1081
1201
1386
1068
1104
1088
1117
1102
1168
1096
1053
1121
1022
1139
1091
1046
1102
1417
1051
1087
1058
1061
1026
1076
1266
1081
1105
1140
1083
1091
1106
1100
1135
1165
1151
1077
1126
1029
1063
1138
1183
991
1060
1041
1034
1082
1118
1154
1316
1223
1118
1332
1130
1137
960
1082
1106
1048
1061
1047
1093
1124
1062
1088
1285
1116
1105
1089
1092
998
1125
1063
1084
1136
1042
1054
1099
1018
1118
1147
1053
1119
1118
1106
1079
1085
1075
1030
1148
1642
1310
1091
1058
1100
1023
1077
1048
1064
1135
1074
1910
1084
1119
1160
1120
1056
1027
1058
1010
1037
1077
1093
1143
1217
1048
1033
1131
1063
1056
1074
1066
1045
1077
1046
1044
1089
1044
1105
1109
1100
1055
1082
1083
1120
1092
1136
1042
1071
1110
1075
1058
1029
1131
1062
1054
1094
1102
1057
1088
1160
1110
1092
1162
1131
1422
1128
1128
1093
1182
1104
1080
1063
1116
1047
1032
1095
1057
1121
1200
1057
1082
1047
1094
1035
1047
1083
1020
1055
973
1229
1090
1060
1097
1129
1171
1055
1117
1074
1181
1247
1040
1161
1238
1198
1136
1090
1012
1085
1128
1291
1416
1325
1359
1077
1101
1099
1058
1119
1129
1136
1080
1124
1050
1309
1302
1198
1122
1387
1126
1130
1138
1135
1197
1094
1073
1193
1120
1066
1067
1069
1062
1120
1059
1074
994
996
1114
1096
1011
1018
1086
1061
1015
1115
1075
1049
1037
1031
1122
1074
1014
1066
1010
1082
986
977
987
1084
1052
1073
954
1180
1063
1057
1086
1058
1035
1061
1091
1150
1030
1080
1008
1056
1124
1171
1093
1202
1093
1172
1060
1151
1101
1086
1069
1135
1304
1100
1168
1106
1059
1095
1115
1013
1121
1083
1073
1019
1103
1007
1054
1105
1123
1166
1102
1055
1125
1109
1264
1016
1071
1122
1108
1094
1043
1088
1131
1117
1108
1072
1080
1020
1089
1092
1097
1316
1168
1092
1144
1075
1203
1072
1117
1026
1103
1090
1064
1042
1104
1075
1100
1126
1096
1158
1119
1110
1078
1146
1114
1151
1118
1127
1040
1089
1169
1089
1100
1164
1058
1141
1113
1123
1041
1087
1092
1076
1036
1048
1049
1086
1145
1039
1010
1066
1084
1105
1030
1007
1037
1070
1195
1069
1056
1121
1158
1113
1060
1078
1082
1051
1340
1127
1049
1045
1062
1128
1167
1089
1096
1157
1097
1126
1105
1076
1137
1069
1200
997
1078
1072
1081
1129
1037
1088
1050
1097
1060
1189
1061
1183
1164
1542
1152
1093
1112
1087
1071
1191
1120
1061
1056
1012
1096
1075
1104
1051
1301
1101
1051
1074
1004
1102
1132
1113
1115
1099
1057
1069
1053
1022
1023
1096
1096
1086
1057
1046
1153
1060
1059
1124
1074
1061
1050
1048
1019
1120
1064
1084
1061
1097
1052
1054
1353
1298
1165
1119
1122
1077
1061
1070
1112
1066
1140
1053
1113
1096
1013
1037
1086
1070
1038
1053
1076
1141
1072
1041
1093
1073
1185
1127
1022
1116
1101
1066
1073
1047
1078
1129
1060
1098
1040
1093
1071
1109
1098
1083
1060
1066
1040
1083
1095
1088
1041
1062
1066
1037
1118
1119
1006
1101
1069
1311
1047
1023
1066
1099
1066
1114
1037
1108
1088
1108
1280
1099
1037
1060
1063
1063
1180
1075
1073
1126
1035
1065
1063
1067
1066
1088
1057
1074
1061
1002
1083
1066
1187
1066
1236
1055
1123
1124
1124
1015
1154
1081
1165
1016
1059
1056
1084
1193
1075
1009
1108
1016
1820
1142
1120
1069
993
1231
1239
1075
1173
1271
1088
1107
1107
1127
994
1111
1183
1049
1039
1092
1061
1067
1118
1071
1099
1273
1131
1143
996
1048
1135
1500
1377
1368
1541
1378
1112
1115
1047
1134
1118
1115
1123
1018
1160
1139
1031
1126
1087
1087
1415
1136
1098
1061
1044
1116
1036
1016
1021
1056
1064
1103
1013
1074
975
1085
1074
1118
1103
1009
1052
1078
1051
1161
1061
1055
1082
856
673
665
588
465
515
409
370
434
4155
506
449
385
311
422
318
438
299
330
321
396
319
555
307
413
493
318
512
444
343
638
311
527
309
312
319
401
405
313
395
553
410
383
365
547
382
341
349
362
579
308
334
417
342
309
320
389
302
360
301
406
314
332
336
331
370
322
601
502
354
320
331
326
339
328
345
322
382
309
306
338
397
300
321
379
463
308
331
320
497
315
309
372
495
330
312
316
416
326
319
293
469
321
313
308
460
308
308
329
471
313
558
341
415
321
313
333
448
591
473
387
403
552
400
312
310
316
319
381
337
357
386
343
312
394
336
301
361
327
309
335
541
489
1288
805
596
699
421
465
549
506
328
558
379
778
300
385
609
479
453
322
307
439
308
297
301
376
310
317
305
477
314
320
313
403
305
320
301
566
410
509
327
358
380
320
305
409
598
323
399
478
317
321
317
445
372
417
455
422
394
299
332
306
317
335
337
319
321
305
355
413
338
332
382
308
375
307
400
303
951
324
829
328
1588
348
300
361
329
368
320
325
312
309
316
507
568
364
1153
789
823
581
553
461
453
455
360
399
481
334
505
315
402
513
333
308
388
306
320
472
555
341
491
432
428
337
324
322
373
360
306
333
369
320
314
425
419
319
414
520
450
335
321
332
442
330
308
316
444
346
368
386
466
296
304
503
674
418
284
372
376
294
394
326
364
344
307
336
579
348
302
321
493
306
321
299
322
329
306
409
327
318
326
302
351
305
340
297
452
370
398
367
359
303
304
316
389
387
306
313
403
334
306
296
367
312
345
360
308
880
543
362
338
350
392
545
383
458
304
301
319
569
377
467
316
358
316
316
296
322
454
328
316
326
311
327
315
302
303
441
318
418
390
334
332
422
410
346
391
458
367
438
429
400
341
354
320
306
312
331
363
343
361
375
366
571
507
319
316
313
294
372
315
437
362
302
560
307
478
324
316
360
312
295
413
312
304
327
369
311
308
305
336
299
351
358
405
356
382
310
375
379
399
381
385
570
639
511
365
361
404
356
647
501
350
356
469
367
538
414
700
541
381
540
342
451
357
379
349
323
316
418
338
318
338
339
305
290
460
445
386
319
316
342
1144
742
652
487
670
416
480
688
537
1575
368
514
380
339
328
319
326
316
468
496
432
337
313
324
406
340
319
383
409
377
295
330
365
340
342
340
320
392
338
339
340
445
530
343
337
419
353
361
310
415
468
406
379
382
367
378
316
443
313
314
485
394
498
320
329
475
334
383
341
416
328
323
361
438
784
329
308
410
332
317
351
421
314
332
378
393
361
320
353
461
349
391
371
469
424
388
347
508
320
376
322
421
333
340
332
415
457
378
376
403
350
340
302
330
317
319
370
339
340
314
429
429
329
310
320
412
311
529
567
447
460
329
458
413
338
299
1120
712
638
613
433
484
502
384
333
708
373
337
346
428
310
315
302
391
306
303
343
481
336
524
362
372
328
296
300
473
321
350
319
318
322
355
394
319
340
358
312
329
318
325
474
362
396
336
314
308
728
360
367
442
641
552
317
327
365
324
306
311
807
334
301
382
398
363
330
372
800
360
340
343
403
388
313
298
391
302
599
327
1144
865
764
696
530
418
603
398
416
380
399
389
485
467
328
311
447
336
377
334
609
369
324
414
446
402
387
373
491
298
350
311
660
332
346
310
571
320
351
363
732
353
332
374
491
448
298
300
606
342
314
359
517
388
550
365
478
289
301
411
610
328
406
405
443
320
346
410
443
307
353
316
418
317
307
281
358
295
480
316
432
327
296
543
418
366
307
297
463
324
360
305
416
295
301
301
371
307
302
549
399
323
318
569
449
355
344
414
461
297
308
718
506
355
342
298
421
374
312
307
444
433
335
317
462
296
309
285
398
369
304
321
407
288
326
338
400
317
304
411
407
308
364
339
390
383
393
366
467
1624
364
331
302
293
531
368
322
342
464
1287
305
307
350
449
599
408
308
414
309
489
411
401
353
314
360
441
308
314
518
394
377
327
297
743
322
297
322
399
308
364
355
389
355
415
368
312
340
341
327
358
372
404
573
323
370
334
289
302
403
335
366
360
314
342
340
390
352
624
454
519
336
345
314
440
290
313
319
386
299
446
298
438
339
411
309
394
312
689
308
454
312
344
302
420
336
302
311
398
310
312
311
698
521
357
303
446
297
399
340
393
315
423
292
480
398
319
315
520
399
369
410
450
360
301
352
444
320
371
346
356
339
310
316
372
306
339
273
492
294
296
287
375
298
316
327
367
292
420
363
400
306
296
295
428
309
299
307
431
350
330
384
385
356
331
303
359
324
347
307
317
495
284
299
322
312
296
352
326
389
485
294
302
313
299
334
369
292
320
292
317
303
297
300
323
296
297
306
296
303
384
398
307
309
304
333
437
324
307
372
369
322
450
366
303
303
326
428
366
369
357
600
400
360
326
316
364
365
309
360
320
352
509
393
308
345
299
302
299
472
398
459
302
325
376
449
309
563
360
304
324
293
385
349
378
371
517
311
370
312
290
370
357
372
325
378
312
329
372
312
351
355
444
341
348
344
315
314
730
366
288
396
396
438
386
448
792
380
313
556
287
579
338
451
317
397
332
435
362
297
357
430
320
300
355
411
366
343
302
381
595
637
498
401
338
297
336
446
555
335
327
428
488
697
423
510
416
422
458
414
329
603
442
451
386
332
288
327
306
332
603
567
387
357
397
302
324
337
296
299
368
416
323
304
351
302
311
515
324
366
423
388
433
352
358
423
341
347
368
443
374
402
384
426
399
302
364
412
321
292
295
421
314
289
359
327
340
336
332
316
321
366
299
325
604
341
459
438
374
408
319
366
346
359
374
373
354
375
450
411
493
360
416
454
408
337
365
380
403
311
344
391
301
306
303
352
295
291
419
708
432
579
506
370
360
412
320
364
412
780
425
323
302
329
385
350
302
299
379
404
307
324
445
301
300
331
402
372
285
349
435
365
321
349
411
300
380
386
468
297
308
348
386
485
296
294
440
422
569
382
352
351
344
355
398
333
330
294
398
333
421
342
373
285
598
341
810
304
296
427
402
520
453
386
434
308
461
296
392
327
307
292
512
337
318
320
421
350
392
359
671
409
523
555
460
352
415
286
418
302
319
343
402
290
400
299
372
319
310
304
426
285
456
521
381
289
280
358
453
376
484
370
371
290
443
421
307
306
324
305
540
397
411
316
437
303
347
420
492
297
374
295
608
317
302
311
474
366
352
422
401
310
312
305
370
426
299
333
410
343
315
312
365
295
360
304
321
308
382
350
522
393
374
358
366
346
415
361
418
298
301
439
360
304
361
306
298
491
407
312
442
328
348
368
1109
743
582
467
401
559
515
529
350
363
463
362
366
340
324
360
333
323
471
318
319
315
333
366
314
426
314
419
302
300
301
466
291
319
275
333
299
303
360
376
317
330
300
323
765
319
306
406
290
304
300
454
364
348
376
582
320
303
314
436
303
297
287
475
474
306
360
424
320
331
322
412
330
320
342
444
371
302
295
669
325
279
321
377
434
303
342
393
300
363
310
499
362
467
392
432
310
305
317
363
291
333
342
312
292
306
1182
782
679
687
460
601
393
713
434
359
344
362
493
405
356
379
312
308
304
320
377
314
310
348
327
302
347
410
649
283
324
360
609
624
409
330
313
314
423
336
316
591
353
377
692
413
445
308
390
304
299
428
305
324
384
399
409
440
333
319
412
296
307
312
447
458
363
351
353
355
350
374
380
357
374
382
376
297
353
371
505
323
339
341
331
315
301
315
344
349
316
564
437
480
400
444
404
449
360
392
375
304
340
383
391
297
410
402
325
296
551
314
361
391
307
358
346
338
320
339
304
323
307
336
354
376
341
312
386
299
357
1203
930
570
475
375
607
548
454
453
1146
702
512
587
471
395
586
351
690
375
341
477
583
435
380
384
500
322
311
286
402
350
286
305
448
366
338
313
387
333
439
390
428
347
502
305
396
304
421
304
306
368
358
398
714
409
331
296
471
342
336
304
383
306
288
410
405
318
311
332
350
312
333
312
385
310
311
308
318
291
356
859
728
462
319
310
402
472
322
317
301
480
459
437
504
427
408
305
374
405
294
304
319
419
358
365
306
369
384
420
303
377
301
474
319
341
320
389
363
377
304
389
321
325
288
439
330
326
328
425
363
308
288
495
314
304
295
393
319
397
296
409
309
314
303
337
342
429
298
389
289
325
463
377
309
294
323
314
300
345
299
361
308
337
330
399
577
358
349
311
292
302
404
354
343
337
365
376
343
364
361
362
316
364
459
302
336
334
495
301
438
369
421
328
352
397
352
446
341
400
373
297
380
381
465
353
360
312
398
422
348
351
365
310
323
373
401
346
356
399
764
355
294
300
380
342
355
297
419
300
380
325
428
314
326
300
300
999
426
296
374
304
348
295
800
452
346
521
400
306
369
362
357
424
326
538
319
433
323
307
316
351
329
292
311
353
322
291
306
322
311
302
305
292
316
310
304
363
315
383
312
351
391
382
292
316
300
378
341
344
346
421
354
294
315
447
283
296
308
441
290
361
299
306
275
441
320
436
417
382
299
461
298
343
287
348
300
308
379
400
360
371
294
378
307
356
303
323
421
343
415
361
349
368
305
321
373
307
333
403
335
404
292
467
350
334
317
289
321
327
328
345
318
325
299
291
362
302
341
295
288
525
296
299
283
300
312
291
339
374
296
300
362
308
413
297
333
656
406
357
288
301
417
302
638
372
398
307
325
308
436
319
304
293
486
307
323
400
383
316
354
439
419
450
289
489
424
291
457
400
508
354
850
367
513
359
436
397
458
334
326
298
385
340
283
685
313
335
309
298
353
418
344
383
415
495
338
309
389
344
407
361
522
352
299
299
336
322
346
427
307
296
319
374
359
471
665
291
301
318
320
311
318
308
308
336
314
304
326
390
298
310
311
330
523
366
373
485
411
356
338
309
573
357
523
399
346
290
308
377
289
302
293
302
563
409
360
320
340
317
317
303
339
302
309
312
314
345
287
343
328
307
663
380
300
314
387
315
325
379
322
430
1198
798
576
522
436
549
363
491
342
350
328
533
425
337
313
309
455
322
422
455
327
326
315
438
302
309
328
308
320
423
290
420
342
319
317
303
479
585
594
434
416
581
588
422
581
597
640
533
882
575
603
775
573
443
462
575
893
412
330
440
582
546
563
596
851
624
686
736
653
612
608
552
639
646
720
635
527
682
711
544
802
678
681
663
592
568
737
627
724
716
841
545
662
536
776
684
484
487
781
603
726
944
438
475
506
536
545
399
640
547
850
539
595
409
513
728
636
656
601
392
611
510
566
380
448
365
313
312
323
586
300
308
326
469
486
296
296
444
453
312
309
451
329
445
351
395
311
317
293
385
383
407
308
398
304
310
303
532
349
346
295
475
296
367
318
394
307
326
296
414
307
458
409
433
366
353
369
343
361
378
380
359
349
338
308
308
316
297
325
316
341
332
305
313
306
308
431
282
359
306
394
563
365
381
435
353
410
335
381
440
303
368
390
291
335
315
404
299
531
589
452
312
321
312
450
315
375
302
317
331
300
290
395
307
310
296
384
468
304
521
362
322
304
391
439
320
290
293
463
458
318
313
369
451
312
305
713
390
311
299
372
372
331
298
388
287
342
298
387
382
294
398
304
318
313
300
449
310
300
316
316
307
542
310
404
387
309
391
346
306
322
393
296
288
355
314
371
299
302
368
296
318
289
638
368
321
327
420
348
319
367
320
355
312
326
405
396
316
339
401
324
288
294
413
330
295
325
381
290
348
295
406
308
378
350
457
362
379
349
397
332
327
326
401
538
293
309
476
308
449
296
521
356
319
490
450
308
298
293
423
377
302
319
389
326
319
398
440
304
377
336
309
305
542
307
370
372
342
363
366
374
299
331
364
269
338
508
347
297
310
395
304
305
328
391
351
304
298
477
377
305
313
283
309
323
318
379
441
370
281
432
292
389
331
526
370
305
329
385
301
299
324
379
415
296
583
316
354
419
364
320
384
320
326
325
