813538
19589
16210
17312
35305
39691
16024
81294
42920
91274
40176
41344
40013
41610
638652
59870
44770
43514
49443
42043
42790
43570
43986
45194
44093
43480
64614
38904
85723
28380
58297
38814
29777
34810
45937
18337
13659
17869
16264
22683
21049
17851
13371
12508
13979
12399
13298
12186
11973
17231
15393
11121
10904
12978
12908
18951
12177
13304
18598
13777
16879
14651
12554
13258
11666
12794
11323
12838
11689
13409
11408
11852
14618
11442
18648
13259
14319
11996
11058
10659
10784
11507
15517
20639
11496
10851
11066
11086
9984
10011
9941
10999
9994
9960
9806
18013
11189
12164
11079
11075
13821
12219
11212
11529
12074
11542
64325
14687
180251
2523
2555
2750
2499
2462
2687
2446
2758
2487
2860
4038
3679
2611
3444
2551
2440
3799
2593
3366
2438
2470
2458
2498
2497
2506
2892
2844
2549
2793
2492
3731
2448
3026
17270
2549
2361
2524
2872
2659
3590
2468
2362
2422
2708
2757
2623
2540
14030
2618
2804
2834
2348
2714
2658
3617
2643
2948
2400
2650
2876
2792
2755
2558
2783
4087
2498
2785
2870
2659
4701
2786
2489
2456
2542
2863
2461
2444
2413
8460
2766
2601
2585
2660
2624
2595
2574
2459
2550
2636
2652
2934
2680
3166
2571
2427
2408
2413
2609
2491
2382
2359
2555
2452
2489
2454
2348
2474
2573
2341
2568
2574
2784
2555
2599
2751
2641
2550
2570
2701
2566
2509
2592
2551
2630
2706
2478
2747
2515
2480
2527
2585
2608
2513
2549
2492
2528
2605
2445
2488
3001
2690
2557
2561
3550
2557
2508
2635
34339
2468
22988
2016
1972
2034
1971
1959
2002
2753
2188
1991
1872
1959
2040
1929
2043
1999
1917
1940
1961
1901
1935
15487
1906
2427
1980
1846
1950
1946
1922
1966
1945
1818
1888
1917
1979
2030
1874
1968
2009
1867
1920
2130
1971
2038
1927
2010
1981
1804
2596
1964
2042
2028
1987
1986
1996
1973
1906
2149
1955
2001
1900
1781
2419
1912
1831
1981
1944
2015
2067
1958
1925
1873
1862
2921
2108
2010
1795
1892
1910
1914
1884
1929
1904
2040
1927
1988
1911
1996
1901
1974
2016
1876
4178
1994
1886
2000
1972
2315
1953
2289
1970
1907
2303
1886
2046
2086
2019
3006
2509
2086
1930
2088
5441
21111
2072
1960
2196
2320
1933
2675
2796
2190
2389
2359
2387
3183
2305
2452
2108
2122
3050
2308
2928
2310
2310
2213
2010
2021
2095
2375
2053
2731
2244
2148
2118
2420
2149
2097
1990
2137
2169
2561
2152
1999
1926
1986
1935
1977
1963
2072
2184
2138
2077
2295
2390
2146
2491
2151
1974
2155
2046
2057
2192
2021
2868
2039
1950
1967
2581
1982
2110
2002
2079
2026
2030
1975
2149
2682
2295
2024
2015
2371
2945
2114
1990
1880
2080
2018
2126
2115
2060
2314
2040
2070
2032
42472
2206
2292
2364
2291
2129
1921
2047
1966
2062
2249
2015
2258
2222
2202
2054
1931
1874
1945
2108
1986
2071
1979
1842
2002
2114
2042
1944
2059
2042
1994
2132
1956
2148
2227
2104
2046
2282
2065
2280
2069
1992
2212
1915
1867
2063
1997
2007
1966
2192
1886
2091
1992
1926
2049
1994
1905
2335
2040
2094
1962
1968
1859
2353
2278
2256
2174
2027
2090
2146
2161
2159
1986
1938
2219
2064
2645
1992
1984
2015
1992
2133
2013
1961
2080
2096
2014
2019
1918
2170
2058
2042
124666
2160
2294
2099
25481
12938
1091
1497
1225
1313
1184
1225
1309
1230
1327
1292
1307
1555
1207
1126
1232
1137
1259
1200
1260
1201
1181
1300
1210
1576
1329
1385
1258
1175
1213
1249
1198
1223
1272
1549
1401
1191
1268
1280
1274
1330
1246
1157
1295
1249
1280
1216
1341
1328
1292
1325
1343
1210
1300
1243
1217
1256
1288
1220
1174
1355
1170
1217
1240
1231
1196
1182
1213
1207
1180
1193
1245
1311
1208
1316
1198
1210
1168
1229
1309
1229
1203
1290
1265
1334
1333
1292
1516
1334
1242
1243
1288
1199
1620
1223
1238
1618
1240
1291
1300
2632
1240
2428
1235
1321
1695
1170
1296
1249
1219
1230
1271
1321
1235
1283
1448
1371
1104
1245
1251
1887
1677
1481
1218
1230
1320
1478
1201
1206
1244
1121
1282
1209
1290
1319
1360
1201
1207
1259
1190
1249
1207
1230
1394
1405
1360
1887
1210
1195
1221
1286
1328
1286
1228
1202
1398
1272
1734
1140
1350
1827
1185
1166
1285
1227
1230
1307
1228
1283
1844
1406
1290
1249
1348
1281
1235
1186
1359
1786
1206
1239
2013
1212
1385
1119
1154
1162
1371
1166
1144
1159
1272
1167
1290
1536
1325
1254
1015
1199
1280
1194
1233
1279
1176
1277
1149
1199
1151
1130
1294
1210
1284
1609
1433
1276
1178
1167
1425
1291
1180
1187
1220
1228
1149
1187
1616
1369
1176
1194
1318
1662
1124
1233
1478
1020
1342
1150
1195
1188
1286
1194
1190
1082
1305
1160
1763
1163
1162
1158
1203
1097
1410
1242
1203
1248
1136
1487
1294
1157
1251
1208
1191
1283
1157
1376
1190
1206
1128
1228
1195
1186
1186
1217
1227
1226
1610
1350
1231
1166
1482
1523
1202
1163
1360
1395
1371
1227
1191
1307
1328
1240
1216
1226
1691
1234
1043
1323
1074
1225
1658
1186
1173
1175
1446
1195
1124
1301
1258
1144
1227
1159
1189
1166
1256
1228
1274
1148
1161
1211
1217
1237
1209
1251
1234
1217
1294
1168
1211
1219
1133
1326
1195
1176
1204
1117
1197
1228
1277
1215
1228
1157
1208
1294
1315
1280
1366
1434
1329
1528
1598
1258
1331
1300
1290
1321
1315
1249
1311
1287
1331
1257
1862
1261
1486
1215
1331
1334
1172
1241
1144
1300
1611
1282
1529
1484
1250
1304
1247
1277
1221
1246
1291
1339
1985
1419
1321
1308
1261
1153
1223
1394
1368
1334
1283
1332
1392
1273
1371
1364
1340
1376
1360
1374
1478
1337
1320
1446
1286
1194
1364
1347
1773
1372
1308
1309
1400
1345
1333
1302
1599
1369
1312
1450
1419
1659
1532
1324
1737
1301
1412
1374
1370
1358
1342
1366
1377
1330
1308
1439
1408
1529
1283
1282
1556
1431
1412
1253
1336
1349
1365
1538
1292
1320
1344
1400
1356
1305
1385
1308
1325
1367
1619
1345
1336
1382
1304
1374
1503
1392
1307
1350
1370
1664
1316
1344
1331
1329
1367
1309
1322
1709
1289
1367
1353
1284
1382
1130
1375
1394
1315
1357
1356
1332
1348
1329
1378
1401
1317
1304
1292
1446
1429
1508
1557
1373
1862
1452
1641
1372
1322
2280
1312
1379
1309
1351
3372
1389
1397
1388
1355
1622
1248
1286
1272
1331
1283
1224
1359
1167
1270
1231
1235
1264
1196
1191
1225
1227
1236
1200
1187
1226
1211
1264
1293
1276
1215
1214
1601
1234
1647
1277
1262
1246
1233
1220
1275
1167
1224
1219
1172
1185
1360
1194
1232
1237
1162
1258
1202
1182
1246
1196
1222
1211
1163
1184
1264
1254
1241
1243
7332
1399
1187
1216
1222
1172
1292
1270
1205
1229
1189
1184
1266
1219
1230
1188
1252
1192
1219
1281
1159
1298
1159
1246
1253
1270
1218
1182
1262
1436
1164
1337
1234
1234
1196
1212
1229
1207
1154
1228
1267
1195
1289
1228
1280
1253
1211
1201
1237
1180
1222
1218
1176
1256
1364
1275
1177
1265
1248
1215
1293
1213
1144
1254
1231
1226
1207
1213
1189
1231
1197
1238
1167
1239
1221
1241
1232
3260
1172
1197
1257
1199
1238
1258
1190
1203
1237
2466
1245
1223
1239
1237
1260
1240
1322
1283
1268
1249
1236
1523
1253
1244
1237
1201
1174
1251
1263
1289
1249
1223
1217
1251
1236
1260
1261
1194
1261
1267
1285
1253
1187
1252
1259
1235
1279
1587
1240
1216
1244
1243
1290
1278
1221
2093
1303
1220
1237
1169
1237
1180
1252
1240
1247
1554
1251
1210
1890
1275
1218
1210
1263
1258
1205
1318
1275
1213
1179
1221
1159
1219
1208
1683
1191
1255
1248
1234
1208
1311
1279
1327
1295
1333
1219
1380
1329
1357
1234
1277
1279
1309
1280
1269
1279
1233
1246
1231
1334
1418
1236
1379
1270
1314
3314
3324
3087
3293
3334
3340
3270
3146
3173
3206
3080
3116
3043
3824
3367
3150
3213
3147
4407
3097
3077
2990
3130
3130
3263
3224
3797
3277
3160
3157
3040
4257
3430
3210
3930
3160
3293
3123
3260
3060
3147
3353
3243
3140
3683
3134
4064
2946
3227
3043
3133
2980
3036
3153
3066
3237
3177
3513
3257
3026
3050
2954
3180
3210
3040
3000
3167
3180
3186
3207
3087
3076
3123
3216
3344
3157
3114
3063
3117
3143
3217
3063
3130
3047
3930
4006
3274
3400
3487
3377
3160
3240
3073
3090
3043
3303
3330
3133
3020
3036
3020
3020
2967
3124
3007
3187
3126
3257
3247
3090
3110
3010
3193
3696
3140
3217
3130
3917
4063
3240
3120
3780
2927
3014
3016
3004
3130
3234
3287
3150
3057
3230
3090
3340
3150
3610
3103
3130
3407
3450
3180
3303
3340
3533
4710
3326
3050
3280
3273
3673
4497
4460
4394
3317
4327
3284
3890
3213
3237
3127
3493
2976
3933
3417
3026
2923
2731
2740
2800
2509
2671
2592
2746
2718
2860
2789
2709
2957
2634
2720
3578
2697
2826
2663
2771
2623
2712
2578
2671
2649
2635
2517
2694
2598
3169
2669
2566
2634
2603
2557
2631
2628
2632
2523
2572
2688
2560
2560
2523
2643
2588
2700
2552
2723
2609
2629
2623
2517
2669
2752
2608
2520
2705
2655
3594
2569
2742
2938
2863
2823
2549
2500
2715
2754
2649
2712
2511
3043
2597
2680
2674
2812
2966
2580
2494
2637
2568
3468
2712
2660
2494
2548
2606
2645
2840
2598
2666
2782
2532
2560
2483
2835
2540
2384
2581
2379
2653
2644
2663
2438
2470
2447
2533
2527
2520
2494
2548
2586
2861
2472
2637
2676
2677
2515
2856
2513
2531
3398
2466
3110
3110
2518
2507
2532
2551
2410
2447
2772
2510
2407
2508
2619
2613
2482
2419
2447
2432
2398
2386
2640
3189
2395
2489
2452
2405
2522
2572
2550
2566
2490
2520
2398
2419
2530
2480
2334
2492
2472
2378
2416
2586
2426
2404
2459
2502
2435
2335
2381
2702
2812
2471
2550
2508
2654
2473
2443
2491
2598
2406
2463
2350
2374
2468
2597
2332
2438
2308
2673
2448
2742
2365
2360
2452
2400
3166
3000
3074
3034
2934
3030
3203
3326
3283
3090
3010
3090
3096
3150
3147
3067
3433
3970
2900
3067
3276
30180
2960
3033
2920
2921
3117
3077
3153
3216
3016
3183
3070
2990
2913
3380
2996
3070
2990
3113
2943
3010
2886
2884
2940
3050
3200
3033
3063
3650
3663
3750
3347
2884
3240
3063
2937
3040
3457
3283
3130
3013
2997
2977
3486
3006
2990
3266
3293
3120
3390
3184
3203
3654
3220
3196
3260
3154
3150
3290
3016
3087
3167
3183
3070
3034
3657
3727
1406
1538
1816
1324
1244
1497
1252
1268
1251
1266
1264
1360
1231
1424
1210
1278
1248
1228
1366
1378
1315
1250
1268
1308
1248
1328
1297
1221
1199
1321
1217
1248
1327
1517
1123
1171
1210
1559
1517
1851
1516
1298
1396
1274
1428
1270
1264
1255
1286
1263
1259
1310
1276
1526
1728
1392
1251
1182
1232
1244
1201
1297
1281
1322
1259
1339
1275
1306
1197
1201
1229
1416
1505
1527
1270
1424
1332
1281
1253
1257
1281
1328
1180
1335
1465
1334
1336
1258
1239
1214
1244
1226
1237
1285
1205
1277
1274
1280
1276
1256
1270
1255
1241
1257
1373
1285
1312
1252
1300
1267
1278
1258
1274
1262
1275
1334
1226
1215
1276
1234
1196
1254
1248
1253
1287
1218
1242
1335
1782
1337
1638
1238
1308
1345
1288
1303
1291
1246
1351
1238
1274
1293
1412
1256
1283
1173
1360
1236
1234
1246
1310
1228
1228
1382
1237
1290
1334
1182
1243
1577
1242
1236
1342
1246
1225
1314
1532
1252
1253
1310
1291
1278
1228
1260
1211
1244
1274
1237
1222
1376
1581
1303
1254
1285
1216
1241
1295
1252
1228
1253
1236
1219
1272
1226
1158
1297
1242
1159
1234
1293
1199
1258
1233
1217
1293
1321
1272
1241
1309
1279
1226
1288
1258
3180
3127
3007
3170
3093
3077
2987
3573
3057
3693
3037
3647
3087
2973
3030
2886
3120
3034
3020
3093
3230
3187
3406
3423
3424
3280
3184
2990
3117
3770
3043
3296
3257
3230
3350
3020
3086
3040
3186
3534
3113
2977
3076
3017
3140
3190
3140
3084
3117
3054
3140
3026
3100
3210
3003
3140
3253
3233
3323
2960
3084
3090
3103
3320
3360
3320
3100
3090
3183
3183
3097
3120
3073
3143
3103
3160
2977
3033
3090
3247
3170
3084
3266
3170
2947
3440
3090
2950
3010
3176
3147
2990
3060
3107
3110
3063
3170
28410
3120
3167
3233
3153
3170
2900
3047
3097
3174
3123
3063
3160
3160
2997
3497
3554
3956
3310
3433
3263
3213
3643
3380
3200
3087
3153
3420
3363
3556
3243
3290
3540
3950
3377
3183
3094
3196
3567
3593
3646
3340
3417
3487
3543
3880
3554
3830
3324
3793
3540
3426
3070
3803
3270
3164
3130
3310
3280
3316
3414
3283
3290
3247
3254
3216
3417
3220
3414
3206
3177
3143
3283
3347
3080
3214
3117
1373
1684
1620
1476
1321
1441
1479
1424
1419
1387
1721
1353
1456
1344
1275
1264
1418
1382
1615
1425
1652
2138
1601
1440
1608
1507
1556
1527
1642
1336
1440
1640
1875
1395
1485
1332
1514
1499
1375
1347
1519
1369
1364
1732
1360
1274
1355
1249
1321
1305
1253
1336
1261
1302
1624
1300
1403
1290
1372
1930
1359
1525
1277
1238
1314
1272
1342
1286
1246
1272
1301
1337
1243
1276
1274
1218
1359
1417
1359
1452
1361
1450
1435
1390
1487
1318
2315
1382
1448
1411
1364
1410
1603
1388
1346
1311
1347
1358
1367
1279
1297
1350
1251
1171
1281
1293
1309
1324
1219
1264
1230
1412
1242
1254
1265
1301
1460
1262
1284
1262
1199
1202
1286
1310
1374
1290
1421
1312
1244
1407
1316
1338
1303
1313
1266
1361
1274
1309
1286
1240
1163
1254
1377
1226
1292
1215
1240
1223
2751
1206
1261
1241
1195
1209
1181
1223
1201
1233
1271
1208
1181
1205
1198
1255
1196
1139
1242
1236
1215
1193
1178
1248
1207
1270
1193
1216
1297
1289
1183
1311
1212
1167
1281
1237
1182
1253
1197
1264
1186
1175
1230
1218
1221
1152
1240
1258
1209
1267
1218
1166
1186
1232
1196
1228
1235
1186
1255
1506
1202
1197
1201
1212
1252
1200
1222
1275
1281
1320
1221
1218
1228
1209
1190
1381
1137
1113
1200
1276
1255
1240
1279
1163
1262
1185
1497
1367
1287
1220
1265
1200
1206
1169
1238
1210
1206
1481
1255
1462
1231
1147
1202
1267
1245
1230
1237
1205
1257
1217
1251
1232
1171
1236
1201
1256
1214
1252
1288
1187
1171
1114
1222
1181
1446
1261
1283
1288
1219
1233
1400
1166
1251
1239
1207
1197
1284
1251
1112
1214
1211
1252
1239
1193
1235
1183
1225
1242
1432
1277
1289
1274
1272
1225
1183
1554
1437
1152
1235
1163
1264
1250
1082
1071
1227
1189
1227
1195
1464
1149
1505
1231
1123
1226
1461
1215
1185
1240
1252
1327
1295
1214
1214
1249
1206
1168
1212
1125
1177
1537
1532
1450
1119
1201
1526
1158
1212
1521
1188
1252
1293
1367
1350
1610
1334
1273
1205
1163
1265
1292
1300
1254
1278
1330
1237
1219
1176
1184
1230
1454
1253
1355
1276
1260
1185
1259
1228
1529
1201
1320
1846
1242
1309
1165
1198
1298
1542
1298
1228
1159
1326
1298
1240
1265
1284
1286
1250
1233
1560
1201
1252
1183
1222
1195
1166
1254
1098
1418
1153
1277
1239
1268
1237
1188
1239
1191
1188
1193
1234
2927
3033
3337
3037
3033
3080
3027
3363
3133
2880
3114
2973
2937
3020
3110
2850
3097
2854
2990
3020
2930
3000
4026
3277
3306
3210
3027
2993
3037
3133
3043
2916
2914
2973
3420
3744
3327
3520
3377
3027
3913
3116
3433
3136
3057
3290
3426
3407
3487
3067
3164
3760
3977
3407
3130
2960
3177
3187
3510
3667
3100
3293
2900
3130
4373
3227
4177
3437
3210
3316
3527
3190
3614
3343
3777
3540
3446
3180
3204
3060
3450
3480
3300
3474
3377
1548
1401
1445
1412
1512
1506
1274
1286
1320
1334
1264
1286
1385
1297
1549
1642
1385
1676
1255
1486
1250
1227
1309
1401
1224
1260
1304
1523
1365
1793
1457
1724
1445
1283
1269
1292
1708
1479
1501
1416
1520
1425
1466
1582
1464
1331
1480
1207
1406
1229
1265
1206
1289
1290
1518
1242
1557
1195
1318
1257
1356
1219
1271
1264
1180
1234
1286
1301
1788
1462
1502
1432
1300
1351
1313
1263
1350
1368
1333
1476
1413
1223
1675
1549
1476
1351
1327
1272
1372
1335
1347
1252
1321
1358
1459
1354
1605
1573
2049
1395
1294
1510
1408
1298
1318
1654
1187
1227
1320
1563
1244
1320
1280
1270
1476
1834
1420
1430
1294
1234
1253
1300
1281
1234
1247
1474
1490
1638
1376
1752
1467
1441
1453
1471
1286
1270
1364
1281
1271
1304
1304
1386
1709
1636
1343
1268
1285
1352
1272
1328
1263
1297
1194
1461
1352
1193
1575
1616
1534
1765
1413
1826
1338
1377
1397
1669
1287
1441
1544
1749
1276
1385
1254
1365
1208
1213
1200
1355
1273
1321
1221
1506
1303
1424
1306
1674
1299
1482
1691
1479
1455
1314
1576
1293
1319
1271
1444
1619
1500
1500
1292
1226
1492
1375
1411
1235
1488
1302
1263
1287
1706
1432
1502
1421
1423
1479
1545
1603
1454
1383
1275
1400
1470
1644
1577
1326
1826
1412
1246
1345
1457
1359
1198
1377
1588
1287
1180
1578
1189
1281
1209
1195
1548
1395
1690
1222
1320
1416
1202
1255
1176
1466
1327
1322
1370
1463
1483
1544
1273
1234
1235
1270
1418
1254
1430
1296
1225
1255
1504
1392
1594
1566
1729
1609
1335
1395
1611
1366
1411
1456
1395
1201
1948
1513
1834
1422
1281
1436
1217
1292
1311
1257
1467
1369
1476
1402
1406
1532
1566
1225
1354
1326
1266
1431
1493
1225
1649
1658
1296
1344
1439
1421
1698
1420
1211
1329
1360
1354
1193
1142
1330
1164
1418
1465
1435
1400
1535
1536
1344
1374
1304
1279
1308
1187
1295
1297
1308
1377
1286
1254
1466
1833
1408
1203
1254
1284
1269
1451
1529
1569
1271
1379
1311
1292
1455
1496
1585
1520
1835
1394
1240
1379
1264
1612
1441
1458
1283
1409
1961
1374
1338
1197
1559
1738
1614
1487
1587
1743
1300
1359
1239
1281
1275
1240
1397
1451
1840
1354
1205
1695
1301
1448
1265
1767
1370
1755
1559
1879
1352
1295
1277
1385
1648
1187
1326
1634
1372
1675
1138
1356
1515
1463
1641
1196
1312
1251
1473
1198
1287
1290
1618
1591
1396
1405
1529
1476
1314
1757
1302
1517
1865
1355
1185
1584
1302
1255
1300
1535
1580
1394
1407
1493
1412
1782
1372
1216
1405
1259
1419
1327
1339
1497
1418
1648
1345
1456
1350
1252
1366
1577
1322
1318
1493
1277
1291
1617
1395
1231
1628
1388
1292
1209
1335
1360
1301
1265
1155
1267
1462
1505
1297
1413
1452
1534
1299
1578
1418
1795
1455
1755
1281
1350
1392
1128
1264
1260
2003
1280
1341
1273
1315
1472
1371
1425
1297
1277
1264
1170
1208
1212
1342
1202
1295
1338
1246
1678
1203
1290
1208
1265
1358
1197
1275
1218
1463
1399
1344
1523
1243
1281
1272
1299
1295
1243
1347
1256
1274
1238
1236
1253
1145
1187
1331
1332
1299
1382
1488
1381
1414
1156
1314
1451
1488
1289
1251
1247
1196
1410
1213
1218
1190
1262
1202
1218
1210
1286
1133
1208
1237
1227
1243
1374
1437
1219
1144
1119
1234
1198
1253
1163
1219
1502
1249
1247
1201
1308
1568
1245
1583
1277
1190
1212
1191
1162
1198
1194
1159
1254
1266
6255
1276
1230
1139
1132
1177
1243
1157
1189
1188
1237
1231
1234
1188
1230
1197
1208
1212
1208
1184
1211
1234
1185
1258
1195
1252
1294
1230
1225
1268
1197
1156
1330
1277
1272
1287
1257
1380
1168
1290
1203
1247
1176
1251
1280
1280
1192
1167
1213
1178
1259
1238
1239
1294
1230
1224
1179
1171
1261
1207
1206
1296
1599
1320
1360
1491
1896
1306
1295
1467
1206
1254
1267
1212
1262
1230
1282
1174
1278
1276
1233
1192
1229
1202
1150
1224
1140
1279
1172
1238
1210
1262
1238
1167
1892
1171
1196
1216
1218
1139
1118
1194
1142
1216
1208
1237
1235
1187
1150
1162
1406
1138
1237
1179
1211
1208
1220
1223
1264
1251
1273
1118
1288
1790
1419
1284
1686
1196
1204
1286
1224
1639
1214
1239
1346
1249
1661
1280
1233
1180
1280
1117
1218
1215
1326
1207
1212
1258
1229
1504
1215
1243
1228
1204
1238
1234
1242
1243
1325
1357
1241
1219
1246
1284
1214
1171
1236
1170
1132
1180
1165
1231
1203
1353
1290
1226
1179
1221
1204
1277
1219
1254
1272
1298
1322
1554
1194
1365
1271
1188
1198
1164
1257
1252
1263
1207
1273
1181
1184
1240
1224
1339
1244
1572
1361
1515
1267
1175
1270
1213
1362
1364
1610
1290
1477
1640
1274
1428
1248
1332
1210
1268
1268
1146
1313
1199
1239
1220
1138
1172
1262
1261
1149
1555
1262
1338
1230
1232
1207
1170
1284
1202
1211
1350
1223
1919
1304
1566
1144
1153
1228
1173
1227
1187
1313
1214
1197
1164
1253
1251
1174
1151
1164
1156
1150
1146
1177
1218
1247
1119
1219
1185
1287
1209
1175
1252
1121
1201
1142
1124
1232
1170
1352
1145
1134
1200
1139
3027
3103
2753
3087
2987
3226
2900
2787
2904
3010
3134
2810
2767
2920
2960
2807
2967
3123
2873
2870
2790
2846
2967
2707
3090
3120
3277
3183
3266
3334
3273
3117
2953
2787
2933
2936
2943
3077
2753
2757
3027
3070
2857
2780
3026
2763
2910
2796
2923
2716
3120
2967
2927
2937
2990
2783
2897
3030
2913
2920
2743
2793
2757
3140
2817
2934
3497
3017
3070
3030
2880
3117
3270
2950
3663
3006
3087
3127
2867
2847
2803
2997
2807
2987
3023
2994
2937
2897
2844
2773
2880
3064
3090
2936
2990
2707
2917
2923
3120
3130
2960
2950
2980
1174
1492
1291
1197
1219
1185
1174
1194
1201
1178
1129
1152
1238
1234
1282
1160
1223
1227
1357
1278
1212
1158
1169
1186
1214
1145
1256
1188
1187
1244
1211
1105
1178
1164
1190
1138
1257
1189
1213
1178
1204
1231
1135
1256
1175
1174
1177
1144
1205
1306
1184
1162
1169
1195
1266
1111
1098
1161
1228
1257
1172
1169
1077
1138
1292
1239
1136
1119
1194
1226
1154
1265
1329
1169
1296
1281
1074
1191
1198
1281
1161
1280
1153
1184
1262
1261
1193
1147
1271
1381
1152
1144
1194
1258
2721
1237
1149
1353
1174
1228
1080
1167
1173
1212
1282
1207
1169
1159
1165
1337
1139
1130
1282
1226
1208
1285
1198
1192
1185
1230
1157
1198
1087
1217
1190
1153
1161
1148
1149
1357
1173
1182
1164
1216
1197
1120
1170
1188
1201
1270
1081
1200
1200
1219
1222
1124
1183
1159
1148
1187
1141
1228
1204
1162
1253
1181
1145
1138
1199
1231
1103
1207
1159
1250
1137
1258
1182
1157
1180
1088
1215
1153
1399
1364
1161
1166
1221
1140
1120
1353
1234
1168
1294
1243
1199
1194
1183
1203
1176
1323
1263
1375
1200
1173
1130
1268
1169
1224
1208
1137
1199
1260
1232
1233
1218
1406
1223
1219
1169
1154
1106
1240
1188
1211
1161
1239
1199
1144
1093
1228
1193
1286
1350
1271
1234
1113
1223
1195
1260
1094
1142
1175
1181
1192
1184
1262
1230
1203
1212
1323
1119
1205
1194
1322
1200
1167
1169
1152
1161
1110
1166
1133
1142
1186
1160
1170
1231
1190
1182
1208
1358
1257
1198
1245
1173
1138
1204
1199
1210
1073
1200
1222
1205
1233
1269
1134
1197
1221
1169
1208
1227
1172
1175
1154
1258
1254
1280
1246
1304
1372
1427
1189
1260
1386
1230
1240
1209
1271
1117
1455
1226
1105
1117
1185
1197
1300
1089
1311
1107
1232
1149
1205
1284
1159
1147
1218
1110
1198
1187
1072
1211
1199
1190
1227
1392
1278
1276
1097
1204
1243
1258
1486
1280
1350
1265
1156
1220
1175
1255
1224
1249
1297
1223
1187
1128
1189
1181
1241
1183
1078
1216
1310
1176
1139
1291
1269
1160
1148
1165
1322
1168
1209
1194
1141
1204
1187
1142
1192
1139
1186
1166
1200
1252
1265
1111
1181
1198
1199
1118
1234
1131
1581
1151
1202
1218
1121
1161
1170
1188
1220
1366
1141
1222
1155
1376
1240
1343
1173
1125
1133
1152
1391
1116
1177
1280
1143
1602
1264
1262
1209
1226
1324
1210
1288
1139
1233
1488
1201
1257
1135
1234
1351
1177
1209
1191
1485
1244
1525
1328
1411
1258
1270
1245
1210
1158
1201
1118
1342
1137
1137
1202
1226
1157
1573
1214
1215
1137
1206
1249
1175
1262
1160
1571
1263
1249
1256
1189
1172
1341
1202
1238
1197
1186
1211
1196
1166
1177
1191
1253
1252
1201
1186
1263
1171
1271
1163
1219
1215
1186
1176
1123
1370
1200
1160
1269
1172
1193
1143
1178
1164
1354
1431
1269
1285
1235
1190
1180
1236
1156
1235
1214
1279
1183
1215
1183
1266
1286
1115
1197
1188
1231
2923
3050
2783
2997
2770
3127
4140
3660
3257
2927
2990
2980
3244
2944
3390
2913
3170
3044
3353
3270
3040
3610
3317
3043
3260
3930
3647
3097
2823
2957
3057
3273
3137
2917
3294
3173
3807
2957
2843
2993
3120
3370
2933
3790
3097
2944
3823
3494
3354
3060
3863
3110
3177
3043
3313
3410
3076
2976
3070
2870
3380
3413
2676
3010
2727
2906
3246
3353
3107
3610
3120
3227
3264
3493
3056
3054
3227
2936
2894
2904
3976
4637
3426
3756
3083
3191
4014
3990
2954
3003
2974
3106
3303
3093
3666
3163
3073
3157
3243
2983
1241
1211
1366
1434
1271
1155
1237
1234
1168
1206
1175
1244
1200
1310
1629
1415
1240
1304
1221
1190
1270
1172
1150
1175
1131
1155
1177
1229
1168
1402
1229
1307
1224
1180
1198
1376
1263
1113
1178
1214
1171
1285
1205
1176
1111
1213
1325
1151
1245
1258
1224
1244
1207
1165
1245
1312
1521
1141
1183
1200
1130
1320
1166
1349
1547
1250
1177
1150
1405
1206
1244
1432
1197
1185
1171
1188
1201
1382
1339
1175
1081
1360
1357
1647
1624
1219
1403
1258
1206
1214
1161
1224
1150
1170
1255
1196
1266
1167
1148
1242
1191
1197
1213
1297
1264
1141
1217
1386
1178
1227
1251
1173
1231
1156
1645
1366
1163
1173
1215
1305
1169
1281
1175
1165
1149
1238
1309
1425
1585
1309
1219
1178
1591
1224
1234
1262
1259
1166
1169
1192
1124
1254
1232
1236
1266
1274
1307
1178
1336
1297
1281
1168
1220
1213
1184
1654
1174
1224
1153
1217
1311
1139
1202
1237
1278
1297
1240
1260
1155
1237
1260
1218
1292
1216
1159
1148
1152
1183
1154
1120
1149
1334
1267
1311
1224
1138
1545
1233
1220
1133
1189
1240
1227
1177
1304
1228
1314
1256
1204
1216
1532
1340
1274
1260
1310
1547
1263
1278
1274
1272
1216
1237
1201
1401
1470
1366
1766
1222
1406
1474
1269
1255
1203
1285
1281
1336
1260
1256
1361
1264
1295
1242
1308
1272
1181
1345
1232
1226
1265
1233
1265
1228
1278
1207
1240
1716
1266
1295
1261
1244
1241
1237
1215
1230
1268
1234
1205
1212
1274
1204
1284
1260
1542
1279
1242
1252
1228
1322
1264
1307
1250
5725
1258
1205
1228
1294
1257
1278
1269
1249
1262
1651
1615
1316
1246
1347
1218
1276
1298
1254
1232
1280
1282
1212
1321
1290
1298
1247
1325
1322
1274
1275
1316
1434
1231
1232
1285
1234
1255
1312
1311
1261
1246
1187
1277
1253
1329
1294
1264
1340
1437
1327
1269
1294
1237
1305
1256
1228
1210
1362
1219
1268
1192
1266
1757
1390
1289
1307
1294
1198
1274
1282
1279
1254
1254
1251
1271
1258
1226
1388
1226
1255
1282
1222
1255
1166
1291
1237
1246
1267
1263
1199
1243
1302
1378
1633
1665
1399
1295
1260
1405
1288
1279
1209
1244
1235
1277
1233
1286
1364
1502
1555
1558
1585
1530
1685
1699
1251
1450
1490
1458
1342
1489
1537
1524
1673
1229
1211
1577
1571
1667
1696
1599
1398
1228
1255
1203
1317
1289
1453
1302
1461
1202
1369
1299
1299
1261
1292
1228
1246
1222
1214
1270
1237
1311
1400
1773
1485
1348
1554
1176
1234
1602
1322
1209
1176
1370
1233
1568
1653
1176
1300
1276
1247
1480
1148
1186
1218
1241
1266
1299
1245
1216
1338
1564
1301
1197
1221
1184
1513
1276
1207
1247
1276
1248
1214
1195
1535
1298
1282
1245
1267
1297
1342
1328
1190
1221
1270
1291
1301
1273
1268
1282
1407
1193
1278
1507
1279
1265
1219
1246
1382
1307
1224
1244
1310
1335
1244
1210
1259
1250
1397
3287
3040
3540
3350
3827
3297
3587
3043
3757
3340
3033
2824
2994
3120
3067
3273
3117
3560
3290
3084
3083
3140
3223
3580
3207
3094
3126
3034
3150
3020
4187
3083
3264
3267
3123
3093
3273
3270
3047
3300
3204
3047
3847
3163
3464
3470
3240
3170
3390
3267
3314
3163
3176
3473
3336
3200
3316
3197
3333
3273
3250
3516
3217
2947
3310
3020
3116
3107
3293
3240
3087
2983
3164
3026
3290
3406
3334
3474
3080
3150
3124
3200
2993
3120
3213
3157
3113
3070
3130
3104
3203
3334
3090
3100
3190
3103
3190
4233
3350
3060
3006
3157
3107
3313
3090
3837
2964
3037
3176
3253
3524
2933
3073
3087
3293
2950
3226
3284
2956
3150
3100
3180
3250
3253
3490
3507
3204
3960
3287
2973
2977
3347
2990
3056
3057
3197
3120
3194
3420
3433
3440
3340
3004
3273
3210
3214
3184
3226
3263
3060
3140
3230
3130
3303
3374
3280
3006
3164
3364
3146
3250
3316
3110
3133
3200
3100
3177
3033
3323
3347
3237
3170
3181
3220
3224
3140
3023
3144
2893
3400
3460
3230
4694
4357
4520
3186
3903
3540
3400
4214
3397
3326
3253
3137
3700
3163
3613
3854
3240
3276
2990
2927
3030
2793
2766
2817
2804
2826
2824
2923
3153
3016
2813
2970
3093
1181
1121
1409
1976
1159
1165
1172
1153
1191
1112
1120
1216
1204
1161
1161
1169
1103
1128
1171
1267
1174
1118
1195
1136
1303
1140
1225
1206
1114
1181
1200
1170
1161
1166
1117
1206
1149
1164
1170
1174
1221
1133
1204
1173
1111
1090
1135
1199
1194
1132
1167
1171
1127
1124
1317
1080
1093
1126
1195
1139
1121
1222
1189
1128
1161
1158
1130
1252
1151
1127
1200
1135
1199
1108
1144
1158
1091
1132
1195
1114
1138
1199
1136
1151
1129
1069
1155
1116
1200
1173
1125
1255
1186
1150
1120
1174
1146
1125
1176
1107
1178
1149
1117
1098
1148
1156
1074
1144
1300
1091
1168
1308
1261
1130
1277
1101
1150
1063
1129
1175
1119
1074
1236
1138
1148
1220
1256
1678
1322
1094
1237
1115
1389
1052
1311
1151
1175
1319
1162
1498
1160
1055
1209
1294
1408
1564
1168
1568
1272
1515
1127
1083
1093
1127
1115
1279
1161
1213
1109
1166
1099
1205
1100
1260
1229
1141
1161
1204
1216
1194
1093
1159
1189
1168
1231
1358
1052
1178
1087
1203
1114
1216
1265
1355
1222
1382
1177
1146
1161
1195
1198
1118
1144
1122
1184
1172
1389
1347
1127
1180
1475
1627
1286
1135
1267
1187
1252
1233
1246
1170
1143
1103
1126
1086
1183
1112
1188
1127
1223
1311
1124
1170
1202
1130
1104
1118
1116
1160
1103
1254
1188
1197
1122
1177
1201
1373
1234
1275
1212
1129
1155
1128
1197
1166
1186
1194
1491
1163
1098
1115
1184
1108
1135
1115
1085
1169
1230
1233
1287
1267
1206
1233
1162
1212
1139
1259
1366
1156
1085
1156
1186
1572
1158
1072
1165
1341
1070
1200
1114
1166
1194
1188
1308
1222
1137
1276
1167
1320
1136
1181
1253
1112
1228
1181
1295
1259
1176
1240
1184
1217
1275
1153
1126
1153
1100
1351
1202
1400
1207
1259
1215
1225
1083
1138
1121
1130
1097
1184
1194
1058
1317
1394
1184
1164
1188
1088
1108
1222
1110
1149
1185
1188
1216
1157
1168
1177
1191
1129
1118
1089
1162
1095
1222
1081
1216
1174
1119
1161
1235
1196
1150
1187
1172
1158
1122
1169
1148
1086
1068
1112
1170
1112
1152
1372
1255
1174
1233
1064
1090
1084
1145
1101
1167
1121
1203
1353
1143
1154
1096
1141
1098
1192
1560
1332
1197
1617
1224
1097
1118
1261
1125
1121
1107
1163
1242
1175
1228
1128
1211
1420
1287
1105
1149
1222
1135
1184
1195
1143
1128
1120
1136
1159
1137
1134
1212
1282
1079
1203
1166
1182
1265
1150
1169
1136
1145
1086
1743
1166
1150
1243
1097
1176
1194
1503
1492
1140
1247
1103
1223
1605
1269
1271
1142
1447
1145
1179
1107
1103
1083
1545
1192
1029
1273
1137
1237
1208
1518
1345
1384
1159
1115
1372
1281
1446
1449
1377
1129
1933
1425
1346
1314
1418
1185
1163
1185
1239
1200
1232
1228
1234
1488
1191
1240
1185
1125
1385
1244
1327
1304
1170
1360
1250
1158
1364
1211
1135
1130
1119
1170
1144
1221
1207
1187
1222
1131
1157
1126
1142
1272
1140
1134
1279
1165
1363
1194
1207
1129
1799
1430
1645
1319
1135
1204
1127
1174
1121
1224
1267
1254
1246
1299
1141
1723
1161
1129
1187
1148
1178
1167
1299
1392
1368
1444
1290
1195
1130
1350
1246
1156
1172
1162
1302
1549
1170
1195
1348
1240
1328
1287
1139
1087
1249
1225
1308
1266
1203
1510
1347
1211
1337
1431
1202
1124
1253
1337
1211
1096
1283
1227
1359
1316
1229
1131
1244
1152
1095
1107
1231
1142
1289
1218
1217
1323
1170
1153
1237
1251
1178
1280
1219
1240
1194
1105
1145
1343
1116
1205
1512
1182
1144
1350
1096
1111
1137
1282
1309
1230
1202
1089
1299
1119
1202
1380
1210
1252
1366
1213
1121
1088
1164
1140
1202
1199
1197
1233
1247
1232
1428
1344
1524
1397
1468
1213
1196
1201
1252
1167
1156
1133
1087
1423
1077
1141
1117
1112
1371
1468
1114
1837
1202
1309
1203
1185
1158
1121
1137
1217
1171
1176
1089
1181
1133
1156
1147
1206
1108
1168
1134
1136
1195
1265
1201
1243
1218
1146
1196
1141
1187
1142
1091
1196
1190
1355
1362
1552
1982
1315
1368
1106
1154
1171
1102
1080
1143
1180
1437
1401
1211
1167
1315
1139
1317
1181
1198
1162
1219
1139
1092
1259
1688
1116
1181
1314
1190
1154
1148
1110
1512
1374
1431
1761
2033
1130
1197
1353
1116
1087
1094
1304
1138
1152
1710
1253
1172
1206
1182
1240
1262
1247
1209
1177
1333
1156
1160
1106
1176
1157
1119
1156
1119
1110
1118
1134
1131
1460
1130
1138
1224
1130
1160
1161
1097
1164
1169
1091
1130
1258
1236
1246
1152
1261
1145
1224
1263
1206
1236
1127
1140
1218
1101
1128
1143
1161
1167
1489
1066
1230
1096
1519
1206
1212
1246
1196
1228
1103
1386
1465
1190
1150
1175
1177
1163
1255
1284
1589
1157
1456
1080
1127
1195
1238
1203
1311
1185
1187
1116
1167
1220
1200
1261
1226
1497
1119
1177
1247
1262
1235
1179
1201
1275
1260
1200
1323
1189
1185
1729
1335
1726
1122
1153
1388
1135
1142
1177
1154
1172
1166
1230
1176
1271
1189
1222
1251
1224
1147
1156
1141
1169
1079
1112
1127
1122
1474
1120
1153
1146
1157
1125
1123
1381
1239
1161
1502
1520
1110
1181
1123
1065
1136
1428
1199
1189
1143
1454
1227
1101
1077
1105
1210
1354
1145
1081
1210
1154
1158
1263
1197
1231
1222
1121
1179
1182
1161
1083
1160
1154
1113
1089
1126
1246
1143
1077
1153
1118
1078
1090
1177
1118
1165
1157
1203
1137
1131
1113
1190
1138
1267
1333
1198
1196
1148
1142
1147
1143
1137
1554
1154
1335
1142
1155
1148
1201
1117
1191
1092
1121
1137
1242
1074
1331
1290
1147
1267
1180
1136
1275
1180
1102
1202
1154
1215
1132
1135
1206
1156
1471
1147
1165
1210
1199
1208
1104
1131
1165
1096
1063
1199
1125
1207
1156
1207
1132
1244
1505
1190
1215
1199
1197
1213
1208
1112
1164
1151
1157
1164
1322
1301
1142
1103
1255
1192
1126
1155
1151
1260
1113
1258
1403
1739
1518
1099
1211
1218
1100
1196
1091
1148
1236
1182
1154
1110
1258
1572
1154
1144
1293
1424
1261
1219
1230
1180
1173
1145
1129
1093
1120
1353
1302
1422
1357
1248
1167
1138
1176
1218
1412
1287
1157
1292
1176
1147
1151
1199
1142
1165
1148
1154
1182
1118
1144
1158
1246
1226
1176
1124
1203
1137
1150
1265
1178
1143
1246
1305
1137
1158
1374
1155
1176
1133
1238
1159
1156
1408
1201
1093
1506
1116
1137
1287
1190
1371
1130
1213
1188
1131
1167
1809
1156
1647
1304
1135
1678
1206
1155
1091
1182
1172
1245
1067
2887
2870
2777
2997
3664
3783
3124
2887
2833
2796
2780
2937
2863
3073
2867
3023
2887
2870
3240
3110
2823
3240
3367
2924
2810
2817
2910
3137
2890
2937
2920
2646
2880
2900
2977
3076
2880
3063
3147
2860
2810
2850
2834
2867
3010
3047
2863
2910
3063
2690
2904
3143
3103
2836
2990
3230
3040
2800
2790
2854
3097
3317
2990
2963
2957
2927
4003
3033
2956
3213
2890
2883
2777
2990
2733
2700
2887
2680
2580
2796
2954
2733
2854
2920
3183
2864
2863
2914
3123
3090
2844
2737
2746
3717
2810
3343
3553
7056
2720
2867
2910
2777
2907
2967
2896
2724
3027
2880
2717
2930
2820
2823
3526
2774
2887
3233
4347
3143
3446
1514
1304
1173
1096
1103
1162
1112
1136
1126
1120
1113
1578
1517
1148
1739
1801
1155
1090
1229
1089
1144
1153
1178
1221
1132
1181
1121
1225
1081
1195
1124
1097
1137
1142
1109
1189
1116
1130
1131
1219
1138
1129
1228
1103
1259
1144
1088
1164
1134
1116
1158
2675
1109
1144
1191
1290
1209
1041
1102
1155
1173
1320
1100
1124
1326
1206
1219
1156
1460
1131
1141
1212
1138
1098
1184
1651
1268
1046
1121
1117
1120
1344
1175
1369
1129
1184
1106
1144
1067
1197
1179
1179
1076
1152
1179
1170
1719
1160
1150
1165
1162
1157
1159
1271
1165
1220
1174
1215
1105
1109
1144
1146
1182
1176
1116
1111
1055
1150
1057
1113
1134
1108
1193
1132
1261
1130
1248
1710
1101
1153
1314
1122
1102
1128
1122
1154
1513
1194
1108
1159
1493
1130
1176
1168
1169
1123
1113
1113
1169
1047
1082
1122
1154
1161
1351
1187
1410
1135
1159
1121
1168
1162
1189
1098
1138
1084
1143
1140
1132
1101
1179
1092
1160
1174
1167
1125
1114
1107
1093
1160
1197
1114
1120
1194
1230
1246
1092
1164
1234
1188
1105
1127
1156
1480
1102
1192
1178
1255
1418
1241
1178
1058
1164
1172
1163
1108
1127
1096
1258
1077
1286
1375
1064
1098
1104
1127
1157
1249
1222
1409
1108
1125
1093
1206
1041
1089
1158
1199
1261
1111
1192
1112
1179
1160
1164
1197
1170
1126
1240
1157
1114
1099
1191
1158
1122
1122
1144
1150
1196
1325
1073
1228
1148
1168
1203
1235
1097
1202
1192
1682
1125
1184
1126
1218
1120
1161
1141
1271
1299
1190
1275
1142
1141
1104
1374
1136
1140
1115
1230
1285
1073
1105
1183
1064
1165
1075
1150
1173
1103
1177
1161
1133
1153
1250
1213
1266
1192
1130
1118
1414
1118
1118
1118
1170
1096
1123
1234
1133
1139
3653
2960
2847
2794
2817
2763
2890
3587
2863
2783
2993
3000
3610
2890
2874
2997
2944
2934
2890
3093
3346
2947
3050
2836
2907
2910
2783
2910
2630
2760
2813
2714
2807
2800
3027
2770
3213
2830
2820
2774
2860
2664
2797
2777
2700
2917
2927
11787
2790
2797
2680
2793
2956
2854
2647
2953
3050
2774
2756
2650
2690
2833
2740
2884
2840
2700
2873
2833
2830
2720
2724
2894
2803
3010
2826
2856
2960
2840
27286
3023
3444
2927
2864
2854
2686
2913
3030
2694
2860
2937
3140
3033
2897
3037
2824
2893
2803
2980
2944
2660
3023
2721
2853
2820
2717
2890
2763
2977
2837
2823
2943
2870
2786
2697
2773
2890
2993
2807
2976
2824
2770
2810
2796
2817
2830
3030
2843
3094
2906
2807
3127
3167
2570
3547
3254
3044
2932
2475
2417
2448
2412
2363
3274
3154
2446
2340
2464
3140
2531
2355
2335
2346
2371
2455
2440
2463
2383
2334
2572
2411
2251
2277
2369
2480
2534
2437
2340
2366
2429
2246
2234
2338
2366
2277
2303
2420
2483
2325
2349
2569
2328
2703
2349
2325
2271
2337
2434
2317
2475
2323
2389
2360
2220
2308
2283
2409
2185
3777
2369
2474
2742
2383
2302
2388
2317
2606
2208
2372
2475
2240
2580
2363
3109
2371
2383
2354
2391
2334
2620
3069
2594
2297
2546
2440
2346
2457
2317
2386
2428
2380
2363
2257
2374
2703
2345
2700
2320
2346
2366
2462
2303
2494
2403
2503
2562
3074
3309
2894
2417
2420
2329
2708
2294
2806
2380
2416
2414
2386
2451
2606
2520
2566
3200
2588
2380
2257
2451
2457
2317
2448
2549
2457
2506
2420
2820
3112
2329
2691
2380
2375
2505
3109
3248
3189
2360
2222
2460
2403
2408
2628
3320
2463
2540
2769
2338
2548
2462
2915
2874
3303
3142
3065
3109
2452
2983
2608
2736
2583
2877
2411
2503
2132
2263
2377
2252
2580
2398
2691
3057
2452
2431
3797
2369
3231
3543
3514
2465
2545
2812
2542
2497
2600
3077
2660
2572
2575
3543
3520
2563
3732
2966
2492
2334
2443
2520
2398
2575
2420
2337
2346
2466
2397
3237
2425
2437
2423
2429
2548
2722
2623
2480
2457
2691
2466
2491
2629
3394
3023
2554
2463
2306
2503
2957
2629
2540
2392
2992
2288
3035
2649
2289
2406
3048
2431
2360
2440
2423
2457
2420
2469
2509
2517
2452
2323
2386
2354
3060
2537
2271
2715
2369
2600
2252
2294
2478
2934
2737
2308
2562
3220
2368
2349
2420
2240
2506
2343
2566
2623
2660
2537
2194
3211
2417
2391
2677
2512
3337
2588
2417
2491
44502
2545
2289
2480
2471
2525
2415
2578
2403
2426
2432
2286
2108
1894
2018
1998
2100
2270
2146
2056
2574
2076
2402
2380
2230
1890
2038
1986
1950
2074
1978
2030
2016
1864
1962
2024
2000
2042
1886
2012
1966
1912
1936
1960
1956
1936
2528
2012
1942
2318
1918
2068
3014
1792
1964
2058
2044
2060
2098
2116
2030
1928
2120
1946
2078
1972
2072
2062
2414
2432
2108
2050
2022
2224
1956
1934
2096
2036
2038
2198
2578
2676
2476
2652
2758
2420
2208
1992
1962
2118
1920
1962
2038
1934
1976
2162
2072
2040
2070
2040
2056
2012
2014
2036
2476
2446
1998
1934
2074
2052
1922
2056
1884
1940
2042
2088
2106
2418
2082
2556
1932
2016
2004
2120
2156
2170
2072
2164
2992
2370
1966
2550
2060
1992
2068
1986
1926
2000
2128
2324
2054
2240
2530
2422
2102
2054
2426
2002
1906
2162
2020
2028
1982
2114
2106
2042
1950
2004
2000
2202
2026
2086
2026
1994
2064
2000
1936
1998
2056
1922
1964
1892
2022
1998
2112
1968
2070
2014
2044
1946
2040
1964
2108
2038
2012
1998
1906
2120
1912
2071
1974
2006
2056
3464
1952
1964
1932
2036
2384
1994
2054
1964
1990
2000
1980
2182
2138
1958
1924
1898
1854
1788
1734
1640
1736
2052
1710
2382
1864
1880
1776
1748
1780
1774
1680
1780
1718
1750
1678
1646
1738
1736
1746
1812
1776
1802
1794
1678
1676
1736
1748
1736
1740
1758
1640
1666
1694
2246
1774
1666
1666
1708
1610
1702
1786
1922
1756
1616
1804
1616
1602
1718
1674
1610
1712
1680
1760
1728
1658
1806
1606
1752
1624
1652
1716
1638
1736
1698
1694
1708
1644
1702
1858
1792
1798
1696
2184
1702
1938
1660
1677
1648
1652
1660
1798
1740
1640
1778
1576
1702
1680
1944
1694
2188
1794
1784
1728
1770
1700
1710
1662
1898
1752
1782
1742
1746
1758
1572
1736
2200
1856
2216
2118
1798
1706
1600
1622
2282
1696
1734
2230
1730
2148
2556
2182
1680
1576
1636
1734
1654
1746
1568
2384
1748
1654
1624
1822
1922
1688
1696
1714
1614
1850
1674
1708
1666
1718
1766
1590
2268
1540
1724
1664
1704
1638
1784
1802
1678
1708
1662
1592
1720
2234
1636
1668
1718
1606
1676
1730
1722
1860
2326
2348
2060
2162
1684
2148
1812
1716
1806
1638
1656
1708
1902
1850
1888
1660
1718
1742
1714
1714
1692
1722
1662
1764
1756
1628
1654
1706
1804
1702
1894
1730
1898
1736
1924
1706
1726
1600
1650
1668
1676
1696
1704
1632
1756
1716
1540
1716
1634
1700
1696
1826
1778
1714
1620
1658
1610
1806
1650
1696
1950
1726
1666
1744
1692
2190
1616
1838
1618
1646
1610
1596
1590
1672
1956
1688
1612
1656
1769
1578
1757
1834
2029
1468
1438
1400
1290
1309
1328
1414
1357
1341
1320
1455
1388
1440
1382
1354
1299
1336
1448
1215
1331
1760
1282
1320
1296
1482
1376
1235
1304
1436
1746
1326
1356
1736
1310
1392
1229
1358
1288
1318
1270
1315
1465
1331
1301
1253
1272
1337
1360
1341
1372
1283
1497
1473
1281
1276
1448
1317
1276
1357
1370
1339
1368
1657
1430
1453
1410
1334
1353
1318
1294
1406
1325
1456
1378
1382
1356
1322
1393
1372
1480
1284
1348
1368
1357
1360
1348
1289
1302
1384
1348
1405
1373
1306
1355
1349
1335
1391
1370
1312
1325
1333
1349
1396
1296
1313
1565
1395
1367
1379
1402
1555
1376
1477
1405
1337
1366
1408
1325
1307
1335
1376
1331
1282
1323
1387
1601
1345
1401
1347
1344
1391
1414
1362
1262
1355
1373
1395
1333
1395
1332
1322
1449
1355
1344
1328
1320
1290
1373
1319
1363
1320
1405
1677
1408
1371
1328
1357
1367
1396
1387
1328
1429
1338
1590
1389
1391
1359
1330
1469
1346
1405
1407
1379
1395
1427
1408
1360
1400
1330
1439
1387
1395
1397
1764
1446
1373
1448
1329
1379
1331
1296
1272
1333
1299
1326
1277
1403
1349
1332
1365
1351
1501
1374
1334
1480
1336
1306
1363
1368
1342
1539
1473
1326
1827
1328
1421
1522
1314
1402
1387
1326
1424
1346
1358
1408
1354
1381
1360
1378
1368
1333
1282
1677
1372
1396
1365
1363
1413
1320
1392
1376
1402
1381
1347
1468
1365
1292
1414
1341
1432
1328
1374
1406
1377
1413
1344
1312
1358
1359
1437
1352
1375
1383
1917
1320
1366
1329
1336
1271
1281
1783
1671
1396
1374
1331
1343
1408
1313
1414
1455
1342
1355
1400
1316
1446
1402
1360
1410
1408
1311
1410
1341
1388
1270
1373
1354
1430
1356
1450
1319
1453
1357
1366
1335
1361
1376
1380
1360
1664
1425
1391
1392
1326
1384
1414
1628
1433
1322
1468
1668
1341
1325
4297
1331
1379
1405
1291
1342
1305
1332
1311
1336
1384
1350
1364
1297
1371
1231
1304
1232
1272
1307
1314
1220
1321
1257
1206
1615
1310
1262
1257
1289
1292
2140
1470
1876
1257
1295
1170
1622
1801
1209
1256
1440
1244
1337
1325
1183
1303
1333
1326
1239
1235
1154
1278
1301
1222
1611
1490
1189
1211
1230
1190
1240
1321
1555
1303
1318
1236
1580
1355
1317
1289
1201
1264
1241
1234
1274
1280
1705
1304
1270
1252
1307
1243
2257
1267
1255
1274
1265
1308
1249
1241
1235
1272
1248
1256
1255
1236
1332
1323
1216
1738
1258
1228
1194
1227
1268
1284
1607
1266
1404
1226
1619
1286
1337
1282
1284
1459
1360
1354
1280
1273
1307
1186
1216
1342
1297
1255
1324
1295
1196
1257
1541
1268
1332
1320
1243
1355
1282
1319
1286
1336
1272
1317
1177
1193
1260
1391
1205
1324
1178
1231
1284
1278
1269
1249
1288
1223
1312
1279
1258
1319
1293
1274
1244
1199
1313
1270
1265
1300
1318
1273
1272
1212
1318
1594
1288
1258
1274
1315
1261
1258
1307
1250
1299
1210
1315
1263
1290
1524
1276
1342
1253
1423
1181
1372
1325
1285
1261
1197
1220
1259
1243
1290
1261
1286
1229
1243
1276
1247
1247
1282
1362
1274
1275
1288
1302
1306
1238
1202
1226
1292
1285
1276
1294
1237
1284
1320
1190
1170
1268
1242
1284
1263
1223
1312
1305
1202
1272
1245
1218
1267
1283
1172
1282
1203
1237
1321
1262
1252
1212
1242
1241
1195
1249
1279
1276
1361
1200
1246
1276
1285
1263
1302
1284
1208
1270
1172
1218
1229
1275
1257
1261
1239
1192
1238
1319
1277
1305
1266
1286
1262
1232
1248
1308
1227
1657
1280
1276
1357
1246
1224
1296
1264
1551
1464
1302
1617
1229
1243
1260
1229
1226
1240
1262
1313
1238
1266
1290
1276
1252
1214
1334
1231
1278
1302
1221
1232
1207
1276
1300
1235
1293
1293
1258
1264
1335
1279
1220
1304
1257
1278
1261
1240
1315
1258
1255
1595
1289
1679
1242
1258
1303
1246
1559
1279
1280
1288
1709
1239
1260
1210
1243
1282
1288
1349
1295
1252
1218
1227
1268
1291
1323
1249
1206
1315
1211
1182
1199
1226
1294
1193
1250
1193
1187
1257
1276
1321
1234
1234
1277
1277
1269
1557
1485
1333
1282
1674
1272
1263
1181
1223
1263
1224
1215
1288
1319
1247
1664
1308
1612
1274
1194
1305
1233
1292
1266
1265
1233
1224
1317
1226
1235
1275
1201
1243
1246
1166
1905
1486
1289
1181
1272
1262
1291
1278
1329
1205
1221
1557
1304
1254
1807
1287
1198
1294
1281
1259
1250
1328
1279
1174
1281
1246
1252
1240
1313
1320
1225
84801
74780
49204
19374
17790
27437
160540
23600
103116
25291
40727
4793
6873
5090
5027
5024
5057
5106
5204
5454
5333
4967
4753
5070
5257
4973
5206
5294
5223
5190
4987
5143
5220
5220
5307
5037
5093
5603
5003
5053
5186
5296
5597
4957
5220
5090
4793
5180
4983
6557
4977
5270
5340
6983
5527
5853
7550
4830
4886
5287
4913
5570
5054
5057
4964
6786
5063
5163
5247
5170
5277
4923
4823
4877
5080
5164
4780
5440
4744
5250
5136
4937
4767
5150
5027
4910
5017
6804
165447
5383
4917
5516
5000
5650
5010
5063
7077
7700
5254
5370
6887
6737
7800
7343
5427
5526
5347
5403
5190
15690
4557
5446
4780
5043
5066
5007
4903
5427
4753
5343
5500
5074
5020
4900
4916
5013
4921
7320
4983
5217
5027
4830
5187
7143
4967
5016
4800
6786
4980
4830
4990
5070
5270
5180
5527
6770
5146
5324
5213
5177
5640
5047
5126
5290
7380
5430
5060
5363
5020
4871
5306
4567
5677
4880
5174
6854
5950
5143
5553
5170
5354
5250
5360
5130
5120
5090
5333
5523
5180
5337
147637
4920
5267
5157
5110
5470
5117
5210
5167
5340
5353
5337
5070
5074
5047
4997
5126
7803
7274
5540
5190
4834
5410
5457
7280
5414
5104
5254
5337
5297
5430
5344
5123
5367
5013
4994
5440
4657
4677
4394
4274
6745
104051
6134
4549
6280
4303
4237
4775
4809
7075
5569
4666
4397
4591
4454
4486
4522
4434
5992
8883
4395
6114
4703
4572
4258
13103
6618
4509
4203
4352
4806
5986
6452
4457
4603
4558
4745
4637
4469
5288
4571
4189
5037
4471
4717
4594
4326
4602
4489
4666
4745
23380
5488
4580
4115
4383
4154
6403
4331
3934
4140
4506
4434
4303
4452
4591
4186
4392
4271
5449
4886
4140
4666
4348
4874
4549
4443
4420
4426
4534
4343
6131
4326
4614
4386
4289
4200
4258
4395
4414
4189
4457
4328
4022
4140
4132
4009
4609
4489
4480
4443
4326
5463
4432
4426
4132
4260
4257
4143
4392
4451
4371
4280
4497
4051
4163
4226
4162
4277
4460
4214
4223
4477
4266
4269
4883
4543
4672
4577
5226
4383
4360
3834
3594
3809
2523
2643
2154
2162
2260
2629
6609
3700
67526
3020
2403
2517
2209
2120
2217
2197
2283
3703
2551
2137
2254
2048
2057
2048
2263
2066
2046
2080
2018
2006
2134
2148
3123
2263
2183
2186
2003
1940
2065
2017
2480
2014
2377
2197
2003
2048
2435
2225
2088
2100
2048
2432
1994
2909
2672
2063
2454
2228
2089
2631
2080
2360
2089
1997
2700
2158
2045
2052
2214
2120
2218
2877
2249
2103
2008
2035
2146
2000
2229
2162
2506
2251
2029
2042
2026
2046
2177
2177
2420
2302
2063
2123
2272
2057
2220
2203
2140
2131
2346
2037
143355
2472
2924
2237
2126
2032
2331
2220
2137
1980
2442
2172
6746
2020
1965
2060
1974
1954
2335
2072
2040
2203
2046
2069
2223
2046
2246
2126
2046
2243
2020
2108
2085
2260
2089
2152
2332
2089
1997
2460
2142
2037
2282
2215
2071
2103
2442
2385
2138
2285
2137
2383
2325
2400
2485
2075
2085
40683
17814
1306
1243
1282
1175
1002
2368
3006
2265
1857
1714
1483
1077
1072
946
1191
866
874
845
737
685
811
940
582
971
683
581
580
660
946
808
909
555
795
692
826
878
837
880
586
572
552
598
637
603
640
620
597
592
563
546
860
694
614
623
568
723
829
671
606
814
997
1003
1723
1191
903
892
1225
980
906
783
723
1063
1051
951
734
625
1132
886
740
963
683
1037
1071
752
826
971
606
608
932
1398
1197
900
780
657
643
600
963
589
706
1060
880
834
963
592
975
831
662
637
729
920
966
703
622
768
597
660
723
948
869
812
663
783
1189
669
652
1034
646
557
831
734
737
800
1417
748
1294
726
983
914
723
663
700
1140
711
703
749
788
620
566
758
1074
1317
800
872
715
735
598
688
794
802
583
569
880
826
580
677
789
582
1246
708
957
660
674
635
1014
1311
692
657
797
620
580
1137
974
578
1003
649
740
723
686
592
1166
729
863
760
677
683
983
1520
746
671
580
763
708
632
788
600
675
871
774
700
980
725
706
877
857
700
857
669
771
660
1000
880
686
860
694
1009
703
743
888
652
1040
751
1086
714
723
689
597
568
686
685
1335
872
651
731
1020
772
765
791
1078
626
717
1108
1874
1405
1005
943
769
771
1083
825
1137
680
774
646
691
929
688
948
703
583
917
666
814
908
1674
834
692
654
834
611
682
760
734
706
714
711
694
815
8277
654
808
849
709
692
917
911
705
737
715
852
740
632
760
594
691
777
851
629
974
731
734
1045
817
968
757
623
751
552
766
657
660
694
663
800
806
829
698
632
792
880
663
703
715
680
737
694
772
712
705
792
717
726
712
623
704
712
1240
1340
740
940
672
780
620
1037
974
726
708
703
706
840
720
808
1111
1480
980
895
1531
906
654
740
1268
943
1108
637
735
731
1086
703
691
706
646
1192
785
1092
669
920
676
646
598
586
740
563
577
557
703
638
968
686
618
654
805
574
652
729
618
575
880
1177
669
706
1194
688
828
728
586
874
595
811
723
654
1168
674
617
749
728
808
620
640
686
1255
825
834
626
675
698
657
640
671
723
583
895
611
860
614
1189
752
720
1640
895
808
832
989
660
691
800
603
865
580
537
563
580
789
726
614
846
840
877
640
609
818
666
1295
763
654
811
745
725
877
688
912
714
848
692
1026
894
903
826
896
912
849
814
1123
700
818
803
695
751
768
717
651
720
1757
1240
1032
603
765
718
695
560
888
1065
711
722
932
735
794
651
746
626
722
577
629
575
692
646
594
829
677
574
671
583
808
680
749
734
649
683
586
565
860
695
740
706
637
774
800
868
657
689
672
563
940
945
648
677
777
872
731
2129
1880
1697
1530
1353
1257
1190
1020
1393
1273
1240
823
780
706
700
720
710
1044
976
1097
924
1000
817
670
833
794
834
744
890
787
837
866
773
1386
913
783
807
940
1730
863
1146
890
1246
830
880
900
1006
724
1093
843
1287
1313
827
770
1633
974
780
713
974
786
890
647
1150
836
693
1234
850
820
833
720
823
717
1124
717
893
760
700
827
1477
1620
1657
1426
1667
2023
1353
1033
1560
807
980
1083
1464
880
713
1210
783
1027
1040
1150
1597
943
710
1157
930
690
930
927
1300
983
1156
1180
987
970
1050
767
746
2060
726
717
763
730
690
1330
783
824
966
796
880
777
986
1570
840
740
814
997
823
817
853
1320
890
704
850
860
774
756
1527
1333
1123
1113
2380
1090
1400
923
953
840
797
674
773
807
763
890
953
1544
1233
847
800
1240
933
980
1043
1057
810
727
1260
890
694
1594
810
1270
713
930
900
1140
820
817
693
720
1037
716
1273
810
757
1127
700
1003
1343
760
690
857
737
816
1610
970
727
1206
2114
1627
1036
1374
913
787
726
900
847
1533
923
1184
1290
846
810
1077
1094
710
873
833
670
763
750
684
970
770
926
1633
803
684
1150
790
704
1226
713
690
1134
873
667
707
877
756
696
690
740
713
740
767
720
900
767
710
714
770
703
720
787
830
797
966
953
900
683
893
983
746
874
830
720
657
783
894
760
1097
697
756
830
1123
736
956
860
930
957
884
693
1403
863
890
726
990
876
730
730
960
764
1163
940
886
900
707
860
793
797
903
746
723
777
790
710
720
797
723
860
960
873
737
694
796
837
910
870
1097
1307
1134
1250
877
880
893
887
1537
923
873
1460
1127
2267
940
1487
1474
1210
940
857
756
740
830
687
680
700
670
1430
1160
867
707
717
2200
1420
1140
1214
957
870
900
1120
900
997
1080
1186
893
970
763
1210
740
823
1173
883
1273
973
1016
763
907
884
777
1040
950
850
754
773
756
1020
966
770
1027
893
774
900
1643
1160
896
1057
777
876
880
853
837
1066
773
796
873
744
856
930
880
773
914
977
930
750
897
847
840
713
847
1193
820
787
807
897
930
1403
833
930
814
804
820
780
1044
776
850
783
1023
756
986
1094
697
1250
1063
870
804
900
936
744
843
767
720
840
724
730
763
993
677
710
720
1667
1090
700
710
833
704
997
747
1330
723
906
860
847
866
700
836
707
810
790
780
677
903
876
880
783
833
960
787
1047
883
910
960
813
680
700
683
877
677
787
837
847
876
836
1247
1343
1477
1393
1350
1436
1250
833
947
780
710
710
814
707
1250
710
936
934
823
700
740
1233
710
734
744
990
777
1020
710
790
754
687
814
690
937
863
1504
1184
1413
1266
953
2110
804
1590
777
2044
1483
1153
1193
1306
1094
1437
976
840
1374
1050
703
677
910
1776
1390
1380
1627
1560
1053
1257
690
827
670
866
684
707
1387
820
700
700
957
830
963
1086
834
1200
783
743
1556
857
783
703
763
807
707
866
1326
883
824
1196
877
933
713
743
697
737
944
764
916
1064
757
750
810
1096
733
990
723
846
796
840
864
1160
833
873
1156
810
696
693
780
836
670
1146
754
860
694
990
740
747
893
743
1370
1247
763
724
814
890
670
697
696
743
763
884
707
767
780
944
780
1130
720
757
857
786
703
756
763
790
954
946
866
897
770
1380
1167
790
850
730
797
737
850
780
670
760
744
730
1514
860
1044
823
1040
1757
1360
1197
1380
760
1370
1033
1596
820
794
1373
1027
687
1687
740
1020
850
724
683
780
677
680
1437
1010
893
723
700
1536
793
1707
726
1273
1240
1230
860
1280
