774138
16922
17470
16843
43118
36868
17044
34113
17179
15950
28797
15434
15365
16489
338040
21206
20710
19367
19716
19223
18776
18560
17912
18634
16476
17665
17663
15066
34342
26961
27007
29230
31107
36691
38081
42501
35814
52601
34194
31891
31363
32267
28560
41824
31328
32224
34255
32534
36471
38867
30888
32787
30964
33897
41721
34381
31454
34671
50804
34971
47921
33177
37547
37814
35827
37881
35461
33614
30104
28191
28547
28494
37837
40298
40524
26631
28544
26200
36358
23201
36792
35298
32810
66101
27107
24389
22740
26112
26867
23563
24004
23180
22503
23035
22603
33686
24789
22920
22804
23046
22886
23607
22777
23260
24609
23560
91185
29864
47564
5606
5534
5502
7697
5646
5603
5837
5683
5202
5397
5386
5229
5578
5831
5761
5455
7963
6080
6238
5732
5789
6074
5944
5523
5757
5294
5802
5720
5480
5483
6001
5631
5680
25870
5824
6360
5778
6072
5489
8914
5517
5802
4672
4563
5260
4923
4495
20755
5620
4577
4343
4568
4525
4298
4730
4243
4530
4698
4362
4730
4380
4270
4428
4442
4652
4290
4438
4755
4868
5006
4583
4760
4533
6348
7460
5487
4732
4673
21538
4468
4587
4393
4390
4845
4865
4540
4867
4470
4430
4522
4793
5023
4808
4665
4867
4928
5005
5012
4902
4766
4937
5043
4868
4995
4952
4708
4375
4787
4717
4517
4622
4802
4828
5285
4833
4981
4618
5408
6868
5092
5051
4847
4995
5435
4828
4686
4766
4902
4670
4770
4723
4882
4920
4936
4773
4934
5013
4790
4757
3241
2527
2614
2497
2547
2653
2726
2836
35703
2624
24994
2081
2115
2217
2218
2331
2124
2195
2390
3043
3201
2377
2432
2468
2482
2175
2178
2767
2456
2435
2199
13592
2083
2060
2128
2090
2074
2018
2140
2166
1958
2071
2030
2124
2859
2216
2041
2215
2125
8390
2092
2166
2225
2029
2004
1988
2272
2318
3301
2043
2311
2214
2451
2370
2272
2292
2092
2081
2176
2457
2862
2199
2218
26130
2263
2202
2333
2404
2303
2050
2035
2288
2405
2471
2400
2395
2431
2366
1997
2050
2048
2063
2144
2185
2299
2223
2028
2011
2371
2163
2127
2297
2449
2251
2258
2280
2221
2339
2108
2063
2242
2097
2430
2242
2170
2075
2186
2217
2059
2083
2095
2206
2221
14238
1944
2204
2053
2364
2067
2210
2157
2095
2301
2139
1938
2110
2075
2853
2401
2126
2142
2179
2139
2111
2153
2184
2098
2040
2248
2200
2124
2261
2083
2141
2202
2151
2188
2262
2114
2267
2284
2306
2201
2121
2198
2160
2116
2165
2175
2095
2632
2128
2083
2083
2544
2069
2140
2114
2117
2271
2041
2099
2189
2240
2105
2205
2152
2210
2209
2170
2286
2159
2052
2423
2064
2036
2282
2075
2060
2161
2153
2056
2127
2091
2080
2162
2100
2152
2212
2109
2155
2137
2069
2202
2120
38466
2241
2024
2051
2307
2092
1950
2155
1959
2019
3381
2204
2006
2089
2024
2124
2044
2097
2149
2190
2194
2200
2851
2120
2192
2296
2039
2010
2132
1974
2186
2360
2136
2341
2216
2092
2244
2223
2175
2256
2132
2106
2302
2203
2425
2122
2124
2057
2570
2154
2311
2326
2282
2419
2427
2388
2234
2225
2682
2327
2488
2627
2463
2276
2600
2376
2681
2639
2621
2479
2543
2612
2398
3320
2948
2584
2953
2549
2897
2704
2583
2525
2291
2749
2138
2632
2402
2602
2483
2875
2412
2393
123507
2348
2687
24823
15285
1234
1311
1498
1292
1299
1220
1288
1436
1233
1385
1196
1234
1376
1294
1250
1242
1620
1439
1354
1289
1428
1342
1410
1333
1294
1172
1390
1552
1203
1155
1213
1272
1353
1312
1193
1194
1559
1264
1250
1503
1239
1173
1214
1195
1329
1144
1139
1190
1342
1180
1576
1199
1266
1400
1312
1182
1339
1487
1183
1305
1321
1269
1255
1335
1377
1143
1357
1275
1129
1281
1167
1147
1139
1286
1194
1203
1240
1198
1200
1345
1231
1210
1219
1220
1234
1225
1214
1146
1110
1105
1221
1226
1190
1235
1247
1185
1083
1175
1136
1188
1242
1187
1154
1062
1294
1189
1283
1299
1274
1349
1159
1558
1339
1214
1283
1258
1259
1234
1361
1353
1438
1425
1373
1544
1266
1422
1306
1271
1238
1216
1250
1208
1236
1245
1211
1238
1217
1178
1131
1242
1235
1316
1239
1379
1285
1203
1216
1196
1230
1272
1291
1224
1195
1288
1229
1286
1230
1183
1265
1316
1301
1356
1259
1274
1280
1269
1176
1328
1246
1225
1327
1290
1196
1263
1241
1209
1204
1207
1293
1186
1251
1245
1245
1227
1199
1210
1307
1227
1187
1351
1250
1269
1288
1301
1165
1215
1520
1154
1286
1393
1412
1460
1346
1263
1288
1257
1201
1424
1365
1213
1203
1405
1349
1326
1213
1177
1283
1468
1391
1179
1294
1270
1251
1513
1245
1189
1282
1285
1207
1170
1217
1232
1178
1157
1164
1240
1274
1246
1200
1250
1232
1318
1332
1237
1195
1263
1217
1219
1286
1219
1284
1208
1208
1233
1256
1437
1396
1478
1284
1274
1262
1394
1298
1210
1297
1229
1231
1267
1254
1401
1452
1262
1244
1221
1260
1348
1302
1229
1294
1476
1275
1191
1177
1372
1448
1219
1253
1192
1244
1215
1245
1242
1241
1243
1227
1150
1575
1205
1306
1328
1249
1259
1286
1349
1223
1250
1190
1249
1351
1543
1359
1389
1442
1344
1254
1240
1318
1240
1300
1280
1334
1200
1386
1217
1222
1694
1379
1266
1223
1292
1285
1269
1259
1252
1297
1234
1221
1219
1197
1330
1384
1246
1201
1209
1222
1294
1270
1206
1231
1430
1520
1224
1383
1191
1219
1299
1403
1230
1337
1257
1284
1247
1276
1256
1261
1269
1255
1241
1250
1261
1232
1187
1271
1217
1256
1238
1189
1208
1222
1258
1153
1243
1185
1178
1233
1236
1263
1429
1326
1199
1238
1204
1261
1240
1227
1287
1554
1238
1245
1257
1235
1202
1209
1187
1227
1206
1172
1203
1192
1162
1099
1201
1190
1205
1199
1275
1274
1315
1281
1303
1295
1207
1230
1250
1172
1132
1278
1217
1146
1058
1206
1223
1262
1300
1284
1234
1257
1252
1191
1253
1227
1316
1272
1184
1227
1218
1277
1210
1192
1254
1241
1189
1199
1246
1276
1267
1219
1172
1277
1211
1187
1090
1074
1175
1192
1138
1203
1359
1348
1283
1326
1290
1329
1314
1275
1275
1197
1307
1277
1197
1180
1242
1299
1264
1125
1308
1250
1296
1225
1227
1253
1234
1280
1252
1232
1238
1333
1272
1206
1275
1250
1230
1220
1298
1276
1191
1257
1232
1283
1248
1219
1249
1224
1278
1307
1199
1266
1259
1185
1275
1290
1252
1287
1231
1303
1300
1262
1310
1254
1184
1252
1316
1337
1213
1274
1222
1303
1260
1261
1243
1286
1275
1168
1198
1270
1221
1302
1246
1258
1222
1247
1290
1322
1299
1304
1302
1260
1304
1253
1239
1215
1264
1328
1240
1216
1222
1197
1236
1270
1201
1201
1240
1311
1240
1257
1342
1307
1301
1248
1277
1246
1218
1296
1328
1216
1259
1302
1268
1308
1194
1267
1215
1258
1266
1249
1209
1172
1223
1307
1260
1230
1237
1278
1254
1229
1194
1220
1177
1362
1259
1267
1290
1350
1289
1276
1301
1263
1268
1260
1245
1305
1284
1262
1282
1309
1284
1321
1320
1313
1295
1278
1259
1299
1343
1320
1262
1228
1232
1330
1355
1280
1333
1325
1235
1292
1429
1299
1309
1340
1365
1350
1303
1282
1380
1303
1716
1344
1279
1315
1281
1298
1264
1270
1284
1341
1321
1266
1446
1421
1352
1326
1844
1296
1399
1478
1331
1362
1415
1555
1341
1303
1297
1357
1366
1319
1337
1320
1318
1264
1494
1311
1362
1315
1270
1299
1294
1328
1355
1309
1368
1332
1300
1380
1327
1336
1250
1346
1300
1310
1284
1337
1313
1345
1345
1342
1288
1306
5985
1325
1321
1315
1379
1246
1329
1308
1263
1300
1421
1337
1275
1289
1291
1312
1379
1328
1328
1322
1339
1333
1338
1428
1365
1368
1338
1326
1329
1321
1290
1313
1380
1332
1286
1317
1350
1354
1260
1290
1320
1279
1336
1285
1328
1300
1282
1335
1248
1328
1300
1320
1280
1267
1256
1251
1249
1280
1270
1317
1608
1329
1305
1337
1277
1320
1292
1306
1368
1334
1325
1315
1365
1301
1325
1360
1230
1333
1272
1305
1378
1356
1304
1362
1451
1367
1446
1436
1427
1394
1395
1410
1416
1427
1424
1469
1419
1557
1420
1404
1424
1422
1509
1410
1455
1449
1672
1481
1442
1412
1448
1492
1449
1426
1451
1348
1444
1521
1442
1454
1404
1471
1442
1465
1457
1526
1492
1521
1569
1631
1696
1701
1367
1460
1719
1398
1377
1419
1498
1428
1415
1384
1662
1394
1465
1425
1420
1405
1407
1454
1410
1428
1419
1420
1634
1342
1577
1415
1408
1425
1416
1640
1664
1557
1421
1407
1429
1779
1554
1547
1503
1392
1411
1451
1361
1396
1462
1357
1350
1359
1355
1371
1364
1351
1501
1405
1435
1398
1415
1408
1394
1380
1411
1322
1448
1474
1408
1449
1660
1434
1409
1394
1388
1466
1457
1448
1615
1444
1795
1459
1361
1425
1412
1424
1418
1433
1354
1750
1396
1506
1454
1431
1404
1420
1445
1419
1404
1394
1398
1407
1462
1856
1763
1499
1406
1424
1438
1363
1342
1383
1395
1380
1473
1660
1421
1465
1720
1832
1407
1514
1408
1491
1504
1565
1502
1463
1456
1542
1264
1248
1249
1232
1249
1350
1250
1323
1349
1224
1237
1549
1316
1468
1235
1231
1262
1248
1282
1271
1239
1274
1290
1239
1305
1316
1288
1252
1215
1310
1268
1315
1288
1240
1335
1301
1247
1281
1229
1232
1197
1298
1247
1229
1205
1337
1280
1232
1349
1269
1302
1254
1292
1262
1582
1585
1309
1261
1293
1229
1265
1295
1287
1508
1515
1594
1329
1263
1275
1321
1276
1273
1271
1247
1268
1270
1257
1282
1241
1270
1245
1279
1659
1295
1300
1283
1258
1274
1296
1327
1264
1270
1306
1270
1328
1219
1252
1256
1307
1259
1279
1323
1289
1309
1308
1261
1245
1248
1292
1252
1268
1335
1314
1271
1257
1267
1222
1258
1276
1556
1202
1278
1359
1309
1323
1259
1243
1219
1229
1232
1223
1492
1207
1281
1302
1278
1193
1232
1281
1209
1246
1279
1278
1301
1237
1209
1210
1270
1246
1266
1287
1240
1274
1220
1275
1273
1242
1293
1293
1212
1230
1290
1236
1323
1251
1271
1301
1262
1281
1211
1246
1244
1229
1216
1275
1209
1240
1327
1258
1261
1210
1226
1179
1228
1225
1198
1212
1212
1266
1339
1253
1245
1236
1251
1250
1243
1249
1253
1221
1225
1250
1225
1310
1222
1267
1247
1265
1301
3210
3120
3137
3197
3007
3067
3106
2993
3034
3003
2957
2984
2950
3060
3067
3053
2923
20784
3124
3047
3106
3037
2983
3010
3050
3044
3043
3000
3087
3134
3086
2937
3180
3117
3330
3300
3050
3237
3200
3357
3010
3467
3157
3053
3124
3207
3120
3003
3833
3114
3073
3207
3896
3386
3097
3070
3040
2937
3067
3050
3120
3023
3000
2984
3107
3127
3123
3123
3187
3166
3250
3007
3114
3030
3020
3046
3084
3197
3176
3023
3010
2997
3043
3144
3000
1348
1262
1244
1285
1204
1261
1233
1271
1254
1226
1271
1290
1245
1256
1277
1261
1283
1321
1336
1295
1307
1208
1296
1274
1234
1234
1193
1266
1180
1248
1277
1229
1264
1202
1286
1272
1242
1276
1197
1279
1188
1283
1236
1198
1249
1230
1309
1167
1208
1289
1297
1274
1267
1285
1240
1287
1239
1255
1252
1262
1291
1245
1229
1246
1283
1263
1296
1245
1300
1210
1232
1246
1178
1183
1238
1229
1508
1185
1204
1216
1255
1262
1199
1269
1269
1200
1299
1268
1243
1241
1303
1219
1306
1235
1249
1300
1192
1219
1264
1206
1200
1286
1275
1268
1301
1313
1337
1227
1466
1284
1247
1262
1267
1295
1293
1309
1300
1303
1329
1233
1236
1469
1281
1290
1176
1287
1263
1319
1211
1295
1466
1553
1238
1555
1222
1244
1258
1268
1249
1268
1292
1233
1229
1200
1270
1274
1237
1228
1253
1249
1232
1227
1193
1233
1253
1268
1405
1303
1288
1623
1268
1360
1320
1271
1303
1293
1370
1348
1318
1219
1491
1371
1215
1263
1273
1254
1320
1283
1216
1251
1268
1305
1289
1239
1285
1271
1253
1305
1291
1215
1266
1583
1280
1274
1308
1226
1371
1247
1201
1260
1280
1353
1288
1239
1231
1235
1422
1265
1347
1231
1214
1346
1308
1239
1531
1302
1448
1511
1378
1525
1342
1612
1275
1351
1387
1356
1802
1310
1378
1547
1398
1343
1340
1587
1442
1641
1306
1279
1285
1267
1266
1369
1309
1308
1334
1334
1320
1330
1306
1379
1331
1295
1119
1209
1248
1220
1203
1207
1157
1225
1163
1202
1173
1143
1229
1156
1263
1191
1230
1214
1240
1214
1140
1391
1214
1170
1230
1197
1187
1243
1150
1199
1212
1218
1151
1148
1223
1245
1174
1066
1056
1181
1160
1190
1199
1213
1210
1174
1218
1196
1170
1279
1193
1194
1207
1258
1217
1225
1215
1205
1191
1209
1440
1184
1173
1221
1202
1174
1233
1202
1183
1204
1178
1166
1150
1239
1214
1160
1228
1171
1206
1238
1280
1216
1234
1153
1214
1201
1216
1183
1188
1203
1185
1221
1203
1199
1195
1190
1161
1198
1212
1169
1196
1169
1174
1192
1201
1317
1211
1198
1231
1201
1173
1235
1212
1224
1225
1136
1177
1233
1229
1207
1189
1205
1156
1191
1183
1203
1205
1199
1158
1248
1202
1173
1227
1266
1212
1169
1212
1203
1207
1241
1212
1225
1209
1209
1195
1214
1595
1216
1170
1467
1199
1231
1173
1226
1166
1207
1207
1212
1220
1227
1206
1152
1238
1177
1219
1137
1169
1178
1209
1159
1215
1205
1211
1221
1170
1140
1229
1236
1291
1192
1213
1189
1254
1233
1153
1188
1179
1211
1174
1225
1187
1199
1280
1207
1239
1218
1209
1216
1250
1200
1195
1204
1257
1160
1162
1244
1238
1223
1218
1231
1212
1229
1368
1216
1160
1226
1232
1257
1201
1203
1233
1223
1183
1213
1240
1227
1183
1271
1253
1238
1228
1210
1204
1212
1258
1221
1206
1201
1216
1231
1243
1380
1170
1232
1262
1185
1169
1243
1176
1483
1243
1625
1221
1226
1187
1208
1207
1180
1167
1202
1212
1198
1190
1174
6225
1248
1183
1203
1219
1148
1266
1281
1208
1194
1160
1215
1222
1211
1242
1193
1225
1203
1263
1219
1780
1194
1201
1777
1227
1230
1195
1224
1216
1185
1223
1199
1174
1240
1239
1189
1218
1200
1219
1276
1207
1224
1254
1238
1173
1220
1247
1214
1168
1203
1242
1196
1215
1233
1630
1227
1231
1202
1196
1215
1197
1199
1195
1207
1196
1187
1210
1208
1234
1202
1194
1219
1199
1219
1242
1243
1236
1282
1235
1208
1220
1280
1182
1162
1240
1201
1198
1230
1210
1321
1637
1251
1187
1178
1213
1227
1537
1252
1246
1228
1240
1267
1239
1201
1206
1204
1249
1235
1238
1290
1203
1261
1246
1253
1259
1481
1240
1353
1212
1170
1208
1205
1203
1210
1234
1205
1259
1207
1208
1205
1204
1337
1195
1245
1201
1227
1389
1254
1212
1282
1233
1278
1181
1211
1197
1229
1225
1194
1257
1207
1313
1238
1226
1265
1248
1238
1208
1205
1247
1214
1233
1238
1280
1198
1204
1235
1213
1169
1251
1267
1189
1204
1255
1178
1224
1185
1221
1221
1219
1230
1225
1258
1149
1547
1167
1159
1194
1175
1185
1286
1198
1222
1215
1227
1244
1221
1262
1217
1209
1247
1213
1232
1328
1231
1230
1199
1223
1260
1200
1202
1280
1224
1233
1731
1236
1243
1204
1245
1244
1227
1159
1204
1210
1366
1283
1499
1443
1382
1426
1302
1514
1244
1191
1233
1240
1251
1175
1229
1329
1266
1203
1400
1207
1240
1268
1214
1223
1234
1178
1233
1217
1243
1223
1438
1183
1214
1225
1211
1267
1195
1195
1237
1212
1282
1214
1271
1208
1231
1323
1212
1169
1125
1223
1274
1193
1189
1249
1233
1358
1307
1176
1192
1203
1336
1209
1218
1205
1306
1318
1246
1175
1184
1215
1599
1358
1227
1200
1186
1310
1172
1205
1166
1229
1578
1240
1209
1253
1189
1381
1249
1240
1205
1172
1357
1223
1201
1233
1229
1434
1235
1210
1219
1201
1428
1257
1217
1247
1235
1522
1323
1225
1331
1313
1470
1273
1327
1239
1210
1634
1300
1223
1542
1316
1435
1250
1340
1261
1209
1426
1243
1235
1432
1274
1359
1239
1245
1262
1229
1244
1213
1193
1250
1221
1248
1192
1200
1243
1251
1304
1214
1213
1216
1236
1226
1222
1209
1231
1194
1475
1209
1209
1258
1218
1241
1212
1218
1243
1258
1191
1240
1262
1194
1189
1234
1240
1198
1190
1202
1301
1228
1229
1161
1238
1171
1107
1201
1244
1230
1217
1314
1228
1207
1228
1285
1201
1237
1200
1198
1161
1205
1233
1245
1269
1216
1245
1246
1253
1268
1302
1181
1241
1245
1252
1224
1209
1227
1235
1245
1268
1248
1226
1216
1239
1235
1259
1247
1235
1224
1214
1167
1253
1247
1225
1276
1198
1282
1210
1247
1199
1204
1240
1213
1241
1247
1230
1253
1295
1217
5311
1233
1230
1183
1222
1252
1185
1228
1262
1243
1240
1260
1168
1200
1243
1209
1243
1232
1334
1225
1276
1234
1179
1220
1216
1193
1184
1145
1210
1161
1208
1238
1240
1249
4907
1234
1228
1260
1199
1235
1159
1242
1199
1219
1213
1221
1186
1189
1247
1214
1215
1233
1199
1212
1129
1219
1216
1245
1188
1267
1234
1195
1184
1298
1201
1210
1230
1248
1248
1273
1212
1263
1243
1256
1252
1308
1261
1266
1250
1339
1269
1255
1280
1189
1277
1279
1212
1223
1255
1242
1301
1206
1235
1236
1302
1276
1238
1225
1257
1229
1240
1231
1263
1309
1214
1286
1221
1219
1235
1316
1220
1245
1221
1233
1214
1259
1205
1205
1254
1251
1281
1235
1291
1210
1236
1281
1257
1251
1213
1200
1245
1173
1215
1275
1265
1228
1612
1261
1316
1277
1313
1320
1293
1365
1268
1322
1287
1253
1322
1229
1296
1221
1268
1267
1254
1267
1265
1283
1390
1209
1291
1278
1277
1237
1271
1315
1308
1307
1284
1258
1243
1517
1246
1240
1228
1252
1293
1300
1310
1270
1296
1255
1216
1280
1228
1265
1313
1301
1292
1228
1289
1331
1297
1303
1242
1268
1218
1254
1383
1291
1277
1250
1265
1330
1311
1306
1256
1285
1246
1250
1324
1323
1343
1324
1261
1235
1250
1290
1259
1254
1341
1271
1312
1333
1311
1708
1238
1206
1233
1286
1268
1814
1270
1268
1266
1288
1242
1224
1218
1278
1289
1225
1261
1258
1228
1722
1238
7337
1246
1216
1191
1231
1253
1187
1297
1253
1261
1251
1229
1268
1224
1357
1302
1276
1263
1246
1299
1247
1253
1286
1272
1226
1274
1280
1284
1252
1239
1237
1292
1265
1303
1254
1248
1242
1238
1219
1225
1283
1264
1303
1258
1272
1263
1278
1263
1264
1253
1300
1240
1184
1300
1267
1269
1236
1354
1260
1277
1230
1239
1282
1217
1318
1245
1218
1319
1260
1307
1280
1314
1332
1421
1321
1283
1350
1246
1256
1242
1265
1324
1301
1281
1268
1245
1257
1284
1268
1245
1228
1328
1308
1258
1318
1244
1289
1264
1221
1201
1300
1292
1284
1237
1291
1227
1251
1284
1272
1258
1218
1227
1278
1245
1536
1270
1277
1268
1321
1281
1363
1284
1278
1278
1286
1266
1200
1316
1484
1225
1226
1246
1264
1276
1293
1360
1247
1275
1229
1229
1254
1185
1257
1172
1279
1218
1223
1233
1234
1210
1245
1159
1209
1273
1223
1149
1263
1212
1155
1536
1186
1198
1201
1145
1206
1256
1282
1215
1203
1270
1157
1177
1269
1203
1210
1233
1275
1198
1158
1211
1176
1153
1239
1247
1196
1210
1182
1900
1209
1206
1413
1541
1630
1247
1245
1223
1187
1160
1200
1160
1153
1210
1172
1386
1243
1105
1209
1227
1160
1163
1154
1196
1208
1193
1188
1272
1214
1184
1211
1216
1202
1164
1160
1160
1117
1199
1242
1133
1229
1245
1166
1182
1237
1255
1208
1235
1162
1243
1228
1205
1194
1193
1140
1166
1173
1234
1518
1206
1192
1182
1207
1236
1188
1216
1208
1193
1190
1158
1166
1150
1182
1196
1220
1194
1206
1218
1218
1153
1199
1201
1250
1237
1161
1218
1163
1148
1236
1239
1226
1192
1199
1197
1188
1204
1202
1242
1195
1151
1231
1185
1164
1097
1139
1236
1179
1171
1133
1212
1145
1149
1181
1221
1164
1149
1174
1190
1115
1176
1195
1276
1343
1219
1481
1455
1188
1232
1205
1189
1244
1211
1160
1150
1218
1169
1175
1195
1475
1171
1107
1197
1234
1184
1155
1128
1205
1318
1156
1194
1220
1190
1211
1235
1167
1196
1204
1174
1145
1185
1201
1201
1211
1222
1197
1193
1204
1161
1202
1173
1247
1212
1190
1234
1241
1199
1276
1229
1217
1219
1198
1148
1203
1215
1269
1536
1323
1277
1330
1280
1270
1295
1328
1335
1332
1313
1382
1280
1294
1315
1253
1237
1257
1302
1367
1301
1326
1338
1297
1263
1333
1226
1325
1295
1233
1224
1319
1262
1296
1297
1274
1224
1302
1299
1294
1315
1356
1301
1315
1320
1335
1303
1248
1241
1275
1354
1417
1249
1281
1280
1238
1217
1304
1254
1306
1344
1256
1268
1349
1256
1335
1261
1287
1298
1317
1236
1262
1278
1262
1275
1289
1212
1287
1265
1340
1600
1324
1276
1208
1338
1285
1250
1237
1246
1270
1286
1352
1252
1304
1243
1292
1284
1342
1313
1295
1243
1235
1262
1295
1272
1286
1258
1268
1244
1271
1319
1256
1277
1244
1338
1252
1262
1348
1246
1303
1363
1357
1303
1268
1297
1199
1268
1337
1456
1284
1276
1546
1257
1317
1273
1303
1275
1261
1330
2684
1355
1334
1345
1321
1299
1370
1332
1611
1266
1305
1308
1296
1333
1314
1349
1755
1309
1317
1298
1314
1361
1266
1311
1342
1243
1373
1352
1354
1258
1317
1263
1278
1322
1334
1304
1270
1358
1272
1293
1335
1284
1633
1339
1319
1256
1254
1325
1355
1362
1304
1350
1313
1352
1293
1293
1245
1342
1402
1295
1250
1611
1340
1286
1314
1254
1279
1248
1462
1223
1283
1253
1289
1319
1323
1488
1268
1285
1328
1281
1325
1303
1320
1463
1272
1223
1257
1307
1201
1297
1286
1301
1327
1318
1242
1723
1316
1284
1201
1220
1212
2255
1148
1154
1204
1122
1205
1148
1172
1203
1158
1112
1129
1221
1224
1195
1183
1165
1122
1141
1237
1208
1317
1139
1162
1149
1198
1145
1153
1135
1188
1228
1132
1176
1200
1144
1478
1116
1158
1205
1216
1141
1164
1362
1195
1236
1148
1124
1465
1351
1176
1229
1187
1345
1239
1182
1152
1172
1190
1240
1183
1210
1152
1132
1185
1194
1130
3402
1138
1224
1150
1225
1234
1201
1186
1194
1220
1118
1211
1160
1171
1214
1204
1077
1077
1166
1078
1214
1166
1108
1210
1125
1181
1237
1391
1256
1173
1183
1134
1159
1130
1194
1213
1241
1209
1207
1223
1149
1136
1192
1221
1214
1198
1170
1168
1215
1145
1140
1212
1203
1234
1180
1156
1062
1172
1128
1047
1165
1177
1135
1395
1199
1150
1140
1090
1234
1206
1246
1134
1245
1196
1205
1157
1191
1201
1153
1227
1228
1125
1116
1207
1239
1178
1186
1213
1246
1175
1241
1210
1161
1191
1252
1214
1194
1251
1187
1165
1124
1218
1114
1419
1201
1156
1240
1123
1198
1161
1110
1158
1224
1164
1496
1205
1179
1187
1183
1172
1169
1215
1279
1229
1159
1172
1172
1185
1176
1211
1112
1216
1081
1134
1117
1122
1157
1164
1142
1264
1114
1122
1111
1172
1133
1185
1102
1144
1197
1144
1161
1146
1192
1209
1138
1203
1286
1263
1207
1607
1422
1270
1399
1123
1148
1548
1226
1435
1108
1177
1448
1201
1192
1228
1195
1339
1228
1142
1176
1443
1189
1212
1268
1079
1177
1207
1211
1212
1219
1144
1166
1296
1318
1214
1191
1398
1211
1242
1555
2963
3270
2983
2890
2877
2886
2896
2836
2833
2800
2897
2903
2861
2780
2766
2807
4000
2810
2860
2860
2790
2946
2910
2607
2783
2660
2933
2733
2766
2780
2907
2927
2920
2804
2773
2847
2900
2846
2790
2817
2833
2830
2883
2900
2780
2900
2860
3074
3087
2980
2984
2983
2677
2836
3644
2940
2727
2810
2967
2683
2893
3486
2774
2650
2896
3051
2957
2883
2974
2817
2877
2917
2903
2957
2850
2976
2937
2800
3277
3726
2670
2903
2806
2830
2743
2913
2987
3030
2913
2750
3013
2897
2937
2860
2976
2977
2820
2930
2830
2703
2984
2757
2893
2687
2890
2740
2927
2763
2813
2873
2787
2794
2392
2397
2371
2300
2432
2869
2346
2405
2405
2472
2381
2371
2382
2448
2489
2483
2735
2337
2474
2517
2629
2463
2911
3160
2300
2405
2475
2528
2514
2295
2466
2371
2449
2328
2285
2331
2403
2471
2354
2177
2329
2272
2260
2477
2660
2285
2589
2528
2357
2445
2425
2485
2509
2566
2463
2500
2494
2537
2560
2446
2431
2497
2497
2543
2395
2440
2400
2454
2423
2406
2525
2557
2340
2478
2635
2495
3063
2463
2545
2686
2477
2445
2534
2446
2535
2492
2628
2577
2466
2583
2586
2523
2442
2483
2426
2466
2594
2446
2571
2457
2428
2405
3286
3135
2380
2412
2475
3274
2382
2568
2791
2555
2529
2560
2614
2492
2426
2522
2471
2480
2563
2378
2469
2446
2685
2469
2568
2483
2503
2597
1203
1187
1170
1455
1202
1208
1185
1174
1239
1171
1247
1240
1233
1207
1265
1195
1145
1140
1137
1203
1186
1211
1144
1606
1142
1214
1198
1202
1206
1235
1230
1207
1210
1174
1224
1175
1163
1165
1209
1217
1210
1224
1218
1262
1201
1199
1251
1164
1226
1209
1291
1200
1197
1232
1186
1292
1188
1226
1173
1252
1144
1211
1198
1230
1190
1162
1195
1191
1181
1241
1186
1240
1174
1232
1177
1211
1224
1248
1203
1184
1230
1470
1175
1186
1162
1219
1159
1234
1227
1188
1200
1210
1209
1136
1221
1256
1190
1194
1202
1206
1228
1147
1153
1465
1238
1264
1191
1212
1196
1243
1236
1230
1214
1203
1270
1235
1178
1237
1162
1383
1251
1201
1440
1174
1234
1197
1227
1224
1215
1196
1223
1467
1177
1270
1255
1188
1203
1168
1160
1173
1188
1206
1211
1240
1245
1251
1234
1196
1233
1267
1230
1228
1234
1191
1206
1152
1219
1497
1137
1159
1201
1424
1197
1210
1244
1251
1483
1228
1239
1288
1184
1201
1223
1214
1276
1151
1229
1190
1276
1560
1172
1280
1094
1185
1249
1254
1177
1222
1249
1226
1179
1197
1239
1208
1212
1278
1237
1201
1175
1149
1187
1212
1206
1136
1206
1180
1205
1266
1160
1166
1255
1216
1233
1400
1264
1214
1247
1228
1243
1200
1211
1256
1479
1461
1668
1440
1588
1469
1527
1401
1391
1363
1484
1348
1490
1314
1223
1229
1283
1176
1169
1289
1234
1150
1283
1185
1283
1217
1174
1280
1218
1244
1240
1271
1252
1207
1317
1232
1252
1178
1172
1218
1203
1236
1154
1190
1322
1214
1140
1373
1193
1297
1184
1124
1169
1227
1468
1196
1194
1153
1169
1209
1171
1161
1203
1152
1178
1197
1224
1166
1196
1132
1246
1225
1227
1208
1171
1214
1224
1152
1152
1180
1221
1242
1254
1227
1222
1161
1259
1135
1238
1233
1225
1125
1120
1182
1160
1191
1230
1247
1164
1140
1192
1198
1229
1168
1220
1223
1161
1184
1212
1440
1136
1179
1142
1159
1161
1215
1255
1201
1397
1214
1238
1219
1199
1224
1216
1230
1239
1456
1120
1214
1184
1201
1233
1206
1238
1278
1241
1159
1174
1146
1194
1186
1173
1127
1144
1192
1205
1201
1229
1138
1195
1182
1224
1171
1228
1238
1177
1177
1473
1220
1150
1135
1177
1170
1187
1228
1251
1193
1174
1247
1217
1151
1132
1161
1108
1154
1172
1210
1195
1232
1237
1217
1209
1221
1149
1219
1222
1192
1187
1150
1206
1288
1213
1199
1168
1212
1240
1194
1235
1244
1230
1179
1176
1119
1245
1206
1215
1216
1241
1198
1193
1258
1258
1224
1285
1213
1263
1230
1254
1158
1200
1210
1222
1187
1215
1174
1251
1241
1177
1234
1219
1285
1222
1219
1130
1204
1247
1219
1187
1218
1177
1248
1246
1232
1205
1223
1202
1201
1187
1231
1206
1251
1174
1253
1188
1237
1210
1172
1207
1242
1188
1202
1204
1235
1256
1170
1175
1227
1160
1248
1135
1208
1233
1188
1183
1222
1188
1227
1165
1272
1243
1250
1228
1238
1247
1255
1243
1192
1154
1240
1276
1251
1188
1194
1213
1198
1197
1284
1246
1234
1236
1215
1220
1216
1227
1194
1242
1218
1171
1178
1268
1185
1220
1223
1206
1262
1181
1232
1240
1208
1289
1213
1210
1258
1214
1214
1279
1218
1190
1177
1233
1210
1220
1227
1159
1232
1188
1182
1160
1243
1274
1226
1368
1319
1206
1244
3054
2953
3010
2870
2883
2890
3023
3010
2770
2953
3063
2837
3637
3117
2933
3494
2940
3060
27020
2953
3007
2860
2976
2963
3094
2886
3020
3144
3110
3157
3707
3056
3157
2884
2967
3110
3116
3110
2970
2844
2953
2856
2787
2994
2973
2700
2824
2950
2957
3024
3040
2947
3064
2907
2840
2977
2910
2997
2864
3390
3033
3730
3187
3064
3076
3010
3030
2950
2993
2907
2960
2990
2804
2750
2984
3040
2936
3120
3034
2941
2957
2887
2990
3103
2926
2943
2953
2916
3050
2987
3000
3720
3176
2973
3087
2807
3003
2913
3033
2970
2934
2950
3046
2896
2953
3007
2910
3057
2883
2800
3000
2964
2970
2980
2873
2813
2997
2997
2526
2763
2602
2800
2746
2635
2744
2720
2843
2803
2606
2735
2766
2770
2792
2851
2821
2628
2576
2705
2740
2766
2945
2960
2860
2763
2831
2767
2683
2686
2664
2726
2821
2689
2706
2845
2659
2718
2949
2686
2840
2698
2731
2827
2632
2789
2848
2862
2663
2786
2731
2744
2872
2697
2769
2832
2626
2571
3514
3283
2829
2725
2629
2624
2726
2654
2740
2788
2846
2768
2706
2711
2655
2678
2695
2735
2624
2761
2654
2617
2664
2709
2752
2697
2823
2606
2802
2877
2789
2731
2805
3037
2912
2683
2720
2883
2772
2857
2868
2838
2786
2640
2732
2751
2766
3168
2909
2814
2894
2771
2857
2686
2672
2757
2586
2672
2615
2569
2780
2744
2797
2729
2694
2766
2207
2090
2207
2315
2168
2183
2315
2540
2218
2213
2195
2285
2163
2110
2237
2078
2154
2060
2183
2178
2103
2155
2150
2266
2183
2275
2190
2238
2252
2230
2245
2183
2098
2123
2227
2093
2055
2202
2188
2295
2230
2185
2240
2215
2213
2218
2235
2213
2213
2020
2167
2147
2288
2223
2298
2206
2758
2755
2248
2242
2163
2148
2260
2290
2590
2280
2190
2148
2173
2112
2257
2145
2205
2232
2213
2255
2220
2190
2075
2127
2262
2113
2214
2272
2130
2172
2177
2080
2308
2183
2080
2268
2128
2235
2203
2195
2090
2165
2277
2250
2320
2268
2152
2200
2140
2188
2203
2175
2175
2232
2150
2180
2227
2205
2118
2190
2182
2230
2270
2205
2202
2158
2097
2242
2183
2260
2118
2245
2153
2160
2175
2263
2182
2148
2215
2137
2225
2278
2282
2242
2258
2158
2206
2228
2290
2198
2144
2068
2185
2230
2100
2305
2260
2117
2150
2090
1229
1179
1207
1213
1232
1264
1298
1222
1234
1276
1211
1214
1218
1264
1188
1165
1223
1277
1202
1160
1213
1235
1203
1132
1189
1224
1213
1141
1150
1125
1230
1222
1202
1205
1185
1139
1179
1190
1206
1208
1207
1234
1214
1148
1189
1220
1280
1214
1209
1171
1192
1173
1224
1224
1201
1126
1230
1211
1233
1170
1158
1190
1088
1345
1235
1222
1177
1177
1225
1245
1202
1221
1225
1215
1173
1211
1135
1187
1212
1178
1198
1191
1221
1253
1171
1168
1209
1182
1279
1248
1260
1240
1282
1222
1167
1204
1207
1213
1225
1205
1155
1214
1324
1269
1198
1275
1166
1213
1246
1231
1307
1187
1226
1159
1237
1183
1195
1164
1213
1263
1228
1198
1217
1259
1214
1157
1292
1219
1163
1198
1176
1186
1189
1162
1227
1205
1205
1257
1210
1238
1160
1225
1191
1140
1253
1194
1223
1225
1217
1196
1237
1213
1214
1246
1202
1216
1256
1150
1179
1258
1157
1172
1223
1248
1232
1198
1206
1204
1329
1229
1240
1228
1275
1196
1229
1238
1186
1202
1173
1236
1259
1230
1269
1181
1272
1176
1202
1217
1160
1177
1227
1221
1220
1246
1212
1253
1188
1208
1206
1254
1253
1220
1187
1222
1232
1258
1135
1255
1225
1210
1080
1218
1207
1519
1284
1409
1239
1268
1222
1244
1248
1228
1209
1130
1179
1220
1160
1210
1177
1215
1214
1217
1155
1171
1156
1163
1133
1209
1185
1203
1235
1244
1193
1229
1223
1209
1227
1212
1234
1247
1252
1238
1187
1176
5475
1235
1231
1223
1234
1230
1243
1176
1222
1154
1178
1156
1258
1240
1234
1240
1239
1199
1175
1173
1233
1247
1197
1195
1198
1283
1229
1238
1226
1217
1281
1244
1243
1208
3087
3197
3000
3037
2916
2733
3113
2817
3004
3000
2973
3080
2940
3124
3040
2794
2816
2840
2876
2986
3011
3330
2980
2963
2930
2950
2940
3017
2930
2973
2853
2963
2697
2970
2987
2870
3051
2957
2974
3027
3510
3533
3333
2934
2970
4047
2797
3150
2977
3030
3056
4017
3100
3151
3060
3060
3180
3390
3154
3206
3077
3014
2970
3177
3044
2997
2940
2817
3086
2970
2864
3164
2967
2997
3050
3010
3016
2950
3024
2976
3114
3007
2856
2870
3680
2950
3820
3750
3720
3023
2967
2917
2954
2877
2840
2903
3360
3023
3000
2813
3124
2967
2923
3060
2933
2960
2990
3940
2950
2983
2953
2997
3033
4150
2821
3071
3007
2766
2360
2425
2966
2845
2553
2428
2415
2391
2485
2369
2416
2320
2351
2422
2417
2339
2433
2397
2300
2379
2331
2407
2423
2398
2419
2454
2394
2280
2315
2400
2302
2348
2341
2348
2555
2301
2308
2390
2393
2320
2320
2395
2295
2396
2417
2485
2398
2412
2265
2340
2344
2365
2191
2473
2412
2388
2336
2433
2425
2352
2403
2429
2397
2509
2645
2598
2785
2360
2353
2360
2297
2425
2583
2393
2386
2351
2346
2296
2297
2213
2365
2337
2365
2892
2396
3048
2430
2484
2501
2485
2299
2675
2805
2273
2341
2991
2398
2435
2369
2343
2397
2358
2374
2424
2417
2372
2371
2407
2423
2330
2356
2433
2538
2457
2769
2592
2417
2296
2299
2340
2392
2407
2903
3289
2795
3045
2828
3326
2814
2729
3102
2929
2746
3113
3040
2635
2904
3210
1503
1491
1440
1765
1380
1444
1365
1442
1530
1396
1513
1488
1429
1366
1522
1361
1463
1396
1486
1449
1543
1500
1535
1586
2034
1829
1497
1494
1325
1477
1517
1472
1219
1287
1214
1234
1240
1175
1266
1197
1169
1223
1181
1207
1208
1212
1246
1276
1244
1187
1220
1213
1250
1179
1258
1437
1306
1268
1200
1205
1261
1225
1233
1208
1213
1233
1262
1239
1256
1241
1226
1239
1214
1179
1279
1123
1242
1199
1191
1171
1223
1232
1223
1199
1263
1317
1192
1192
1261
1258
1203
1247
1165
1361
1216
1229
1260
1252
1255
1210
1229
1462
1250
1252
1175
1449
1225
1223
1201
1219
1282
1248
1286
1241
1323
1223
1682
1183
1222
1154
1230
1200
1640
1203
1184
1241
1225
1226
1205
1175
1168
1257
1210
1245
1143
1254
1241
1217
1236
1193
1196
1560
1237
1243
1160
1222
1182
1267
1223
1202
1218
1228
1231
1326
1223
1322
1206
1231
1145
1218
1187
1242
1160
1201
1241
1215
1237
1260
1178
1201
1168
1175
1272
1270
1239
1207
1212
1250
1224
1390
1217
1317
1244
1308
1232
1286
1244
1217
1249
1260
1275
1658
1444
1264
1251
1264
1238
1172
1239
1402
1243
1240
1193
1225
1225
1148
1256
1213
1242
1240
1161
1253
1179
1168
1261
1150
1204
1175
1205
1142
1211
1208
1242
1174
1182
1142
1195
1223
1641
1218
1232
1168
1234
1212
1287
1240
1192
1184
1176
1203
1267
1215
1260
1188
1241
1217
1244
1162
1259
1285
1236
1242
1190
1252
1233
1170
1235
1277
1211
1234
1194
1285
1231
1189
1221
1234
1180
1210
1204
1235
1181
1240
1262
1258
1298
1250
1214
1256
1230
1189
1225
1310
1230
1251
1235
3036
2976
2937
3110
3073
2993
2897
2960
2877
2943
2804
2886
2976
3044
3460
2837
3027
2960
3020
2890
2940
2826
3030
2953
2943
2897
2880
3004
3014
3030
3497
3070
2797
2957
2986
3037
2927
2874
2900
2757
2993
3020
3030
24990
3000
3750
2834
3050
3037
2997
3016
2951
3070
3031
2966
2884
3597
2907
2880
3284
2963
3103
3046
3570
3110
3124
3073
3057
2876
2993
2810
2894
3004
3087
3010
2976
3186
2904
3647
2910
3000
2990
2934
2947
2986
3043
2943
2920
2950
2913
2930
3017
2920
2880
2930
2966
2981
3023
2960
2930
3154
3140
3340
2973
3020
3010
2996
3107
2983
3054
2980
2790
3073
2906
2973
3010
3170
3047
3080
2943
2917
2973
2970
2810
3040
3150
2980
3003
3437
3770
3777
2970
3060
3123
3016
3114
3030
2927
3007
3047
2923
2957
2923
3000
3114
2983
2864
3063
3691
3700
3103
3146
3203
3044
3090
3021
2844
2967
2996
2860
2996
2967
2916
3044
2964
2923
3017
2990
3090
3070
2930
3177
2946
2957
2983
2916
2890
2870
3007
3020
3090
3056
3130
3083
3063
2820
2973
2854
3133
3044
3056
3057
2940
2984
2833
2974
2977
2933
3186
2993
2920
2956
3240
3643
3636
2994
3040
3003
3066
2950
3060
2984
2950
3063
2967
2880
3000
2917
3004
3000
3013
2940
2937
2920
2960
2977
3210
3000
2917
2840
2993
2897
2873
3023
3290
2864
2824
3053
2943
2970
2897
2867
3110
3046
2780
3034
2967
2964
3057
2967
2974
3053
3077
2936
2971
2797
3013
2997
3274
3057
3010
2986
2292
2393
2415
2413
2379
2358
2298
2294
2369
2438
2212
2355
2435
2404
2391
2560
2405
2403
2440
2367
2355
2343
2368
2398
2297
2292
2247
2473
2393
2384
2416
2409
2376
2348
2355
2287
2344
2350
2358
2360
2478
2416
2458
2333
2457
2395
2433
2288
2330
2419
2405
2272
2318
2416
2274
2868
2311
2374
2373
2351
2277
2391
2297
2445
2249
2376
2572
2755
2400
2360
2235
2443
2459
2275
2483
2285
2385
2282
2390
2386
2365
2442
2955
2475
2330
2310
2765
2665
2363
2332
2388
1824
2389
2435
2447
2287
2325
2468
2364
2334
2299
2313
2417
2421
2283
2252
2355
2334
2327
2379
2387
2325
2339
2372
2346
2402
2285
2441
2415
2391
2284
2327
2360
2263
2368
2334
2252
2344
2257
2414
2324
2360
2419
2377
2384
2412
2303
2405
2475
2440
2299
2408
2370
2368
2327
2266
2393
2400
2642
2397
2386
2365
2413
2438
2292
2282
2380
2405
2310
2388
2313
2299
2235
2283
2280
2340
2334
2393
2250
2367
1193
1233
1184
1222
1248
1233
1413
1218
1221
1208
1252
1210
1226
1235
1287
1134
1188
1244
1202
1198
1193
1190
1147
1170
1129
1223
1200
1165
1250
1209
1201
1182
1201
1171
1215
1224
1197
1159
1175
1261
1204
1260
1237
1157
1181
1211
1229
1238
1195
1218
1178
1218
1189
1194
1238
6288
1224
1205
1234
1188
1218
1170
1228
1198
1247
1217
1264
1261
1214
1188
1128
1222
1209
1176
1246
1319
1155
1151
1130
1226
1197
1202
1238
1186
1151
1202
1231
1237
1225
1211
1174
1219
1170
1229
1154
1243
1248
1196
1212
1187
1229
1218
1198
1198
1177
1181
1133
1199
1224
1245
1217
1188
1218
1237
1196
1214
1224
1209
1255
1173
1178
1265
1217
1166
1161
1142
1241
1185
1173
1096
1220
1261
1173
1205
1203
1265
1219
1205
1172
1203
1179
1199
1234
1217
1221
1227
1239
1179
1213
1158
1207
1157
1208
1259
1127
1167
1159
1228
1169
1227
1223
1203
1181
1178
1218
1232
1227
1124
1244
1207
1182
1260
1219
1242
1331
1181
1335
1268
1196
1511
1550
1597
1538
1250
1435
1453
1500
12898
1263
1307
1512
1416
1299
1271
1225
1231
1232
1281
1188
1226
1254
1154
1839
1231
1276
1171
1209
1229
1237
1194
1200
1215
1183
1267
1260
1234
1243
1221
1203
1221
1240
1225
1508
1260
1183
1197
1223
1194
1235
1255
1240
1484
1219
1231
1204
1241
1174
1160
1412
1195
1190
1195
1461
1256
1216
1199
1239
1172
1263
1200
1422
1227
1175
1223
1230
1209
1167
1174
1185
1171
1224
1197
1234
1185
1276
1148
1213
1179
1214
1236
1218
1142
1207
1223
1218
1258
1189
1214
1207
1185
1192
1256
1129
1193
1191
1244
1214
1179
1222
1450
1210
1209
1220
1404
1243
1206
1240
1232
1163
1253
1237
1228
1223
1188
1198
1228
1263
1206
1205
1195
1190
1214
1212
1185
1199
1499
1226
1220
1237
1211
1191
1238
1241
1205
1119
1108
1236
1160
1404
1273
1193
1255
1221
1228
1245
2596
1227
1209
1257
1185
1206
1213
1252
1207
1146
1145
1221
1227
1202
1190
1326
1206
1216
1180
1399
1240
1228
1232
1195
1238
1319
1277
1192
1207
1200
1670
1210
1219
1242
1186
1202
1199
1189
1215
1233
1244
1224
1292
1244
1243
1176
1229
1279
1214
1221
1204
1211
1200
1224
1224
1260
1229
1114
1225
1250
1238
1252
1205
1216
1228
1232
1197
1189
1190
1178
1213
1221
1202
1206
1197
1176
1204
1246
1244
1295
1158
1216
1227
1228
1190
1233
1242
1331
1246
1211
1226
1197
1246
79536
38990
21644
8415
8228
8159
8175
7962
50438
10760
17167
2176
1908
2136
2119
2100
2851
2136
2078
2432
2765
2195
2118
2040
2045
2043
2129
2183
1997
2311
2702
2339
3166
2144
2315
2600
2293
2064
2189
2251
2315
1995
2025
2174
2211
2196
2030
2071
2121
2133
2070
2112
2089
2490
2068
2120
2090
2002
2085
1912
2188
2054
1973
1982
2482
2230
2023
2124
1997
2117
2141
2065
2113
1969
2088
2080
2263
2088
2199
2120
1950
1965
2136
2024
2138
2029
2148
2248
2080
75818
2124
2099
2074
2209
2066
2218
2000
2116
2098
1917
2094
2057
2183
2070
2238
2068
2173
2514
2159
2011
2198
2168
1900
2049
2050
2096
2150
2107
2120
1934
2101
1942
2282
1966
1978
2204
2084
2111
2093
2099
1982
2136
2115
2007
2056
1996
2042
2216
2055
2212
2163
2086
2190
1911
2071
2058
2106
2128
2171
2112
1921
2152
1999
2104
2150
1915
2116
2166
2084
2368
2169
3099
2292
2040
13256
2026
1936
2110
1943
2020
2321
2120
2155
2141
2079
2033
2187
2161
1994
2180
1996
72071
2195
2237
2395
2237
2150
2134
2299
2177
2023
2087
2161
2055
2007
2102
1992
2099
2112
2175
2052
2199
2079
1902
3161
2034
2247
2029
1999
2066
1978
2034
2096
1998
2167
2224
2142
2091
2324
2066
2026
2136
2000
2118
2270
2109
2114
2285
1936
2132
2187
2115
1971
2415
1992
2125
2372
2016
2176
2263
2057
2100
2213
2150
2200
2322
2140
2623
2085
2051
3065
2331
2164
2836
2179
1997
2262
2197
2115
1982
2148
2113
2076
2221
1983
2162
2005
2216
2171
2128
2465
2204
2148
69578
2077
2005
2120
2176
2132
2077
2210
2009
2758
2341
2157
2162
2091
2111
2069
2157
2684
2285
2231
2089
2176
2261
1957
3245
2232
2168
2074
2115
2105
2126
2087
2195
2887
2186
2001
2176
2300
2124
2145
2102
2043
2273
2066
2812
2115
2046
2334
2129
2108
2125
2225
2329
2109
2197
2023
2228
2310
2083
2124
2094
2192
2107
2199
2411
2105
2069
2011
2189
2310
2156
1972
2204
2248
2028
2159
2117
2098
2092
1995
3168
2222
2004
2174
2045
2319
2120
2288
2104
2456
2121
2355
71948
2336
2089
2142
1971
2080
2519
2131
2126
2066
2051
1896
2157
1915
2104
2160
2122
2276
2215
2340
2060
2001
2105
2171
2113
2031
2140
2141
1978
2147
2142
2101
2217
2130
2077
2096
1983
2078
2035
2007
2016
2215
2219
2027
2162
2004
2213
2125
2303
2171
2003
2074
2233
2341
2081
2781
2139
2079
2240
2028
2155
2272
2034
2316
2106
2034
2093
2135
2207
2119
2021
2135
1935
2473
1972
2124
2143
1993
2101
2216
2110
2120
2072
2241
2028
2372
2128
1992
2046
2166
2119
2293
106503
2435
2137
2120
2115
2142
24300
13239
1125
1098
1202
1165
1100
1102
1100
1115
1116
1094
1139
1427
1065
1182
1124
1109
1033
1119
1116
1100
1159
1148
1105
1030
1099
1163
1100
1088
1139
1193
1104
1095
1094
1078
1117
1109
1109
1101
1114
1059
1017
1103
1078
1119
1108
1089
1110
1148
1108
1079
1177
1088
1187
1137
1049
1041
1164
1127
1061
1052
984
1072
1053
1050
1104
1065
1058
1045
1023
979
1033
1033
1129
1124
1062
1014
1104
1108
1038
1028
1034
997
1022
1106
1048
1091
1024
1078
1036
1068
1064
1064
1056
1039
1080
1069
1033
1069
1052
1044
1123
980
1181
1033
1070
1022
1035
1062
1060
1125
1156
1086
1039
947
1076
1009
1103
1098
1027
985
1055
1049
1106
1080
1102
1106
1056
1137
1144
1075
1095
1093
1060
2790
2637
2900
2660
3460
3694
2930
2643
2934
2797
2564
2737
2941
2680
2794
2633
2684
2726
2880
2783
2603
2576
2740
2713
2913
2877
2667
2570
3580
2847
2710
2517
2880
2754
2813
2927
3656
2900
2817
2710
2773
2664
3630
3447
2744
2800
2687
2736
2573
2683
2770
2746
2837
2750
2617
2550
2817
2837
2593
2644
2783
2916
2660
2927
2774
2840
2847
2700
2873
3077
2940
2654
2730
3650
2750
2683
2673
2667
2634
3336
2757
2870
2663
3120
3594
2724
2577
2987
2797
2620
2667
3307
2766
2610
2590
2704
2730
2677
2727
2614
2870
2837
3667
2820
2800
3574
2660
2744
2670
2727
2790
2763
2660
1134
1125
1133
1172
1113
1107
1088
1104
1108
1203
1297
1094
1090
1073
1029
1116
1114
1135
1075
1073
1120
1162
1061
1075
1145
1154
1109
1058
1047
1089
1088
1149
1055
1092
1042
1117
1314
1104
1112
1022
1161
1119
1122
1055
1135
1127
1084
1086
1089
1097
1150
1082
1124
1126
1088
1176
1172
1001
1141
1078
1081
1356
1108
1087
1079
1033
1023
1108
1148
1080
1116
1112
1088
1056
1035
1164
1113
1133
1106
1131
1086
1128
1115
1127
1148
1151
1148
1411
1114
1134
1117
1128
1194
1147
1109
1118
1392
1146
1089
1160
1142
1147
1064
1112
1128
1097
1079
1129
1257
1126
1150
1182
1358
1206
1142
1337
1043
1140
1309
1146
1108
1235
1049
1165
1136
1075
1107
1102
1103
1124
1138
1139
1060
1106
1154
1162
1325
1069
1118
1146
1159
1123
1123
1092
1086
1000
1134
1111
1114
1117
1059
1066
1105
1501
1197
1099
1319
1066
1109
1115
1168
1242
1182
1140
1143
1194
1123
1055
1150
1088
1049
1079
1215
1205
1148
1132
1107
1458
1149
1091
1066
1315
1152
1254
1087
1146
1125
1142
1067
1079
1080
1008
1076
1453
1130
1052
1135
1152
1033
1034
1139
1119
1136
1136
1102
1181
1125
1116
1100
1104
1171
1144
1098
1168
1172
1207
1199
1174
1127
1226
1100
1187
1186
1226
1159
1098
1084
1150
1134
1133
1437
1105
1202
1132
1188
1182
1155
1156
1151
1178
1160
1106
1168
1096
1206
1104
1140
1059
1082
1133
1194
1134
1059
1136
1200
1083
1150
1092
1105
1135
1150
1053
1206
1111
1084
1043
1121
1121
1146
1127
1140
1110
1040
1118
1108
1154
1059
1101
1040
1079
1098
1161
1063
1164
1119
1056
1046
1027
1122
1116
1067
1115
1107
1027
1081
1029
1131
1108
1177
1126
1082
1041
1141
1003
1100
1101
1070
1095
1138
1099
1040
1114
1103
1058
1114
1233
1159
1149
1039
1126
1090
1062
1088
1086
1090
1072
1144
1080
1070
1070
1139
1147
1145
1089
1113
1092
1083
1024
1023
1021
1120
1137
1159
1094
1075
1060
1119
1114
1042
1174
1086
1114
1169
1091
1099
1102
1122
1079
1026
1091
1063
1102
1108
1098
1132
1144
1083
1090
1131
1094
1176
1153
1122
1131
1108
1072
1175
1209
1134
1166
1098
1120
1159
1092
1074
1124
1041
1001
1050
1338
1228
1007
1179
1176
3320
2626
2650
3633
2754
2707
2743
3140
2620
2627
2807
2717
3456
2660
2747
2764
3133
3376
3033
2644
2790
2717
2776
3334
2873
2800
2820
2700
2693
3537
2890
2727
3097
2857
2424
2624
2760
2696
3197
2880
2667
2754
2777
3617
2643
2704
2710
2676
2803
2720
2867
2784
2803
2767
2733
2707
3547
2830
3356
2780
2806
2817
2864
2890
3900
2740
2550
2667
2917
2626
2790
2767
2790
2673
2694
2636
2760
2856
2700
2793
2654
2767
2767
2816
3290
2787
2734
2697
2954
2757
2617
2710
2720
2653
2770
2700
2714
2670
2846
2900
2724
2696
2583
2817
2750
2630
2666
2797
2814
2730
3440
3047
3283
2600
2690
2590
2633
2757
2800
2713
2763
2700
2766
2574
2560
2660
2670
2730
2680
2630
2814
2563
2656
2663
2724
2623
2757
2774
2467
2593
2780
2664
2547
2650
2704
2690
2720
2677
2517
2666
2837
2920
2594
2670
2593
2683
2786
2626
2833
2673
2633
2677
2823
2486
2806
2950
2676
1122
1068
1125
1062
1112
1096
1339
1098
1110
1094
1074
1099
1130
1111
1147
1160
1034
1188
1048
1150
1196
1126
1080
1110
1121
1189
1139
1078
1079
1144
1151
1095
1048
1080
1028
1087
1118
1172
1044
1108
1062
1206
1136
1108
1124
1131
1012
1140
1203
1118
1140
1168
1093
1096
1035
1070
1077
1081
1084
1140
1177
1151
1170
1102
1094
1085
1135
1180
1087
1106
1030
1145
1173
1138
1172
1147
1029
1150
1136
1152
1173
1121
1122
1118
1091
1080
1096
1164
1122
1108
1215
1185
1077
1170
1144
1152
1075
1226
1084
1207
1137
1088
1120
1161
1052
1070
1068
1196
1048
1169
1135
1122
1143
1099
1107
1100
1164
1166
1119
1049
1182
1125
1130
1157
1178
1154
1184
1107
1196
1133
1146
1115
1108
1124
1165
1213
1103
1189
1167
1121
1069
1132
1127
1159
1130
1093
1106
1091
1154
1090
1148
1192
1130
1117
1095
1092
1151
1148
1151
1261
1093
1130
1113
1107
1135
1142
1108
1146
1209
1183
1169
1125
1091
1111
1168
1108
1116
1160
1125
1103
1223
1158
1109
1141
1170
1123
1117
1159
1184
1190
1110
1160
1183
1148
1142
1260
1134
1153
1185
1210
1164
1170
1233
1142
1231
1101
1166
1139
1124
1241
1192
1167
1172
1722
1246
1100
1070
1128
1186
1209
1158
1155
1192
1178
1342
1081
1182
1209
1089
1192
1144
1171
1095
1467
1095
1168
1189
1180
1231
1111
1124
1192
1136
1168
1195
1220
1160
1062
1117
1134
1138
1120
1218
1102
1110
1164
1123
1159
1110
1128
1043
1126
1133
1145
1103
1085
1188
1098
1084
1180
1122
1140
1163
1148
1125
1102
1169
1172
1207
1092
1186
1095
1120
1165
1177
1171
1185
1160
1150
1193
1249
1169
1182
1209
1134
1148
1231
1221
1242
1162
1195
1188
1148
1213
1154
1114
1134
1262
1205
1222
1200
1425
1158
1187
1149
1215
1148
1178
1155
1244
1142
1187
1142
1190
1171
1102
1159
1152
1223
1155
1159
1221
1187
1163
1191
1228
1223
1150
1180
1160
1197
1207
1222
1132
1194
1119
1135
1181
1174
1149
1138
1157
1084
1133
1072
1139
1085
1140
1127
1192
1210
1148
1092
1123
1175
1179
1149
1442
1208
1378
1580
1478
1458
1445
1231
1345
1388
1343
1393
1397
1420
1268
1588
1388
1441
1436
1376
1359
1406
1208
1425
1385
1436
1424
1431
1374
1373
1198
1166
1181
1149
1097
1175
1141
1046
1127
1141
1156
1129
1134
1132
1115
1161
1152
1166
1083
1081
1119
1120
1153
1105
1168
1102
1102
1127
1098
1032
1108
1146
1059
1135
1056
1126
1073
1093
1148
1100
1126
1114
1187
1104
1123
1144
1005
1170
1110
1058
1118
1120
1083
1140
1092
1106
1127
1142
1092
1170
1051
1119
1091
1079
1149
1130
1020
1149
1090
1181
1104
1138
1105
1023
1131
1135
1119
1165
1058
1088
1122
1126
1137
1126
1121
1122
1133
1124
1080
1130
1089
1143
1126
1141
1099
1129
1160
1102
1114
1072
1100
1121
1120
1116
1152
1096
1125
1113
1086
1141
1134
1089
1095
1119
1120
1103
1092
1153
1042
1080
1146
1162
1195
1204
1154
1072
1148
1105
1199
1072
1130
1065
1085
1137
1118
1142
1145
1109
1112
1097
1165
1104
1102
1083
1081
1132
1156
1115
1174
1137
1152
1179
1130
1127
1104
1111
1155
1153
1136
1105
1119
1063
1127
1065
1097
1051
1109
1117
1088
1133
1061
1102
994
1061
1097
1070
1123
1160
1138
1043
1182
1086
1544
1165
1106
1073
1080
1070
1097
1109
1078
1054
1037
1014
1120
1214
1111
1055
1092
1149
1255
1076
1087
1113
1034
1063
1119
1030
1117
1062
1105
955
1081
1100
1109
1069
1145
1037
1310
1014
1110
1044
1094
1050
1126
1052
1077
1077
1084
1118
1076
1065
1088
1081
1091
1033
1079
1087
1005
1084
1068
1101
1042
1085
1070
1075
1146
1094
1071
1074
1068
1052
1040
1012
1091
1086
1098
978
1031
1030
1059
1047
1017
1041
1118
1088
1071
1070
1050
1164
1111
1142
1118
1151
1057
1178
1118
1172
1147
1141
1112
1162
1129
1128
1149
1108
1118
1181
1030
1131
1040
1195
1212
1185
1138
1079
1157
1087
1057
1104
1093
1125
1141
1127
1097
1037
1070
1101
1132
1331
1118
1473
1188
1190
1142
1528
1145
1200
1166
1151
1090
1430
1090
1042
1103
1151
1137
1065
1304
1197
1180
1152
1476
1121
1123
1187
1119
1048
1104
1146
1069
1138
1079
1033
1078
1033
1087
1027
1052
1031
1055
1051
1187
1115
1067
1109
1049
1076
1108
1020
1043
1044
1066
1268
1078
1037
1068
1015
1138
1035
1033
1079
982
1154
1071
1076
1083
1048
1242
1116
1131
1073
1111
1051
1212
1091
1121
1609
1132
1086
1113
1072
1019
1089
1291
1096
1062
1050
1048
1011
1123
1067
1052
1073
1055
1067
1055
1056
1056
1031
988
1092
1081
1047
1054
1049
1040
1074
1025
1023
1022
1040
1063
1027
957
1012
1061
1114
1101
1110
1188
1065
1122
1047
1059
1176
1062
1104
1093
1065
1154
1080
1109
1100
1080
1098
1125
1070
1121
1028
1148
2504
1151
1149
1121
1118
1071
1221
1133
1440
1073
1062
1091
983
1065
1151
1005
1077
1187
1128
1083
1026
1036
1100
1052
1001
1033
1022
1039
1052
1109
1070
1135
1144
1118
1045
1076
1087
1069
1048
1050
1077
966
1013
1028
1063
992
1066
1016
1102
1150
1064
1026
957
1083
1076
1113
1186
1081
1015
1126
1090
1076
1108
1057
1069
1059
1091
1134
1221
1098
1100
1062
1077
1087
1091
1116
1107
1074
1136
1085
1081
1099
1069
1032
987
1030
1017
1122
1029
1057
1063
1043
1047
999
1022
1036
1032
1018
1033
1065
1050
1008
994
1041
1053
1092
1050
1078
1037
1045
1057
1065
1107
1080
1080
1138
1087
1081
1017
1081
1062
1098
1047
946
990
988
1004
1016
1039
996
1098
1065
1151
1083
1033
1078
1021
1042
1120
1059
1044
1044
1031
1031
1064
1097
1056
1079
989
1035
1140
1135
1339
1003
1034
1124
1075
1018
1033
1039
1098
1040
1056
970
1045
1076
1084
1049
981
1029
1063
1271
1080
1007
1028
1089
1046
1012
1016
1024
1012
976
974
978
1003
1058
1098
1069
1028
1030
1007
1030
1089
1059
1037
1049
966
1046
1025
1164
1034
1076
1052
1080
1311
1038
1013
1046
1037
1085
1054
999
1011
1004
1042
1008
994
994
965
923
975
978
1039
1135
1104
1148
1120
1111
1083
1087
1066
1011
1035
998
998
1070
1049
1075
964
1025
1388
1022
998
1107
1029
975
1053
1005
1076
1052
991
1009
1008
1029
1060
1090
1124
1113
1070
982
998
1061
1059
1064
1080
1080
1074
1058
1017
960
1004
964
1021
664
574
616
652
486
610
488
516
393
399
395
371
517
326
330
334
491
411
384
443
616
340
407
334
369
361
316
341
353
456
371
331
400
349
322
352
477
345
412
352
342
343
387
322
399
342
418
317
349
403
475
394
386
373
429
596
387
322
320
447
367
363
358
327
534
391
348
348
330
352
305
295
329
374
391
352
346
328
359
848
644
611
667
588
500
602
410
437
462
431
461
386
575
356
413
360
461
340
418
530
465
456
408
351
335
303
446
361
355
418
410
556
432
351
369
390
359
379
428
318
350
392
447
322
382
390
394
389
322
473
397
365
348
344
478
338
555
363
407
316
361
358
452
342
426
331
432
433
350
362
340
420
360
405
432
393
332
325
425
395
421
356
458
350
345
363
313
352
354
340
425
542
294
347
433
339
315
488
445
616
394
348
418
323
434
416
459
320
339
430
367
328
405
342
401
394
376
350
380
459
355
473
465
493
366
342
434
347
336
481
425
422
320
375
389
419
451
357
365
341
328
336
388
378
351
420
338
366
322
343
358
404
359
371
359
325
352
367
394
437
312
358
382
398
311
349
399
368
382
365
357
514
423
378
335
386
408
354
353
314
398
399
384
376
393
369
359
333
368
364
363
341
373
360
335
308
386
357
352
465
413
443
469
620
412
480
666
364
420
562
409
377
316
290
441
425
320
319
319
401
359
381
344
342
375
457
588
335
329
407
326
375
372
350
385
362
324
480
502
377
354
364
403
422
363
345
351
320
311
326
392
395
325
362
355
358
384
343
350
369
320
346
323
378
497
487
660
333
512
356
761
381
374
356
376
329
405
435
367
390
380
446
393
338
351
363
381
379
337
363
424
319
366
369
420
437
353
344
454
335
352
357
387
335
520
376
477
363
583
401
650
395
320
354
735
351
409
326
3860
343
353
490
363
580
392
392
930
368
351
305
430
348
369
332
413
356
409
391
850
400
376
312
426
371
332
379
439
346
370
365
388
379
368
799
349
348
367
338
342
329
377
525
381
337
324
363
358
335
411
351
398
313
364
327
344
354
385
350
368
351
346
368
394
371
416
353
318
349
316
394
366
370
362
382
390
354
345
382
322
484
354
423
369
337
452
396
302
334
358
357
387
358
332
384
343
387
439
340
365
338
414
545
593
398
352
482
436
1213
837
657
624
455
423
393
469
613
404
492
464
387
516
462
462
372
317
440
326
328
492
449
336
347
320
417
464
387
327
409
360
407
461
596
412
304
389
431
323
349
452
422
390
326
421
404
369
327
338
590
301
335
311
411
394
331
350
404
397
297
379
491
401
344
348
405
340
348
351
363
350
365
378
396
384
361
349
384
332
337
359
533
380
326
328
400
357
392
350
474
352
365
378
549
330
334
546
520
367
372
352
506
354
796
379
480
358
330
331
470
315
346
647
1133
382
894
443
1187
355
391
375
350
338
348
342
487
377
353
375
420
354
377
367
385
346
359
359
399
318
340
354
449
348
349
373
388
358
551
347
357
366
376
351
384
450
395
430
369
451
343
367
398
372
1196
833
783
552
451
393
595
375
363
360
465
326
380
314
420
565
502
345
371
318
362
329
514
361
315
441
515
402
336
327
398
388
488
405
349
368
324
349
323
316
567
387
310
383
330
358
399
365
367
438
350
370
560
921
393
639
344
364
343
337
519
375
514
301
401
349
558
335
404
352
367
364
341
367
396
399
388
413
344
494
339
324
332
340
350
445
341
340
348
409
356
373
357
431
343
329
369
370
400
376
340
487
