1851066
37827
47205
38097
73575
74865
39827
82618
38807
39644
80505
39581
39038
38104
101682
39161
46694
36777
33707
33997
33624
33117
40330
43075
43338
40218
49987
37227
89685
35434
27550
30831
29124
30424
29507
30711
28527
47361
33228
32331
30281
32871
27281
29055
30904
33537
29447
34534
26801
47111
29507
16605
14191
15246
20420
10712
13628
14461
14338
11469
14452
12365
13130
12562
10439
10715
10205
10195
10636
10836
12552
11092
16276
12095
10886
15694
13542
14798
12561
10954
10818
9984
12223
24035
9749
9931
9964
9741
10393
9848
13229
10147
10798
13225
10885
23976
9937
10272
9910
16105
11716
12677
11200
10585
10307
9930
72153
14477
25269
2393
2341
2357
2468
2573
2265
2313
2332
2421
2645
2326
2347
2108
2361
2467
2306
2417
2377
2237
2365
2275
2366
2184
2172
2326
2625
2614
2355
3584
2504
2843
3078
2320
19321
3312
2608
2775
2620
2557
3777
3151
2624
2884
2591
2884
2510
2652
14359
2652
2971
2542
2706
2472
2484
3153
2526
2630
2632
2595
2789
2606
2715
3030
2579
2529
2565
2468
2553
2602
2818
2624
2580
2533
2478
2786
2475
2515
2620
8377
2826
2528
2578
2596
2589
2580
2604
2474
2496
2612
2575
2490
2716
2605
2640
2603
2546
2715
2630
2528
4163
2514
6047
6683
6720
6663
6653
6127
6357
6347
6570
6413
6651
5913
6173
6470
6284
6537
6364
6117
6313
6654
6550
6266
6270
6457
6087
6487
6097
6830
6264
8650
6617
6690
6533
6787
6494
6297
6220
6200
6257
6360
6540
6503
6683
6276
27254
8187
90305
55227
5244
4660
4690
5317
4760
5067
4636
5163
5214
5060
4994
4743
5290
4841
5353
4877
5057
4633
4713
5300
4883
23977
6660
5247
4997
6916
5010
4640
4600
4740
4864
4680
4666
5097
4864
4934
4763
4937
4610
5237
5044
4593
4734
4760
5140
4836
4974
4594
5633
4880
5014
4897
5357
4940
5067
5347
4917
4664
4897
5173
4910
5083
5307
6547
5863
17040
4917
5613
5214
5107
5050
4923
5073
4910
5384
4633
4777
4576
4813
4974
5303
4897
4991
4896
4997
5006
4833
4677
4720
4756
4883
4663
5474
5080
4896
4810
2374
2245
1966
2059
2032
2001
2487
1870
2069
1894
2157
2309
1930
1870
1828
2072
2460
13443
1959
1929
2104
2434
2247
1968
1950
2005
3649
1940
1902
2117
2080
2209
2122
1905
2022
2023
1943
1974
1961
1947
1854
1903
1828
2008
2029
2188
1871
1895
1948
2009
2030
1853
1841
1852
1940
1958
1925
1989
1918
1982
1923
1979
1918
1891
2032
1879
2123
3038
2053
1811
1946
1820
2031
2112
1920
1967
1908
1849
2037
2000
1943
2009
2017
1983
1990
1971
1995
1806
1789
1774
2030
1973
1961
1798
2047
2041
1987
2008
1989
2028
1965
1958
1960
2028
2050
2020
2060
2014
2070
40322
2205
2023
2078
2054
1835
2107
2181
1994
2054
2262
18918
2291
2292
2051
2077
1950
1983
2079
2047
1986
1981
1936
1908
1894
1987
1963
1996
2047
1982
2037
2004
1981
2045
2045
1982
2470
1883
2081
1983
1920
1828
1982
2043
2027
2212
2158
2072
2158
2126
2024
2660
2057
2073
1829
2007
2026
2130
2023
2054
1908
2098
2085
2009
2044
2144
1975
2024
1997
2114
2086
2092
2267
2661
2103
2213
1980
2034
1968
2693
2176
2040
2070
2072
2136
2069
2013
2088
2149
2118
2030
2174
126599
3006
2258
21548
13152
1161
1121
1177
1141
1196
1280
1187
1245
1124
1148
1203
1226
2344
1163
1138
1167
1194
1269
1197
1044
1096
1135
1117
1140
1181
1203
1096
2130
1172
1092
1117
1160
1130
1111
1186
1126
1140
1202
1174
1127
1135
1210
1103
1135
1259
1205
1181
1227
1232
1165
1154
1100
1169
1145
1136
1162
1190
1203
1081
1155
1303
1122
1137
1197
1214
1258
1139
1224
1178
1209
1237
1279
1166
1153
1131
1153
1205
1532
1164
1169
1381
1126
1194
1118
1205
1114
1176
1192
1126
1130
1277
1210
1222
1276
1189
1239
1269
1200
1124
1127
1086
1130
1174
1188
1150
1143
1145
1208
1173
1210
1146
1161
1171
1117
1148
1115
1100
1176
1166
1129
1144
1200
1156
1160
1181
1188
1135
1168
1174
1136
1178
1196
1204
1236
1180
1156
1133
1149
1228
1399
1176
1202
1194
1108
1213
1117
1163
1430
1237
1159
1235
1178
1139
1165
1199
1203
1231
1239
1123
1264
1334
1215
1155
1244
1305
1176
1203
1342
1198
1234
1292
1280
1229
1591
1200
1166
1189
1259
1237
1259
1200
1210
1206
1171
1121
1264
1459
1178
1199
1195
1136
1182
1176
1238
1257
1137
1210
1147
1165
1132
1157
1045
1163
1168
1140
1123
1275
1172
1219
1262
1195
1231
1195
1167
1120
1289
1282
1415
1343
1293
1251
1124
1357
1679
1186
1314
1381
1246
1371
1255
1272
1187
1181
1613
1316
1623
1482
1295
1225
1225
1186
1153
1244
1195
1149
1168
1087
1209
1228
1239
1111
1074
1195
1099
1212
1264
1233
1197
1093
1173
1646
1550
1188
1204
1145
1440
1360
1245
1109
1199
1113
1184
1233
1191
1172
1176
1125
1117
1261
1229
1182
1098
1187
1170
1331
1136
1206
1188
1216
1205
1162
1195
1137
1211
1214
1199
1206
1187
1344
1203
1263
1240
1218
1196
1229
1218
1122
1227
1210
1228
1129
1174
1465
1417
1568
1397
1342
1714
1701
1250
1584
1364
1210
1195
1213
1193
1142
1418
1269
1272
1238
1081
1244
1267
1118
1220
1170
1204
1120
1204
1148
1231
1194
1164
1252
1142
1142
1219
1165
1226
1220
1119
1318
1115
1111
1156
1108
1212
1171
1174
1142
1186
1252
1124
1458
1115
1166
1197
1243
1198
1175
1328
1163
1160
1592
1212
1180
1181
1360
1133
1185
1144
1097
1142
1070
1164
1159
1116
1157
1154
1225
1109
1118
1169
1164
1177
1143
1195
1169
1120
1145
1063
1098
1200
1060
1157
1096
1137
1255
1136
1130
1078
1041
1066
1174
1010
1193
1136
1151
1148
1144
1055
1176
1155
1147
1166
1141
1094
1115
1103
1144
1131
1194
1188
1208
1148
1151
1131
1117
1110
1111
1122
1110
1031
1057
1233
1229
1181
1247
1234
1195
1238
1224
1163
1092
1073
1111
1079
1120
1142
1214
1223
1266
1178
1198
1395
1160
1217
1273
1188
1191
1216
1221
1195
1199
1128
1216
1219
1177
1192
1172
1222
1184
1216
1203
1177
1327
1154
1151
1129
1205
1230
1165
1188
1102
1169
1218
1220
1233
1192
1118
1167
1184
1299
1160
1188
1458
1236
1212
1192
1196
1152
1157
1285
1244
1154
1174
1232
1176
1163
1162
1264
1184
1192
1212
1242
1196
1081
1161
1212
1185
1282
1255
1194
1190
1139
1184
1178
1160
1144
1136
1180
1188
1232
1186
1223
1257
1195
1198
1254
1242
1430
1217
1654
1212
1194
1291
1524
1223
1285
1209
1487
1288
1208
1350
1217
1239
1285
1258
1170
1192
1245
1200
1142
1177
1392
1234
1274
1220
1203
1231
1173
1290
1131
1179
1161
1165
1182
1181
1204
1199
1109
1183
1134
1227
1262
1232
1220
1153
1058
1181
1255
1357
1548
1119
1057
1290
1119
1179
1195
1168
1119
1154
1199
1221
1167
1265
1226
1190
1223
1254
1162
1230
1216
1194
1269
1217
1234
1212
1171
1173
1240
1201
1217
1575
1168
1218
1366
1241
1437
1172
1318
1216
1199
1200
1209
1172
1197
1195
1163
1274
1233
1230
1294
1158
1246
1229
1165
1222
1252
1234
1498
1233
1325
1240
1161
1198
1270
1244
1243
1154
1488
1309
1542
1308
1265
1215
1245
1220
1468
1278
1224
1295
1307
1435
1237
1230
1248
1857
1285
1199
1180
1236
1197
1202
1278
1161
1153
1195
1138
1291
1258
1175
1205
1196
1187
1179
1235
1232
1398
1178
1261
1191
1183
1226
1200
1192
1208
1205
1535
1225
1153
1253
1165
1155
1144
1177
1236
1237
1212
1455
1280
1231
1156
1260
1222
1157
1143
1189
1137
1169
1198
1230
1159
1164
1250
1167
1120
1202
1231
1172
1199
1197
1189
1171
1204
1171
1182
1160
1193
1167
1141
1140
1157
1269
1134
1218
1216
1279
1257
1245
1206
1256
1200
1127
1145
1280
1165
1170
1162
1265
1225
1222
1233
1176
1221
1254
1162
1283
1238
1107
1142
1261
1252
1296
1229
1177
1208
1216
1233
1207
1257
1245
1200
1194
1457
1264
1263
1188
1272
1245
1203
1217
1215
1253
1263
1161
1625
1608
1243
1267
1284
1298
1268
1226
1411
1220
1234
1249
1171
1211
1235
1446
1269
1292
1179
1253
1205
1208
1200
1356
1207
1204
1126
1205
1209
1219
1232
1186
1185
1215
1181
1214
1199
1259
1240
1241
1468
1242
1244
1247
1196
1201
1162
1353
1172
1282
1534
1188
1241
1273
1205
1577
1246
1239
1467
1371
1245
1588
1509
1550
1663
1241
1315
1339
1201
1181
1328
1175
1205
1196
1301
1287
1514
1381
1297
1123
1667
1228
1247
1176
1299
1234
1287
1313
1317
1751
1442
1452
1268
1192
1221
1257
1237
1266
1525
1221
1457
1217
1196
1172
1211
1162
1136
1156
1156
1226
1320
1239
1202
1225
1184
1236
1323
1112
1175
1240
1202
1541
1218
1197
1265
1295
1178
1256
1224
1210
1191
1239
1238
1269
1267
1175
1204
1152
1219
1623
1250
1280
1241
1156
1522
1215
1319
1435
1159
1328
1203
1190
1171
1259
1247
1203
1143
1234
1123
1337
1157
1293
1197
1196
1192
1186
1224
1212
1169
1226
1184
1201
1262
1256
1101
1196
1222
1238
1193
1132
1231
1145
1191
1176
1133
1209
1238
1177
1230
1165
1182
1176
1180
1171
1176
1240
1203
1138
1279
1172
1238
1247
1150
1234
1247
1204
1220
1189
1226
1225
1224
1286
1172
1195
1197
1259
1189
1257
1192
1171
1177
1140
1226
1238
1315
1212
1330
1186
1254
1194
1185
1136
1196
1264
1237
1236
1261
1249
1343
1212
1185
1188
1255
1554
1572
1194
1219
1212
1272
1123
1207
1197
1171
1294
1150
1168
1218
1249
1213
1196
1270
1432
1154
1166
1124
1252
1155
1105
1148
1220
1184
1141
1255
1197
1276
1138
1384
1322
1204
1221
1233
1201
1216
1254
1217
1269
1272
1279
1172
1186
1157
1224
1107
1132
1169
1140
1147
1189
1207
1206
1395
1249
1240
1287
1257
1215
1255
1195
1148
1203
1240
1161
1231
1179
1186
1174
1211
1211
1214
1201
1231
1354
1198
1235
1229
1244
1495
1590
1300
1313
1360
1306
1471
1271
1228
1330
1163
1396
1226
1421
1207
1218
1320
1247
1207
1141
1216
1216
1191
1341
1302
1567
1234
1373
1313
1230
1207
1215
1237
1277
1187
1189
1222
1224
1217
1158
1257
1440
1252
1148
1169
1546
1251
1257
1264
1542
1281
1687
1271
1562
1490
1716
1162
1440
1412
1239
1373
1243
1193
1281
1293
1257
1359
1257
1331
1403
1377
1591
1328
1642
1461
1237
1237
1476
1261
1311
1194
1276
1315
1208
1350
1476
1228
1300
1359
1469
1492
1951
1488
1729
1443
1676
1405
1542
1227
1260
1290
1303
1369
1205
1160
1323
1466
1513
1927
1470
1508
1476
1836
1664
1459
1326
1232
1251
1480
1280
1245
1569
1426
1208
1397
1544
1349
1262
1505
1600
1440
1497
1434
1703
1351
1651
1414
1689
1750
1455
1386
1152
1378
1230
1312
1282
1400
1422
1242
1466
1422
1596
1259
1574
1461
1284
1342
1192
1337
2463
1232
1361
1322
1177
1247
1224
1543
1378
1290
1308
1418
1581
1516
1595
1667
1296
1331
1478
1660
1382
1492
1500
1471
1760
1657
1655
1566
1324
1390
1168
1364
1525
1550
1471
1494
1434
1841
1480
1624
1275
1403
1263
1320
1457
1288
1184
1216
1371
1153
1160
1291
1240
1298
1259
1393
1373
1220
1368
1229
1080
1457
1228
1439
1599
1436
1603
1964
1945
1953
2126
1488
1425
1520
1091
1413
1139
1328
1774
1745
1556
1748
1827
1520
1186
1378
1374
1778
1902
1502
1361
1242
1206
1266
1302
1494
1251
1245
1159
1362
1172
1280
1189
1183
1335
1231
1296
1220
1421
1196
1164
1241
1183
1437
1434
1158
1291
1358
1461
1256
1337
1601
1642
1267
1476
1241
1275
1284
1385
1438
1231
1231
1253
1320
1253
1705
1347
1302
1351
1252
1302
1251
1276
1232
1442
1438
1227
1244
1312
1332
1385
1301
1147
1299
1184
1484
1209
1254
1182
1251
1196
1374
1479
1254
1192
1162
1192
1380
1180
1238
1277
1282
1526
1307
1224
1288
1224
1401
1250
1410
1525
1454
1507
1370
1202
1275
1278
1378
1257
1305
1438
1193
1508
1328
1354
1368
1348
1670
1647
1318
1930
1800
1818
1698
1418
1441
1441
1240
1433
1350
1971
1560
1569
1262
1587
1338
1558
1379
1742
1531
1439
1379
1446
1503
1360
1572
1296
1230
1220
1229
1309
1297
1264
1324
1196
1318
1608
1590
1646
1451
1409
1382
1251
1286
1393
1463
1153
1320
1296
1229
1290
1338
1744
1338
1560
1448
1449
1300
1549
1407
1298
1420
1232
1415
1164
1560
1334
1696
1605
1785
1275
1413
1496
1283
1981
1218
1430
1422
1257
1317
1207
1186
1235
1221
1297
1302
1160
1189
1294
1288
1344
1348
1199
1208
1355
1451
1365
1313
1650
1142
1508
1198
1261
1198
1195
1264
1159
1240
1151
1211
1289
1215
1262
1220
1210
1222
1182
1273
1201
1242
1138
1201
1159
1193
1191
1240
1249
1202
1205
1201
1250
1195
1150
1240
1172
1220
1194
1242
1244
1186
1195
1216
1341
1223
1236
1281
1246
1241
1179
1209
1134
1225
1170
1262
1198
1325
1200
1192
1293
1142
1168
1152
1203
1176
1205
1168
1134
1185
1181
1160
1148
1111
1168
1175
1188
1213
1204
1166
1170
1164
1242
1159
1251
1209
1160
1215
1170
1204
1206
1223
1233
1192
1219
1224
1215
1198
1270
1156
1202
1188
1123
1193
1237
1120
1159
1117
2508
1150
1254
1173
1121
1137
1135
1189
1161
1207
1175
1197
1176
1192
1183
1199
1237
1202
1265
1284
1199
1257
1203
1230
1187
1284
1251
1247
1220
1212
1285
1527
1186
1259
1242
1204
1550
1386
1177
1235
1162
1143
1264
1219
1365
1235
1244
1246
1226
1156
1189
1254
1222
1251
1257
1153
1179
1202
1256
1197
1188
1208
1181
1189
1210
1290
1156
1224
1230
1176
1187
1224
1213
1227
1167
1192
1170
1132
1180
1356
1272
1174
1239
1204
1204
1219
1160
1195
1155
1250
1183
1194
1144
1193
1208
1166
1159
1130
1236
1157
1219
1096
1228
1197
1188
1167
1172
1255
1193
1142
1192
1211
1167
1192
1193
1361
1315
1179
1133
1154
1182
1210
1239
1823
1194
1233
1224
1149
1243
1224
1244
1222
1207
1288
1478
1190
1275
1248
1187
1164
1159
1172
1212
1216
1243
1196
1139
1160
1222
1155
1488
1290
1171
1158
1223
1276
1178
1231
1190
1168
1228
1165
1113
1210
1200
1222
1138
1176
1150
1161
1150
1212
1207
1190
1230
1195
1223
1268
1197
1202
1158
1170
1149
1207
1209
1202
1122
1232
1207
1215
1161
1175
1189
1244
1191
1203
1213
1166
1223
1156
1190
21835
1499
1395
1279
1167
1155
1226
1278
1246
1148
1164
1211
1193
1265
1261
1273
1254
1258
1251
1231
1233
1211
1194
1229
1232
1241
1300
1238
1199
1264
1217
1303
1338
1279
1391
1293
1185
1238
1199
1205
1212
1235
1234
1188
1156
1116
1186
1269
1241
1164
1290
1229
1180
1232
1191
1166
1176
1241
1169
1196
1182
1232
1193
1180
1251
1190
1133
1238
1165
1226
1154
1248
1233
1196
1172
1229
1184
1214
1181
1161
1191
1225
1194
1129
1166
1168
1215
1208
1142
1264
1186
1206
1236
1222
1154
1201
1187
1247
1281
1193
1174
1217
1232
1225
1192
1131
1171
1167
2053
1172
1213
1271
1173
1186
1202
1142
1249
1167
1212
1215
1218
1228
1283
1227
1200
1197
1172
1187
1192
1224
1815
1194
1223
1240
1218
1194
1219
1188
1197
1201
1235
1198
1264
1220
1177
1236
1240
1157
1216
1173
1240
1173
1210
1188
1213
1165
1254
1183
1231
1225
1203
1180
1229
1156
2067
1225
1161
1199
1138
1193
1135
1221
1206
1255
1138
1160
1240
1250
1229
1230
1211
1233
1177
1288
1233
1282
1237
1204
1244
1204
1249
1231
1230
1452
1213
1230
1206
1293
1459
1255
1261
1209
1232
1355
1251
1306
1280
1248
1297
1222
1242
1234
1263
1492
1366
1238
1211
1282
1305
1162
1274
1184
1200
1273
1213
1198
1258
1251
1364
1248
1257
1170
1167
1285
1156
1238
1183
1179
1437
1186
1194
1221
1206
1413
1192
1209
1155
1188
1445
1180
1125
1172
1177
1233
1144
1159
1176
1175
1321
1160
1109
1197
1123
1440
1244
1179
1177
1161
1420
1174
1181
1368
1199
1295
1250
1176
1184
1194
1211
1194
1212
1152
1184
1416
1207
1207
1221
1202
1392
1138
1194
1164
1218
1403
1189
1139
1197
1226
1215
1133
1211
1182
1269
1211
1251
1188
1181
1246
1228
1207
1129
1147
1182
1207
1158
1186
1132
1255
1146
1236
1221
1204
1214
1236
1192
1190
1190
1200
1149
1209
1177
1197
1183
1250
1218
1231
1238
1207
1246
1178
1217
1176
1157
1181
1163
1162
1209
1125
1181
1193
1190
1163
1279
1194
1205
1212
1254
1156
1259
1147
1184
1195
1182
1207
1205
1155
1163
1166
1222
1199
1181
1211
1222
1190
1157
1232
1113
1117
1150
1190
1169
1214
1223
1213
1179
1192
1189
1217
1460
1277
1195
1207
1183
1134
1150
1158
1245
1253
1156
1182
1204
1171
1271
1221
1208
1231
1146
1201
1134
1209
1156
1216
1222
1172
1141
1155
1389
1211
1180
1218
1229
1231
1200
1202
1143
1270
1209
1233
1213
1178
1214
1180
1201
1182
1182
1192
1234
1060
1067
1207
1221
1195
1184
1265
1198
1157
1177
1111
1203
1159
1276
1258
1215
1234
1235
1165
1240
1138
1211
1186
1176
1163
1238
1178
1220
1228
1255
1196
1205
1451
1237
1187
1195
1258
1281
1172
1212
1162
1203
1153
1203
1405
1202
1164
1201
1207
1218
1173
1277
1245
1202
1229
1241
1219
1259
1157
1223
1198
1194
1177
1215
1149
1215
1155
1248
1176
1429
1177
1174
1170
1150
1169
1243
1238
1175
1234
1205
1197
1179
1252
1214
1177
1171
1222
1194
1199
1148
1184
1167
1184
1201
1185
1198
1197
1168
1258
1179
1206
1209
1211
1202
1204
1185
1244
1183
1228
1162
1176
1162
1229
1199
1212
1183
1210
1168
1187
1132
1176
1307
1198
1205
1099
1123
1220
1166
1274
1289
1246
1390
1244
1206
1242
1280
1202
1244
1241
1232
1245
1202
1153
1226
1252
1400
1201
1238
1237
1228
1336
1224
1181
1221
1230
1250
1352
1227
1209
1214
1171
1263
1281
1316
1257
1257
1181
1248
1259
1188
1247
1546
1228
1229
1196
1266
1199
1219
1238
1257
1203
1296
1235
1252
1268
1188
1282
1214
1280
1795
1501
1604
1672
1502
1441
1255
1676
1529
1244
1216
1267
1259
1238
1208
1150
1171
1175
1195
1226
1484
1177
1191
1458
1402
1508
1615
1313
1542
1656
1458
1482
1708
1257
1511
1578
1501
1673
1533
1642
1260
1989
1556
1470
1533
1562
1586
1378
1280
1221
1239
1258
1352
1869
1270
1260
1211
1217
1198
1206
1212
1219
1266
1250
1173
1216
1193
1196
1275
1223
1175
1250
1220
1268
1252
1176
1167
1135
1190
1226
1209
1190
1163
1231
1180
1256
1253
1206
1194
1249
1188
1236
1227
1228
1191
1219
1249
1215
1245
1196
1173
1222
1225
1223
1240
1215
1252
1194
1238
1195
1232
1185
1221
1280
1195
1197
1194
1172
1224
1181
1180
1204
1186
1182
1255
1230
1204
1218
1165
1170
1183
1163
1323
1241
1180
1220
1241
1219
1209
1207
1178
1289
1197
1216
1207
1545
1262
1357
1230
1204
1226
1234
1325
1234
1302
1247
1235
1206
1262
1273
1297
1270
1250
1345
1261
1234
1314
1279
1299
6164
1240
1274
1242
1245
1298
1302
1227
1268
1248
1246
1284
1303
1284
1295
1314
1290
1317
1263
1258
1303
1302
1240
1269
1314
1587
1270
1289
1268
1269
1297
1270
1282
1258
1511
1267
1299
1328
1271
1257
1289
1250
1301
1287
1294
1477
1289
1220
1280
1285
1342
1281
1276
1269
1297
1209
1252
1370
1353
1300
1401
1260
1350
1298
1332
1329
1402
1340
1301
1368
1270
1312
1305
1325
1378
1299
1321
1312
1274
1403
1415
1296
1255
1311
1284
1348
1271
1383
1318
1331
1295
1321
1335
1271
1378
1500
1307
1300
1421
1346
1385
1407
1343
1309
1392
1327
1361
1341
1730
1342
1317
1335
1310
1374
1405
1305
20863
1293
1367
1313
1344
1329
1382
1314
1495
1313
1310
1294
1327
1250
1454
1368
1432
1336
1310
1393
1351
1349
1314
1300
1246
1322
1302
1255
1282
1311
1296
1368
1314
1299
1316
1388
1257
1367
2033
1764
1649
1678
1317
1400
1456
1436
1704
2152
1359
1424
1338
1504
1453
1272
1283
1600
1679
1510
1399
1485
1337
1615
1448
1526
1376
1834
1315
2177
1700
1541
1442
1589
1295
1616
1307
1333
1326
1567
1302
1271
1355
1310
1278
1278
1693
1480
1380
1610
1595
1329
1638
1393
1483
1333
1404
1440
1515
1445
1313
1295
1295
1231
1265
1285
1349
1283
1261
1249
1247
1279
1270
1218
1304
1284
1310
1296
1255
1319
1280
1288
1331
2080
1291
1588
1260
1277
1431
1325
1640
1581
1687
1353
1462
1322
1275
1301
1297
1279
1271
1259
1594
1244
1411
1283
1256
1281
1358
1265
1688
1164
1591
1456
1291
1254
1310
1252
1633
1448
1295
1286
1322
1269
1251
1253
1633
1326
1286
1308
1279
1310
1577
1248
1283
1323
1236
1257
1403
1354
1248
1282
1243
1277
1328
1306
1302
1622
1274
1209
1265
1211
1280
5141
1260
1256
1270
1224
1268
1231
1244
1279
1239
1267
1235
1284
1664
1285
1316
1263
1342
1420
1291
1258
1263
1239
1270
1290
1326
1257
1622
1500
1310
1508
1264
1234
1292
1426
1328
1262
1307
1424
1258
1205
1241
1237
1698
1306
1237
1213
1240
1287
1252
1262
1262
1295
1258
1297
1260
1258
1525
1383
1277
1282
1273
1297
1521
1305
1243
1292
1245
1423
1265
1240
1263
1282
1439
1260
1262
1197
1284
1681
1250
1212
1216
1201
1317
1289
1287
1182
1480
1313
1293
1260
1275
1266
1390
1206
1237
1306
1286
1317
1256
1319
1250
1282
1270
1269
1252
1255
1261
1398
1263
1291
1251
1278
1332
1253
1273
1241
1280
1483
1233
1321
1286
1240
1252
1429
1282
1280
1314
1271
1300
1264
1253
1225
1251
1253
1219
1296
1267
1326
1287
1249
1319
1247
1258
1264
1232
1262
1301
1224
1247
1329
1254
1257
1270
1262
1304
1269
1251
1272
1231
1385
1263
1260
1236
1230
1383
1242
1240
1231
1283
1271
1272
1231
1307
1258
1269
1252
1278
1305
1258
1292
1254
1685
1278
1467
1275
1268
1362
1388
1243
1345
1219
1267
1205
1283
1246
1193
1280
1318
1281
1227
1213
1219
1280
1137
1183
1168
1327
1147
1235
1207
1265
1273
1224
1269
1218
1286
1230
1197
1223
1294
1289
1261
1212
1243
1259
1197
1273
1319
1297
1207
1394
1252
1275
1275
1280
1271
1268
1301
1265
1294
1254
1286
1243
1277
1253
1269
1234
1257
1292
1277
1262
1362
1223
1232
1323
1252
1289
1330
1351
1218
1255
1239
1282
1248
1303
1281
1201
1272
1197
1266
1226
1261
1244
1256
1285
1262
1235
1266
1271
1240
1253
1237
1250
1264
1248
1271
1291
1249
1207
1237
1251
1250
1271
1338
1298
1269
1278
1272
1244
1246
1215
1213
1285
1269
1264
1276
1276
1266
1294
1207
1282
1257
1246
1266
1273
1301
1190
1264
1209
1272
1258
1267
1244
1291
1219
1218
1285
1246
1268
1280
1254
1189
1236
1189
1272
1205
1243
1223
1214
1269
1243
1258
1213
1273
1274
1225
1254
1297
1254
1233
1269
1222
1251
1212
1266
1261
1212
1265
1254
1279
1250
1274
1212
1285
1236
1268
1173
1205
1233
1256
1276
1293
1261
1260
1303
1258
1274
1321
1273
1285
1229
1309
1310
1312
1319
1207
1401
1234
1232
1273
1273
1262
1255
1253
1258
1230
1251
1271
1222
1267
1215
1283
1265
1358
1298
1322
1654
1273
1298
1230
1300
1325
1315
1268
1226
1286
1365
1262
1252
1255
1284
1270
1258
1251
1236
1251
1228
1246
1293
1295
1281
1276
1258
1274
1218
1253
1322
1261
1309
1230
1261
1140
1296
1264
1299
1257
1259
1271
1232
1310
1243
1313
1344
1289
1339
1252
1247
1240
1267
1269
1300
1305
1265
1295
1643
1276
1304
1252
1556
1271
1274
1292
1264
1279
1324
1299
1268
1312
1322
1324
1283
1262
1300
1265
1279
1290
1623
1325
1286
1249
1330
1280
1269
1586
1270
3858
1339
1288
1238
1274
1259
1249
1288
1238
1285
1524
1270
1318
1217
1606
1298
1299
1258
1331
1263
1296
1264
1305
1312
1306
1243
1253
1346
1226
1296
1313
1286
1256
1239
1275
1279
1642
1336
1227
1221
1171
1171
1224
1142
1436
1326
1289
1284
1257
1603
1353
1324
1785
1719
1543
1610
1688
1698
1519
1335
1284
1331
1243
1268
1280
1217
1290
1256
1239
1257
1252
1278
1528
1268
1271
1302
1314
1280
1272
1303
1302
1232
1305
1282
1248
1261
1268
1251
1285
1278
1280
1217
1246
1334
1288
1204
1544
1296
1266
1240
1271
1256
1656
1292
1240
1291
1263
1300
1246
1228
1269
1212
1261
1616
1241
1225
1275
1216
1239
1224
1272
1258
1236
1254
1222
1269
1291
1286
1272
1301
1231
1255
1287
1206
1304
1281
1271
1566
1189
1326
1279
1332
1243
1249
1274
1276
1276
1273
1241
1235
1281
1284
1206
1246
1274
1267
1252
1256
1246
1276
1678
1256
1266
1256
1255
1248
1258
1233
1261
1245
1252
1450
1256
1281
1262
1235
1240
1301
1249
1254
1310
1245
1357
1238
1307
1266
1281
1246
1303
1232
1240
1335
1644
1321
1305
1309
1257
1285
1270
1252
1287
1227
1355
1296
2127
1354
1319
1347
1280
1266
1207
1168
1294
1224
1180
1268
1276
1613
1265
1215
1358
1256
1230
1199
1222
1267
1222
1293
1215
1247
1202
1246
1270
1232
1268
1239
1309
1644
1296
1293
1263
1228
1247
1363
1308
1369
1305
1264
1253
1293
1401
1281
1219
1238
1299
1286
1268
1238
1315
1252
1251
1266
1278
1254
1199
1701
1256
1282
1219
1259
1203
1346
1550
1290
1218
1221
1239
1253
1273
1238
1323
1216
1258
1260
1448
1293
1275
1333
1249
1273
1275
1282
1256
1279
1244
1278
1305
1299
1246
1284
1237
1288
1304
1319
1285
1215
1362
1381
1255
1245
1298
1292
1258
1271
1362
1326
1256
1281
1328
1302
1340
1291
1354
1286
1322
1270
1362
1252
1310
1296
1327
1322
1265
1324
1327
1303
1222
1263
1331
1308
1325
1292
1282
1325
1302
1301
1266
1315
1317
1259
1325
1273
1285
1661
1250
1265
1245
1376
1303
1282
1219
1276
1226
1288
1284
1263
1395
1279
1616
1266
1292
1258
1264
1290
1301
1321
1331
1248
1261
1306
1226
1246
1244
1320
1270
1308
1214
1268
1318
1274
1291
1375
1263
1226
1257
1296
1284
1203
1289
1239
1302
1239
1241
1267
1277
1284
1233
1662
1251
1283
1297
1236
1240
1239
1210
1268
1269
1232
1188
1294
1268
1270
1227
1347
1266
1228
1281
1268
1300
1260
1333
1284
1291
1240
1246
1272
1320
1274
1314
1287
1270
1267
1272
1241
1252
1246
1316
1275
1264
1277
1303
1254
1236
1299
1233
1267
1292
1296
1257
1336
1256
1285
1274
1228
1297
1293
1258
1233
1321
1279
1250
1306
1369
1244
1164
1256
1554
1223
1193
1289
1325
1230
1226
1241
1257
1230
1242
1268
1173
1266
1227
1256
1254
1233
1275
1305
1254
1251
1219
1196
1232
1239
1232
1263
1283
1264
1251
1216
1275
1164
1263
1251
1205
1232
1216
1285
1262
1283
1222
1244
1224
1206
1324
1252
1204
1291
1217
1218
1251
1206
1221
1274
1202
1187
1223
1247
1222
1209
1200
1224
1287
1166
1257
3178
1227
1239
1228
1193
1255
1238
1238
1227
1251
1253
1250
1671
1287
1224
1253
1276
1298
1268
1250
1242
1206
1311
1205
1259
1220
1244
1275
1220
1252
1240
1285
1196
1260
1271
1271
1296
1220
1233
1177
1270
1204
1248
1258
1262
1321
1231
1224
1232
1246
1226
1223
1193
1191
1258
1222
1237
1234
1166
1284
1274
1241
1199
1280
1260
1279
1246
1191
1263
1191
1262
1235
1277
1217
1231
1270
1275
1278
1260
1265
1193
1218
1246
1253
1235
1213
1286
1256
1193
1232
1209
1266
1194
1289
1270
1245
1341
1238
1262
1215
1284
1236
1241
1283
1135
1256
1233
1256
1177
1207
1263
1210
1288
1265
1255
1240
1221
1262
1245
1248
1255
1312
1274
1250
1221
1457
1257
1224
1251
1302
1245
1303
1231
1221
1261
1234
1281
1233
1283
1222
1251
1234
1216
1169
1227
1236
1263
1251
1285
1258
1241
1565
1253
1231
1286
1278
1281
1280
1225
1225
1292
1282
1282
1304
1189
1201
1223
1280
1468
1237
1244
1225
1342
1302
1243
1295
1331
1281
1282
1257
1276
1257
1275
1207
1254
1227
1292
1248
1301
1244
1276
1282
1266
3190
1252
1448
1246
1207
1210
1306
1475
1280
1243
1284
1267
1297
1285
1134
1298
1331
1238
1195
1250
1230
1266
1290
1527
1273
1245
1567
1273
1280
1250
1320
1242
1259
1245
1259
1336
1552
1328
1199
1273
1370
1150
1595
1287
1256
1237
1179
1303
1210
1286
1208
1282
1248
1205
1252
1307
1256
1221
1262
1210
1229
1276
1197
1244
1209
1199
1239
1288
1265
1421
1311
1252
1245
1264
1223
1269
1394
1263
1216
1232
1236
1269
1278
1266
1230
1297
1207
1230
1247
1227
1243
1240
1248
1264
1265
1224
1212
81639
37145
19769
7964
7715
7815
8262
7600
48334
11275
14429
2334
1979
2025
1994
2217
2068
1894
2065
2027
2088
1919
1960
1938
2094
1927
1993
2039
2036
1963
1966
1985
2007
1924
1898
1925
1899
2070
1976
2358
2469
2067
1959
2095
1954
2121
1917
2155
1922
1998
1914
2042
1919
2001
2041
2071
2026
2039
2150
2043
2169
2000
1862
2047
2080
2175
1960
2110
2063
2026
2044
2064
1959
1916
1965
1920
2074
1913
1963
1988
2055
1953
1915
1925
2006
1980
2224
1971
2002
73484
1859
2044
2077
1960
1991
2087
1968
2011
1953
2194
1945
2068
1966
1998
2208
2175
1962
2001
2093
1981
2000
2048
2018
1931
2073
1915
1994
2022
1946
2003
1920
1907
1953
2011
2409
1974
2001
2112
1954
1901
2026
1943
1954
1975
2022
1976
2012
1922
1838
2076
2003
1942
1889
2069
1935
1958
2014
2031
1891
2141
1942
2013
2082
1946
1983
1941
1939
2014
2097
2064
1905
2061
2040
2035
2955
2009
2040
2080
2182
2786
2190
2518
2023
2110
1960
2721
2022
2128
2059
2806
2206
71447
1981
2390
2038
1994
1979
1971
2028
2112
2149
1990
2120
2041
2018
2024
2178
1954
2024
1937
1956
2095
1946
2010
1849
2372
2141
2027
2200
2071
2086
2055
2120
2078
2311
2200
2128
2041
1944
1954
2011
1884
2031
2132
1835
1993
2257
1970
2059
2029
1968
1912
2183
2183
1909
2155
1977
2518
2194
1984
2040
2068
2360
2029
1948
2277
2066
2029
2129
2159
1993
1922
1954
2820
2079
2999
2050
1949
2022
2017
1945
1914
1855
2074
2019
1930
1939
1935
2119
1987
2077
1917
1994
76049
2126
2029
2094
1945
2090
2759
2620
2057
2079
2640
1970
2104
2056
1987
2135
2376
2457
1996
2063
2746
2579
2150
2138
2120
2272
2247
1935
2130
2076
2027
2038
1994
2096
2256
2024
1997
2088
2156
1956
1960
2075
2028
2067
2028
2151
2101
2071
2070
1949
2603
2619
2021
1999
2034
2086
2015
2040
1960
2040
2046
2080
2041
2111
2089
2715
2106
2142
2013
2085
1973
2071
2003
1986
2088
2012
2063
2007
2049
1973
2033
2003
2058
1926
2596
2751
2695
2248
2014
2629
2006
2029
69949
1898
1955
2357
2079
2053
2026
1979
1950
2100
2046
2013
2013
2044
2065
2036
2009
1999
2052
1968
2020
1947
2274
2007
1989
2046
2127
1931
2000
1914
2128
2014
1935
2002
1979
2011
2031
2170
1992
2110
1980
1949
1974
2212
1905
1845
2039
2031
2333
1859
1905
1973
1946
1897
2002
1947
2098
2093
1976
2053
2043
1966
1963
2030
1991
2012
1919
2227
2008
2160
2023
1889
2066
1934
2028
2043
1887
1898
1984
2095
2013
2013
1986
2329
1968
1959
1936
2015
1934
2026
1905
2254
122599
2024
2047
2092
1928
1964
21197
11690
1074
1058
1138
962
1109
1156
1103
1105
1150
1164
1366
1035
1096
1106
1422
1088
1040
1061
1320
1061
1197
1094
1133
1475
983
1147
1018
1148
1043
1048
1080
1140
1067
1042
1057
1049
1056
1027
1037
1264
1078
1127
1132
1041
1086
1033
1075
1079
1086
1040
1037
1066
1044
1045
1059
1047
1050
1046
1148
1038
1046
1041
1031
1029
1123
1121
1113
1441
1096
1114
1064
1050
1368
1286
1094
1291
1102
1022
1098
1075
1019
1069
1068
1076
1054
1045
1074
1035
1079
1111
1073
1094
1001
1076
1064
1085
1099
1079
1061
1331
1128
1073
1060
1119
1050
1055
1114
1127
1108
1185
1145
1143
1086
1086
1127
1046
1058
1271
1066
1064
1062
1015
1122
1045
1004
1059
1117
1091
1118
1070
1097
1025
1047
1071
1062
1023
1010
1045
1099
1066
1104
1227
1109
1037
1041
1024
1056
967
1004
1097
1070
1012
1327
983
1034
990
1029
1084
1050
1092
1082
1047
1083
968
1001
979
1095
1089
1068
1096
1054
987
1074
1032
1028
1026
1087
1126
1161
1102
1071
1016
1056
1057
1016
1031
1009
1057
1035
1084
1094
1129
1027
1019
1096
1071
1065
961
1067
1044
999
1080
1021
987
1058
1021
1036
1014
1070
1035
1649
1129
1123
1049
1076
1035
1282
1012
1111
1049
1059
1611
1030
1039
984
1016
1133
1068
1038
1018
1102
1200
1083
1052
1023
1102
1163
1107
1095
1288
1111
1147
971
1005
1010
1087
1084
1086
1009
1073
1092
1115
1058
1047
1044
1006
1045
1041
1061
1066
1004
1047
1037
1030
1114
1050
1073
1068
1037
1054
1054
1014
1162
1120
1426
1125
1043
1537
1345
1335
1318
1421
1257
1611
1135
1128
1323
1385
1119
1050
1093
1051
1069
1134
1411
1353
1024
1011
1099
1066
1083
1066
1104
1075
1075
1055
1108
1068
1117
1033
1080
1068
1081
1086
1192
1171
1391
1567
1527
1528
1333
1453
1107
1074
1059
1384
1118
1173
1057
1120
1103
1087
1053
1075
1049
1207
1076
1166
1122
1081
1073
1062
1199
1015
1105
1016
1089
1303
1081
1094
1136
1275
1083
1080
1141
1128
1372
1160
1149
1124
1101
1097
1113
1132
1090
1150
1184
1208
1117
1135
1304
1123
1096
1140
1086
1094
1126
1063
1127
1082
1158
1160
1159
1082
1215
1153
1171
1349
1152
1153
1137
1187
1115
1155
1145
1097
1468
1114
1143
1060
1059
1069
1149
1106
1101
1333
1112
1466
1074
1151
1189
1075
1162
1107
1167
1151
1162
1145
1179
1139
1130
1133
1121
1092
1092
1089
1178
1099
1112
1154
1031
1309
1140
1162
1115
1360
1178
1087
2392
1090
1190
1094
1140
1136
1147
1098
1164
1437
1400
1172
1122
1186
1105
1110
1041
1130
1093
998
1041
1226
1349
1275
1537
1518
1526
1257
1473
1131
1112
1039
1099
1004
1078
1057
1133
1074
1729
1125
1072
1463
1319
1188
1084
1100
1038
1154
1115
1080
1139
1065
1255
1117
1109
1246
1162
1100
1094
1050
1078
1159
1240
1086
1181
1127
1180
1126
1075
1041
1105
1055
1103
1049
1157
1155
1054
1107
1090
1054
1123
1144
1083
1122
1164
1136
1150
1080
1033
1067
1101
1110
1082
1132
1145
1118
1043
1131
1070
1023
1092
1070
1121
1114
1226
1029
1100
1129
1143
1105
1167
1160
1083
1065
1126
1143
1100
1104
1127
1249
1108
1128
1006
1100
1284
1095
1069
1191
1080
1103
1127
1151
1164
1110
1109
1103
1016
1096
1120
1085
1120
1119
1070
1142
1097
1082
1054
1154
1190
1109
1135
1071
1060
1146
1100
1060
1109
1030
1095
1041
1111
1082
1069
1133
1043
1114
1082
1077
1082
1102
1083
1126
1072
1173
1131
1207
1131
1110
1080
1090
1146
1084
1086
1173
1061
1033
1077
1107
1067
1176
1150
1080
1045
1091
1056
1098
1130
1148
2546
2703
2520
2530
2734
2576
2673
2796
2534
2627
2576
2716
2630
2586
2610
3536
2767
2666
2536
2660
2577
2693
2513
2507
2706
2650
2577
2596
2610
2517
2536
2640
2627
2687
2700
2663
3173
2656
2697
2620
2617
2686
2577
2510
2460
3013
2597
2736
2684
3547
2743
2534
2567
2507
2767
2606
2624
2676
2697
2677
2683
2540
2600
2673
2710
2657
2570
2794
3353
3023
2693
2594
2793
2557
2717
2847
2570
2720
2670
2473
2537
3333
2590
3413
2687
2687
2731
2667
2790
2700
2804
2813
2640
2741
2643
2694
2607
2647
2570
2687
2697
2574
2543
2730
2810
2580
2766
2823
2676
2724
2674
2620
3067
2783
2686
3096
2750
2726
2840
2636
2524
2690
2657
2834
2640
2594
2731
2686
2717
2707
2993
2710
2703
2710
2614
2697
1170
1089
1099
1138
1136
1102
1129
1120
1145
1111
1036
1079
1111
1068
1153
1089
1087
1088
1118
1174
1163
1063
1118
1101
1158
1021
1286
1263
1034
1043
1097
1078
1043
1198
1140
1069
1076
1111
1063
1041
1067
1108
1091
1051
1073
1046
1049
1400
1129
1036
1128
1126
1070
1045
1089
1039
1116
1155
1097
1096
1056
1107
1109
1147
1095
1120
1045
1136
1077
1026
1056
1057
1040
1156
1025
1097
1290
1118
1097
1093
1080
1240
1115
1026
1056
1027
1180
1040
1072
1117
1096
1062
1069
1083
1078
1136
1097
1086
1128
1048
1093
1328
1042
1127
1111
1073
1508
1078
1053
1073
1056
1203
1146
1341
1160
1313
1117
1090
1079
1106
1115
1262
1096
1140
1188
1191
1411
998
1084
1130
1169
1029
1063
1052
1095
1075
1143
1066
1099
1342
1059
1091
1108
1129
1113
1079
1063
1085
1246
1103
1091
1112
1031
1113
1085
1123
1149
1081
1109
1096
1046
1052
1001
1096
1083
1047
1067
1120
1036
1102
1117
1080
1107
1078
1053
1011
1099
1056
1116
1094
1117
1092
1101
1058
1095
1153
1083
1184
1092
1132
1083
1095
1060
1178
1054
1140
1078
1014
1137
1025
1148
1110
1128
1054
1113
1102
1069
1098
1112
1081
1133
1086
1159
1092
1168
1144
1141
1067
1139
1084
1133
1050
1117
1089
1104
1123
1107
1122
1140
1081
1218
1077
1140
1057
1058
1125
1089
1161
1084
1061
1089
1070
1081
1100
1115
1073
1070
1081
1045
1076
1115
1031
1096
1032
1120
1168
1117
1036
1076
1147
1131
1092
1055
1140
1213
1127
1127
1077
1139
1342
1108
1141
1118
1151
1501
1107
1098
1012
1092
1406
1046
1185
1144
1060
1480
1149
1157
1173
1068
1187
1120
1079
1110
1128
1101
1110
1010
1098
2043
1143
1073
1137
1075
1114
1036
1034
1193
1040
1150
1128
1115
1040
1054
1078
1047
1060
1079
1078
1026
1154
1087
1090
1104
1110
1172
1081
1080
1087
1065
1072
1168
1076
1097
1079
1062
1106
1115
1066
1143
1048
1071
1105
1154
1104
1108
1086
1048
1102
1053
1121
1131
1038
1337
1162
1134
1085
1067
1094
1094
1122
1098
1061
1099
1096
1141
1001
1149
1014
1124
1151
1075
1019
1149
1061
1122
1120
1098
1177
1079
1125
1082
1029
1105
1095
1214
1113
1121
1292
1149
1126
1119
1132
1405
1047
1376
1130
1127
1162
1189
1170
1228
1083
1095
1131
1081
1178
1102
1103
1046
1077
1044
1304
1071
1039
1039
1087
1410
1154
1190
1135
1080
1122
1098
1093
1067
1100
1131
1083
1139
1206
1117
1030
1080
1125
1078
1087
1084
976
1146
1150
1141
1062
1143
1067
1103
1108
1151
1062
1044
1111
1161
1080
1125
1056
1030
1043
1056
1111
1065
1078
1051
1061
1179
1190
1414
1135
1081
1496
1166
1074
1121
1132
1158
1082
1171
1244
1133
1376
1108
1103
1132
1145
1341
1370
1179
1119
1120
1147
1289
1066
1081
1111
1079
1212
1102
1133
1136
1125
1062
1042
1083
1082
1036
1083
1018
1123
1035
1222
1113
1114
1073
1071
1076
1090
1082
1108
1148
1058
1057
1050
1046
1090
1070
1100
1081
1142
1081
1058
1030
1103
1044
1007
1070
1063
1070
1142
1041
1091
1091
1019
1077
1102
1057
1140
1089
1113
1004
1095
1132
1063
1110
1119
1071
1142
1050
1070
1046
1061
1090
1070
1237
1059
1132
1052
1019
1117
1109
1032
1101
1140
1200
1434
1073
1030
1098
1087
1103
1126
1112
1086
1054
1093
1125
1108
1062
1028
1085
1061
1048
1139
984
9885
1079
1120
1119
1098
1071
1091
1086
1008
1113
1061
1088
1127
1070
1056
1087
1138
1097
1037
1097
1022
1096
1345
1100
1121
1080
1067
1133
1078
1009
1091
1134
1127
1103
1067
1083
1097
964
1020
1045
1059
1076
1088
1114
1047
1104
1586
1155
1068
1394
1127
1086
1169
1079
1113
1143
1144
1124
1182
1035
1087
1015
1045
1127
1087
1075
1081
1096
1165
1123
1139
1124
1119
1117
1102
1058
1082
1170
1086
1119
1004
1129
1305
1380
1144
1132
1155
1047
1074
1059
1093
1130
1286
1083
1109
1093
1081
1083
1062
1092
1034
1102
1047
1060
1110
1096
1086
1020
1100
1037
1021
1083
1074
1028
1094
1110
1105
1060
1104
1110
1099
1083
1139
1115
1107
1091
1079
1073
1041
1113
1121
1129
1128
1043
1143
1124
1099
1064
1085
1040
1132
1090
1111
1095
1128
1118
1081
1159
1134
1118
1356
1149
1147
1129
1096
1042
1107
1138
1079
1120
1109
1037
1078
1069
1154
1044
1136
1170
1134
932
1005
1112
1140
1075
1084
1137
1068
1090
1057
1026
1321
1126
1139
1111
1120
1051
1081
1594
1135
1345
1113
1086
1100
1075
1145
1637
1378
1119
1126
1090
1282
1166
1120
1071
1146
1148
1101
1049
1086
1102
1154
1188
1057
1089
1074
1092
1072
1065
1084
1115
1090
1117
1112
1160
1096
1092
1203
1077
1135
1058
1102
1361
1101
1309
1102
1107
1044
1085
1106
1070
1092
1149
1106
1066
1124
1090
1081
1107
1270
1163
1126
1095
1136
1075
1169
1128
1135
1107
1098
1084
1115
1089
1137
1219
1137
1130
1111
1127
1116
1113
1090
1071
995
1185
1079
1158
1249
1153
1087
988
1036
1063
964
1042
1038
1072
1052
1085
1104
1043
1047
1026
1041
1072
1001
1046
1047
1049
1078
1058
1129
1102
1114
1112
1004
1079
1049
2825
1082
1017
1068
1090
1074
1118
1090
1111
982
1050
1058
1163
1070
1102
1053
1073
1112
1026
1017
1015
1056
1057
1093
1064
1004
1026
1046
1076
1122
1028
1035
1094
1273
1129
1051
1036
1055
1083
1050
1064
1099
1119
1200
1039
1042
1060
1049
1139
1059
1048
1041
1087
1014
1092
1130
1017
1053
1039
1008
966
1070
1113
1082
1042
1087
1069
1070
1012
999
1071
1149
1004
1056
1114
1068
1034
1043
1043
1053
1065
1044
1019
1029
1010
1052
1082
1018
1088
1042
1055
1170
1116
1059
1081
1104
1112
1032
1093
1107
1147
1097
1099
1344
1083
1175
1107
1092
1106
1052
1166
986
1146
1162
1055
1077
1080
1133
1155
1516
1164
1043
1121
1136
1054
1096
1096
1095
1097
1135
1140
1124
1122
1341
1039
1110
1048
1099
1117
1095
1075
1127
1091
1087
1090
1104
1007
1058
1065
1067
1072
1090
1084
1046
1119
1126
1079
1115
1056
1070
1098
1070
1077
1039
1116
1095
1111
1012
1162
1064
1783
1082
1042
1114
1035
1099
1083
1095
1114
1063
1126
1133
1116
1102
2473
2593
2840
2746
2933
2530
2620
3690
2973
2700
3556
2653
2767
2703
3027
2844
3363
2713
3267
2816
2777
2500
2660
2660
2707
3253
2690
3887
2774
2586
2640
2987
3053
2746
2656
2493
2700
2757
2713
2737
2617
2600
2520
2530
2550
2670
2574
2617
2613
2527
2877
2760
2537
2706
2614
2614
2597
2656
2813
2620
2557
2707
3587
2703
2710
2676
2630
2490
2620
2710
3254
2767
2606
2733
2673
2637
2784
2710
2656
2597
2683
2587
2694
2610
2560
2606
2680
2603
2706
2710
2740
2900
2686
2633
2724
2717
2603
3207
2657
2793
2684
2667
2593
2670
2626
3493
3896
3563
2747
2771
2643
3180
2620
3127
2683
2776
2680
2740
2690
2854
2724
2750
2623
2590
2774
2620
2623
2620
2757
2593
2747
2553
2713
2957
2643
2507
2660
2657
2584
3527
3046
3273
2724
1125
1068
1134
1041
1072
1081
1115
1039
1126
1089
1052
1109
1059
1070
1086
1121
1095
1050
1127
1072
1116
1067
1098
1114
1062
1097
1079
1161
1076
1066
1169
1067
1172
1162
1049
1142
1102
1630
1082
1047
1017
1045
1200
1110
1064
1096
1116
1209
1093
1026
1070
1125
1428
1039
1065
1078
1069
1030
1028
997
1076
1128
1138
1083
1040
1086
1021
1082
1074
1047
1070
1122
1063
1032
1106
1087
1093
1080
1077
1053
1052
1131
1049
1059
1088
1052
1053
1082
1140
1061
1057
1095
1059
1054
1053
1088
1026
1020
1049
1073
1051
1058
1036
1037
1174
1063
1093
1098
1065
1021
1112
1069
1043
1114
1078
1072
1080
1074
1158
1078
1002
1032
1086
1076
1054
1125
1045
1077
995
1086
1017
1111
1056
1029
1132
1060
1055
1130
1089
1064
1081
1107
1069
1090
1100
1144
1104
1108
1089
1092
1046
1062
1091
1014
1046
1058
1063
1096
1094
1046
1054
1070
1060
1046
1060
1027
1023
1083
1094
1014
1059
1010
1064
1060
1058
1044
961
1077
1046
1036
1056
1016
1079
1060
1048
1008
1083
1030
1084
1147
1068
1097
1036
1043
1148
1117
1045
1038
1072
1121
1100
1053
1006
1036
1118
1010
1038
1108
1069
1061
1086
1093
1022
1120
1056
967
1068
1011
1042
1117
1098
1058
1086
1141
1089
1040
1102
1066
1088
1101
1062
1050
1135
1073
1158
1043
1096
1051
1037
1064
1039
1122
1086
1092
1076
1057
1053
1071
1119
1125
1093
1082
1028
1075
1107
1106
1087
1073
991
1073
1064
1101
1124
1122
1025
1057
1084
1159
1071
1065
1071
1065
1098
1034
1114
1052
1033
1102
1041
1053
1053
1058
1081
1007
1127
1101
1056
1163
1066
1012
1066
1026
1015
1043
997
1070
1098
1029
1093
1084
1232
1049
1072
1026
1059
1065
1073
1073
1099
1038
1055
1075
1111
1045
1058
1070
1033
1092
1046
1032
1144
1071
1103
1086
1086
1046
1052
1068
1036
1018
1007
1084
1032
1116
1038
1058
1117
1042
1117
1033
1004
1113
1049
1066
1081
1169
1301
1123
1145
1155
1140
1037
1046
1018
1040
1052
1316
1057
1099
1081
1403
1095
1032
1024
1236
1152
1032
1128
1129
1152
1124
1139
1089
1081
1072
1095
1039
1085
1069
1085
1097
1077
1075
1095
1105
1048
1064
1130
1054
1066
1102
1045
1049
1079
1108
1059
1052
1070
1062
1288
1100
1076
1031
1110
1084
1152
1090
1313
1361
1359
1130
1093
1062
1127
1118
1109
1121
1102
1097
1099
1122
1104
1107
1096
1084
1136
1060
1111
1097
1073
1110
1074
1111
1138
1040
1101
1146
1109
1114
1089
1301
1538
1140
1165
1288
1162
1119
1095
1056
1116
1037
1215
1108
1115
1097
1070
1155
1099
1116
1068
1088
1042
1080
1069
1088
1040
994
1185
1128
1113
1215
1103
1478
1086
1138
1040
1082
1035
1034
1117
1077
1147
1082
1160
1092
1121
1119
1134
1080
1185
1136
1103
1106
1074
1046
1132
1119
1041
1096
1109
1105
1112
1156
1119
1094
1131
1060
1079
1121
1064
1059
1272
1088
1061
1019
1049
1370
1063
1092
1131
1110
1626
1081
1048
1105
1049
1291
1099
1062
1082
1083
1204
1152
1095
1128
1091
1296
1136
1166
1051
1095
1389
1138
1059
1078
1102
1069
1072
1100
1022
1108
1086
1038
1072
1045
1063
1110
1105
1076
1108
1065
1102
1098
1052
1093
1098
1138
1087
1117
1114
1114
1099
1040
1083
1417
1090
1079
1084
1077
1161
1126
1042
1068
1077
1133
1089
1096
1082
1087
1050
1116
1076
1016
1039
1016
1035
1035
1237
1079
1100
1043
1091
1081
1053
1004
1036
1115
1258
1123
1123
1107
1246
1144
1127
1049
1150
1066
1132
1116
1075
1091
1112
1105
1280
1073
1112
1107
1276
1062
1071
1074
1105
1065
1132
1144
1059
1084
1331
1136
1336
1077
1098
1090
1154
1107
1085
1123
1104
1327
1126
1098
1060
1069
1118
1053
1027
1111
1008
1067
1058
1075
1083
1164
1130
1077
1033
1085
1097
1048
1126
1082
1109
1107
1075
1092
1047
1154
1054
1118
1082
1127
1051
1120
1071
1292
1074
1081
1085
1146
1063
1038
1089
1055
1129
1074
1060
1119
1051
1032
1057
1036
1117
1028
1057
1060
1002
1050
1074
1072
1073
1104
1103
1093
1050
1094
1027
1031
1076
1114
1052
1101
1107
1054
1040
1102
1123
1126
1020
1039
1090
1072
1116
1046
1093
1127
1143
1100
1132
1027
960
1118
1005
1030
1074
1095
1044
1033
1112
1303
1163
1137
1156
1541
1161
1117
1198
1087
1132
1064
1052
1080
1008
1017
1084
1148
1068
1071
1089
1157
1179
1052
1109
1112
1082
1058
1172
1048
1122
1051
1140
1055
1080
1149
1045
1105
1109
1084
1025
1108
1120
1072
1105
1113
1113
1070
1099
1042
1120
1123
1126
1099
1065
1098
1021
1517
1084
1064
1285
1081
1121
1066
1064
1133
1036
1114
1181
1086
1108
1100
1035
1060
1252
1098
1129
1058
1054
1392
1127
1101
1134
1081
1182
1102
1144
1083
1088
1042
1082
1102
1119
1087
1090
1074
1052
1099
1116
1240
1062
1034
1080
1090
1087
1072
1017
1054
1037
1065
1096
1066
1113
1095
1686
1082
1047
1036
1002
1110
1140
1073
1083
1060
1012
1004
1086
1118
1084
1087
1081
1121
1112
1033
1001
1037
1091
1059
1143
1032
1098
1047
1382
1167
1074
1071
1054
1052
1129
1083
1059
997
1113
1076
1048
1098
1091
1110
1042
1128
1098
1079
1091
1079
1019
992
1083
1057
1102
1070
1074
1158
1067
1182
1074
1061
1046
1115
1422
1198
1040
1077
1021
1068
1042
1102
1086
1093
1078
1077
1121
1042
1039
1052
1004
1046
1062
1070
1067
1051
1064
1072
1057
1068
1013
1359
1383
1148
1227
1105
1065
1369
1106
1039
1080
1063
1162
1096
1086
1070
1127
1097
1136
1043
1094
1089
1065
1058
1026
1054
1042
1062
1041
1092
1147
1084
1284
1061
1067
1016
972
1066
1125
1083
1042
1055
1267
1102
1054
1144
1026
1095
1272
1095
1127
1089
1043
1023
1088
1072
1030
1014
1014
1010
1044
1036
1083
1085
1128
1036
1008
1035
1050
1013
1046
1038
1006
1051
1113
1068
1302
1123
1062
1043
1053
1034
1022
1035
1084
1051
1109
1098
1010
1060
1402
1051
1040
1123
1089
1127
1136
1113
1146
1050
999
1095
1087
965
1033
1076
1075
1037
1218
1107
1087
1108
1061
1122
1080
1029
1095
1046
1057
1091
1075
1068
1006
1027
1107
1094
1034
1038
1014
1197
1061
1034
1086
1068
1242
1086
1082
1044
1100
1044
1066
1057
1134
1127
1126
1106
1102
1026
1020
1142
1148
1101
1046
1045
1042
989
1140
1098
1091
1092
1113
1073
1053
1024
1102
1176
1349
1405
1165
968
1016
1081
1088
1038
1138
1095
1048
1073
1078
985
1049
1087
19372
1086
1032
1050
1087
1294
1120
1120
1063
1126
1062
1052
1083
1127
1094
1263
1098
1186
1097
1128
1114
1135
1164
1148
1015
1079
1146
1120
1018
1109
1045
1137
1140
1096
1134
1106
1155
1066
1116
1148
1079
1050
1150
1186
1202
1082
1055
960
1046
1028
956
944
1043
848
1063
828
944
1193
1020
921
966
855
893
938
993
1299
935
968
961
911
1098
976
1026
941
874
946
977
898
919
845
923
1054
971
991
915
827
868
849
948
902
1003
949
968
904
978
1112
883
904
917
938
979
970
847
1017
1000
1020
997
1158
1032
1017
923
853
944
899
963
872
824
800
895
894
849
909
850
960
953
916
982
901
837
866
896
888
882
890
854
905
895
846
781
887
921
803
818
856
887
881
928
951
881
873
879
812
876
891
1078
951
970
946
886
939
975
861
862
940
925
940
947
879
877
843
876
796
968
857
779
814
878
926
840
860
898
908
1004
938
898
901
880
893
944
970
1000
981
872
869
878
845
923
949
873
812
915
862
865
858
885
814
873
853
876
892
955
878
875
881
846
826
903
889
857
853
822
894
852
854
797
801
883
892
842
922
922
934
994
870
1099
985
947
956
894
916
872
915
909
904
873
909
752
840
824
870
850
904
883
913
804
794
791
861
866
895
956
901
914
977
905
907
1164
874
834
888
938
857
1210
1161
923
1010
951
835
842
802
834
868
865
795
787
897
901
862
889
877
845
807
846
793
782
829
780
757
761
838
760
790
861
771
841
841
850
782
933
853
874
921
905
838
874
860
852
864
884
865
879
874
796
840
823
790
909
932
921
832
833
843
816
856
997
1019
1145
1041
939
995
924
1083
1044
911
986
866
1014
958
923
1274
994
1026
923
1040
874
922
948
969
1300
953
857
864
874
828
821
818
989
870
896
812
934
865
1071
1058
921
913
863
943
994
1192
924
890
1006
1118
943
906
891
984
829
820
880
922
918
930
962
912
856
866
877
767
857
843
1442
1085
1018
1001
953
1000
941
862
902
839
955
930
952
899
982
995
994
967
1068
879
839
931
846
809
821
839
966
921
862
901
3481
955
855
1198
781
793
775
721
728
728
826
800
918
802
874
902
825
796
847
822
881
1138
983
940
882
905
885
917
869
780
869
832
844
982
816
805
1006
914
998
862
842
857
897
930
906
931
915
847
794
745
703
824
807
863
822
808
813
842
850
817
827
899
888
846
846
872
820
1064
983
891
973
870
848
810
782
784
804
834
848
785
827
872
855
872
868
852
933
782
879
855
872
826
857
1104
1038
971
835
919
1262
840
800
789
834
873
880
822
810
816
855
783
818
819
786
797
1031
915
842
848
881
836
817
841
816
828
872
886
734
760
875
811
760
743
856
790
778
1131
1005
1018
936
1017
892
864
726
852
759
1161
969
913
943
950
815
854
858
947
860
738
970
971
896
947
878
957
958
807
968
993
876
912
824
891
846
830
803
773
830
848
809
1038
991
940
887
849
933
871
822
816
802
799
785
825
811
762
975
1134
1081
996
936
897
871
906
822
886
983
882
834
852
830
919
854
980
857
855
866
832
946
886
798
833
873
955
906
869
934
988
838
871
855
784
844
846
1123
1007
1107
1119
1095
1040
983
959
980
990
1071
990
1055
973
998
970
1036
966
1075
1011
1048
1004
1037
998
964
956
1013
1061
977
1039
1012
1015
1064
943
1005
995
1024
989
1020
1128
1076
1114
1076
1026
1062
1009
1012
1050
1086
1116
1057
1074
1043
1046
1024
974
1024
1025
1030
1045
1184
1113
1016
992
1084
1173
1070
1082
1096
1044
1187
1076
1071
1055
1028
1142
1014
1259
1127
1098
1120
1003
1045
1004
975
1015
983
1224
1007
969
1004
930
1273
1072
1150
1021
1034
1013
1008
983
1001
964
967
987
956
985
1001
1040
969
968
957
991
923
1045
2372
1011
948
938
960
1032
1044
1000
969
945
1057
984
1039
1021
996
1040
960
1006
962
963
987
966
955
971
1007
981
956
971
993
1070
959
975
995
979
939
932
973
994
985
985
987
990
997
995
952
939
963
971
955
960
940
1034
999
960
967
968
1011
946
1005
1053
960
1059
1010
994
1016
1008
1404
973
971
1077
1006
1030
986
1028
1022
1111
1001
969
1001
960
997
1026
1126
1076
1001
990
1009
981
1112
1025
970
1020
1056
1175
1022
976
1064
1013
1121
1077
1058
984
981
1035
1022
1012
1016
989
997
1024
980
989
1124
974
1047
965
966
1095
1088
1040
1065
950
979
1036
1006
923
983
1016
1026
998
938
921
944
959
974
939
953
941
953
915
899
900
2021
982
966
967
1033
982
921
898
948
944
909
987
962
931
940
901
910
1071
903
911
806
913
941
880
896
883
861
862
924
981
890
917
862
982
920
878
904
912
875
848
917
866
911
882
849
840
850
882
854
869
969
893
899
956
909
855
896
933
1351
935
902
883
883
970
954
870
844
902
846
840
866
855
859
932
819
821
876
917
904
900
1036
969
874
976
907
879
829
809
893
1156
1210
1275
1355
1351
1370
1343
1322
1258
1276
1225
1101
1119
1072
1008
936
908
910
879
882
912
909
820
832
869
960
947
933
922
920
1016
908
881
908
877
880
887
1192
1034
901
824
888
882
817
874
852
803
1088
891
857
822
787
828
808
794
840
839
838
829
863
760
870
825
1063
872
887
839
955
893
849
899
885
871
870
878
918
941
900
862
895
883
925
871
870
918
851
921
942
887
960
953
914
920
868
945
865
934
887
841
874
876
844
898
906
888
872
885
984
955
1028
889
971
883
886
984
956
993
1026
902
973
935
924
871
1004
841
906
933
987
895
895
965
875
909
912
919
920
870
887
931
886
904
939
943
919
980
923
962
954
919
930
975
898
902
1001
981
963
889
937
940
942
895
954
895
950
876
913
871
868
937
874
886
926
1009
901
917
875
910
915
893
908
922
888
808
847
868
891
912
930
903
958
853
875
892
937
1293
889
871
829
861
947
819
838
930
855
920
953
916
984
840
868
878
879
957
909
908
887
953
861
805
883
858
858
838
849
914
895
918
902
848
900
907
852
868
882
896
927
909
920
920
889
867
919
899
881
865
823
819
888
827
839
844
833
907
845
801
1025
963
1125
861
852
909
912
960
903
909
863
907
879
896
896
892
921
875
873
854
944
913
864
883
846
879
861
806
915
928
988
878
861
855
921
842
873
877
886
890
866
840
929
921
858
923
897
865
879
925
906
881
878
884
880
875
897
917
852
915
930
938
882
896
972
903
906
879
870
892
982
861
875
888
908
955
932
918
891
951
904
901
931
913
877
873
875
843
884
909
877
880
911
879
843
886
897
830
853
793
2332
879
826
818
899
853
867
867
860
850
1012
922
875
937
862
876
840
869
872
916
859
854
900
850
848
887
910
862
855
875
878
848
821
854
832
824
844
871
862
855
893
832
838
860
882
900
1089
1146
952
962
958
929
984
938
911
885
945
890
913
935
975
913
953
906
946
931
874
949
947
970
909
920
895
893
993
951
911
904
869
988
929
924
910
919
900
940
939
910
937
957
927
979
930
989
981
1022
1009
938
905
960
864
879
879
843
915
936
910
900
930
864
937
917
875
944
882
887
922
914
890
889
890
932
870
868
845
887
878
821
876
902
868
831
897
882
860
863
874
1062
965
908
903
938
884
