1979348
40017
39754
39980
44126
39201
18219
38130
18143
33442
16920
17429
17234
24603
389856
20223
18982
13926
15604
17982
17490
17814
20082
20060
19409
14988
23235
26608
494234
12589
11587
12672
25100
12598
11478
11532
11904
15313
11570
18947
19578
13383
17007
20922
15635
18270
14197
13696
14919
20022
12476
11420
12343
12566
12039
13246
13407
14029
12117
12133
24129
15781
11650
12178
12030
11726
12818
12573
11551
11790
10843
11236
17451
10995
15916
11027
12462
11000
11236
11468
11436
14108
11171
22915
10494
14052
10907
10519
10703
10524
10438
10737
10543
11485
10867
24583
10632
10840
10385
10179
10704
10559
10931
10378
10151
14836
56668
15865
23056
2465
2500
2552
2640
2459
2452
2591
2406
2396
2416
2394
2488
2383
3832
2459
3264
2427
2572
2608
2602
3663
2625
2610
2489
2456
2544
2503
2635
2403
2476
2598
3538
2680
15244
2602
2620
2579
2879
2738
3322
2678
2584
2520
3066
2661
2556
2676
12263
2500
2751
2572
2497
2488
2653
3310
2519
3760
2508
2808
2719
2706
2605
2641
2659
2789
2521
2567
2450
2565
3101
2501
2649
2648
2537
2819
2780
2591
2450
10399
3112
3806
3840
3071
2909
2675
2727
2615
2635
2778
2646
3252
2752
2636
2425
2709
2822
2640
3188
5381
2660
2728
2631
3715
2816
2534
2693
2690
2617
4095
2619
2621
2791
2625
2652
2486
2499
2643
2717
4172
2728
2598
3175
2814
2790
2828
2611
2614
2652
2617
2573
2554
2712
2638
2558
2477
2765
2682
2601
2609
2578
3187
2794
2635
2677
2735
2653
24748
2690
19563
2128
2130
2226
2074
2212
2111
1989
2203
2119
2287
2027
2252
2098
2200
2073
2187
2156
2150
3079
2193
2253
13577
2187
2232
2233
2319
2196
2548
2386
2309
2214
2442
2995
2103
2326
2278
2282
2152
2186
2117
2139
20062
2246
2053
2565
2397
2298
2161
2760
2356
2299
2188
3041
2243
2272
2188
2158
2297
2204
2307
2318
2527
2296
3274
2304
2910
2495
2375
2634
2397
2270
2177
2387
2384
2203
2439
2337
2278
2330
2280
2239
3355
2483
2619
2350
2623
2268
2615
2465
2293
2509
2571
2474
2493
2280
2574
2539
2571
2417
2548
2304
2452
2681
2311
2312
2267
2202
2455
2112
2217
2214
2280
2510
14525
2252
2251
2412
2605
2519
2229
2199
2452
2517
2338
2509
2481
2397
2502
2259
2240
2432
3182
2279
2256
2297
2231
2427
2287
2326
2347
2554
3026
2474
2748
2497
2517
2407
2448
2480
2165
2255
2297
2332
2324
2503
2223
2994
2251
2279
2326
2425
2454
2338
2374
2601
12879
2178
2436
2385
2385
2146
2441
2365
2382
2513
2545
2346
2446
2288
2417
2233
2480
2318
2335
2329
2323
2415
2430
2414
2273
2315
2216
2369
2233
2305
2262
2407
2343
2391
2414
2417
2413
2316
2211
2361
88472
3001
2370
3128
2741
3353
2601
2500
2490
2499
2450
2576
2360
2264
2295
2366
2493
2383
2354
2267
7010
2346
2342
2354
2358
2141
2402
2366
2346
2236
3051
2303
2720
3050
2371
2504
2534
2402
2190
2315
2174
2294
2295
2286
2445
2430
2223
2419
2256
2349
2349
2258
3239
3129
3325
2405
2191
2647
2498
3106
2406
2324
2287
2321
2310
2199
2330
2332
2449
2155
2201
2290
2307
2084
2091
2415
2238
2168
2264
2232
2326
2345
2318
2316
2252
2306
2769
2277
2204
2305
2242
2198
124765
2284
2336
2288
19478
12693
1258
1380
1227
1223
1270
1209
1366
1263
1309
1263
1301
1376
1233
1279
1137
1328
1396
1305
1260
1307
1338
1413
1358
1337
1318
1234
1397
1234
1290
1228
1337
1281
1203
1320
1245
1267
1212
1451
1480
1388
1345
1619
1482
1658
1653
1741
1558
1339
1258
1378
1261
1302
1279
1311
1246
1307
1271
1278
1349
1358
1319
1221
1220
1166
1319
1252
1297
1234
1381
1254
1354
1434
1167
1257
1343
2668
1321
1340
1403
1293
1231
1252
1288
1312
1318
1351
1304
1348
1271
1307
1284
1260
1301
1168
1319
1264
1299
1284
1233
1203
1330
1262
1284
1294
1745
1302
1284
1320
1371
1411
1292
1189
1223
1285
1240
1266
1297
1235
1231
1333
1273
1305
1646
1429
1419
1376
1352
1308
1321
1286
1378
1329
1239
1437
1443
1300
1360
1333
1136
1348
1360
1408
1287
1219
1315
1366
1326
1348
1299
1292
1318
1354
1279
1288
1313
1686
1374
1366
1301
1568
1341
1338
1362
1386
1415
1376
1356
1203
1330
1326
1280
1319
1379
1374
1337
1673
1290
1277
1345
1409
1377
1330
1352
1263
1272
1280
1345
1365
1270
1269
1360
1280
1291
1339
1342
1336
1316
1282
1424
1356
1287
1333
1375
1399
1143
1269
1665
1278
1507
1405
1411
1352
1281
1282
1257
1243
1292
1307
1318
1337
1276
1379
1337
1326
1382
1291
1321
1342
1331
1401
1219
1361
1250
1503
1337
1314
1333
1372
1277
1272
1429
1445
1427
1374
1309
1373
1298
1308
1325
1403
1441
1653
1451
1348
1372
1338
1255
1356
1323
1325
1279
1280
1399
1453
1310
1341
1239
1280
1346
1494
1386
1312
1358
1439
1359
1353
1323
1340
1275
1399
1479
1272
1550
1433
1336
1381
1303
1356
1335
1335
1683
1331
1270
1305
1349
1335
1271
1354
1485
1316
1269
1246
1259
993
1251
1335
1369
1308
1299
1296
1348
1630
1275
1296
1306
1249
1329
1292
1307
1259
1247
1394
1366
1555
1844
1389
1387
1302
1271
1398
1351
1287
1392
1305
1346
1334
1398
1335
1297
1315
1279
1337
1350
1309
1399
1246
1410
1320
1300
1328
1324
1303
1457
1341
1379
1253
1254
1281
1319
1400
1357
1344
1308
1376
1350
1328
1209
1314
1296
1341
1253
1369
1263
1255
1341
1325
1375
1260
1360
1293
1314
1357
1366
1276
1341
1405
1221
1280
1458
1428
1356
1285
1622
1404
1308
1390
1353
1362
1392
1437
1367
1385
1470
1453
1485
1423
1340
1557
1359
1805
1403
1538
1329
1400
1471
1499
1576
1482
1471
1478
1180
1641
1377
1388
1284
1670
1623
1469
1638
1320
1384
1482
1340
1627
1778
1497
1599
1593
1553
1619
2019
1722
1589
1337
1805
1793
1648
1634
1719
1443
1552
1844
1883
1631
1754
1317
1330
1440
1697
1420
1468
1318
1983
1427
1492
1412
1515
1634
1632
1284
1497
1458
1311
1280
1344
1308
1337
1600
1474
2086
1347
1216
1123
1518
1315
1310
1415
1306
1453
1392
1617
1308
1468
1495
1833
1940
1499
1661
1808
1331
1418
1655
1337
1942
1634
1769
1502
1407
1365
1482
1421
1272
1475
1283
1113
1615
1854
1756
2320
1485
1164
1234
1240
1199
1208
1236
1231
1241
1180
1080
1181
1508
1686
1290
1299
1279
1346
1250
1457
1344
1318
1502
1357
1740
1228
1483
1335
1348
1312
1243
1173
1186
1252
1281
1243
1206
1461
1535
1213
1444
1302
1497
1214
1402
1266
1281
1291
1488
1179
1663
1201
1335
1268
1371
1392
1306
1680
1145
1144
1131
1156
1173
1225
1184
1278
1478
1214
1348
1154
1156
1132
1199
1502
1230
1244
1294
1193
1609
1682
1199
1289
1351
1291
1263
1274
1428
1192
1212
1325
1699
1358
1222
1271
1510
1459
1547
1648
1523
1210
1183
1309
1590
1233
1165
1194
1329
1344
1247
1291
1279
1396
1199
1197
1257
1220
1167
1407
1218
1231
1173
1384
1204
1101
1314
1200
1165
1232
1185
1185
1275
1209
1330
1564
1168
1223
1274
1428
1208
1239
1415
1146
1184
1158
1149
1284
1239
1622
1806
1558
1602
1603
1704
1580
1626
1552
1566
1207
1280
1118
1285
1353
1525
1204
1165
1224
1213
1354
1113
1162
1134
1160
1212
1169
1278
1183
1218
1143
1209
1198
1454
1178
1150
1114
1288
1255
1192
1152
1137
1230
1160
1242
1182
1190
1307
1085
1137
1122
1235
1233
1182
1199
1121
1162
1170
1155
1188
1271
1292
1235
1292
1315
1267
1178
1228
1307
1272
1185
1255
1273
1605
1229
1474
7973
1236
1351
1406
1359
1317
1221
1189
1193
1220
1198
1127
1616
1260
1222
1098
1220
1200
1088
1172
1203
1129
1198
1236
1144
1137
1211
1139
1276
1145
1174
1201
1321
1412
1282
1240
1143
1245
1107
1157
1329
1143
1221
1278
1213
1223
1296
1215
1198
1243
1167
1246
1314
1171
1175
1199
1179
1350
1216
1177
1168
1173
1233
1178
1183
1246
1252
1098
1211
1408
1136
1104
1152
1203
1157
1160
1185
1161
1220
1162
1165
1197
1117
1178
1603
1292
1154
1170
1148
1310
1266
1238
1476
1418
1387
1400
1451
1611
1529
1308
1375
1186
1211
1266
1150
1089
1794
1674
1192
1155
1523
1160
1179
1164
1248
1188
1205
1205
1287
1478
1146
1179
1148
1281
1234
1200
1229
1161
1211
1232
1191
1268
1247
1434
1188
1218
1195
1200
1218
1224
1215
1154
1174
1156
1176
1216
1228
1213
1639
1188
1553
1136
1176
1689
1202
1222
1308
1487
1141
1224
1196
1689
1130
1141
1191
1143
1208
1205
1199
1204
1234
1653
1251
1257
1152
1200
1178
1237
1258
1230
1199
1224
1265
1240
1382
1327
1207
1298
1218
1170
1181
1097
1180
1162
1234
1238
1162
1240
1195
1230
1228
1163
1186
1198
1188
1127
1274
1360
1361
1182
1125
1194
1195
1199
1175
1226
1205
1158
1254
1141
1226
1216
1179
1181
1177
1231
1172
1230
1239
1480
1380
1521
1244
1266
1194
1173
1187
1177
1222
1207
1232
1192
1231
1128
1235
1249
1177
1201
1182
1238
1199
1253
1191
1174
1214
1225
1130
1245
1255
1275
1263
1169
1186
1170
1138
1227
1242
1258
1172
1222
1231
1216
1136
1242
1182
1147
1068
1994
1110
1222
1217
1170
2200
1199
1190
1277
1438
1161
1505
1195
1160
1150
1325
1296
1229
1171
1146
1226
1231
1264
1228
1279
1220
1222
1305
1171
1246
1209
1187
1231
1236
1599
1224
3126
2930
3044
3044
3440
2884
3027
3390
2900
3343
3103
2883
2880
3000
3010
3077
3867
3113
3173
3443
3520
2983
3010
3130
3210
3040
3230
3013
3084
3050
2883
2843
3006
3064
3257
2900
2853
2837
3526
3927
3167
3037
3096
3224
3076
3073
3140
3260
4273
3030
3217
2933
3517
3090
3223
3136
2966
3237
3410
3060
3210
3027
3114
3183
2980
3230
3220
3847
3013
3006
3646
3053
3193
3193
3224
2996
2986
3070
2983
3057
2984
2953
3016
3090
2970
1241
1285
1175
1243
1190
1238
1228
1173
1321
1215
1207
1203
1264
1250
1192
1246
1201
1232
1228
1361
1249
1178
1351
1215
1220
1192
1225
1320
1241
1224
1247
1224
1199
1222
1200
1218
1269
1190
1221
1250
1225
1218
1211
1252
1274
1239
1175
1195
1292
1261
1253
1196
1238
1197
1214
1451
1220
1237
1162
1214
1206
1364
1162
1265
1256
1188
1221
1266
1257
1277
1230
1200
1198
1189
1246
1223
1163
1205
1220
1241
1207
1157
1342
1190
1283
1187
1232
1160
1230
1325
1236
1438
1262
1227
1295
1201
1318
1200
1240
1281
1199
1295
1201
1212
1258
1304
1270
1217
1317
1208
1276
1666
1265
1235
1278
1477
1342
1252
1220
1291
1192
1411
1280
1237
1296
1259
1289
1264
1237
1258
1251
1409
1246
1227
1290
1282
1273
1323
1256
1290
1216
1261
1213
1373
1279
1314
1298
1218
1307
1223
1251
1200
1278
1316
1209
1231
1283
1288
1281
1292
1310
1272
1288
1269
1278
1230
1262
1359
1295
1329
1215
1239
1182
1286
1263
1288
1250
1287
1264
1297
1228
1271
1287
1212
1253
1215
1288
1234
1304
1333
1192
1262
1217
1216
1281
1233
1213
1296
1282
1201
1219
1254
1298
1318
1240
1197
1262
1330
1276
1245
1272
1170
1254
1240
1202
1234
1240
1190
1198
1245
1253
1214
1301
1296
1326
1360
1284
1327
1293
1268
1226
1299
1205
1264
1211
1215
1223
1221
1236
1312
1294
1268
1207
1234
1256
1344
1191
1185
1276
1244
1213
1265
1219
1235
1247
1267
1278
1300
1260
1183
1228
1229
1230
1235
1290
1274
1227
1239
1196
1282
1145
1257
1237
1259
1352
1243
1238
1278
1238
1262
1216
1237
1215
1311
1315
1244
1216
1206
1229
1203
1196
1229
1237
1271
1157
1250
1206
1274
1308
1201
1268
1238
1261
1248
1211
1273
1252
1262
1182
1251
1267
1283
1262
1252
1260
1300
1239
1200
1304
1297
1230
1177
1349
1212
1356
1210
1245
1272
1227
1317
1259
1281
1234
1296
1328
1242
1298
1214
1330
1244
1287
1247
1247
1236
1246
1242
1198
1311
1325
1263
1309
1266
1191
1289
1261
1286
1267
1229
1250
1336
1234
1279
1256
1199
1163
1252
1204
1244
1207
1292
1240
1335
1314
1237
1284
1268
1230
1243
1233
1258
1230
1310
1249
1290
1217
1250
1224
1219
1246
1227
1249
1283
1291
1251
1210
1259
1274
1261
1245
1200
1276
1288
1344
1248
1195
1244
1165
1316
1301
1252
1219
1202
1268
1249
1229
1239
1332
1234
1212
1269
1274
1252
1286
1256
1291
1223
1296
1234
1259
1295
1217
1191
1158
1256
1342
1382
1250
1265
1266
1238
1317
1234
1210
1258
1275
1274
1514
1412
1321
1229
1313
1268
1201
1241
1321
1303
1246
1292
1240
1296
1239
1199
1243
1238
1351
1226
1341
1221
1238
1258
1248
1312
1236
1390
1285
1246
1210
1272
1206
1284
1251
1315
1233
1216
1315
1237
1324
1305
1293
1271
1288
1263
1278
1280
1248
1261
1210
1315
1194
1268
1299
1276
1304
1187
1339
10484
1256
1252
1189
1277
1274
1264
1215
1262
1274
1285
1315
1298
1296
1260
1239
1284
1266
1293
1264
1265
1267
1272
1280
1278
1282
1249
1246
1267
78142
37634
22273
8692
8454
11584
10095
62960
11605
21222
2108
2196
2156
2017
2170
2301
2059
1984
2030
2533
2462
2198
2061
2139
2087
2083
2748
2327
2131
2069
2078
2077
1977
2054
2152
2089
2100
2037
2042
2059
2032
1972
2039
2077
1965
2282
2122
2073
2014
2042
2086
2106
2102
2209
2103
3039
2227
2991
2351
2155
2118
2035
2235
2030
1980
2154
2075
2099
2036
2156
1969
2126
2093
2185
2039
2104
2211
2188
2926
2123
2857
2201
2179
2320
2183
2337
2236
2169
65108
2449
2231
2328
2119
2139
2274
2182
2174
2336
2157
2150
2055
2181
2248
2223
2185
2218
2151
2203
6432
2096
2337
2340
2142
2518
2230
2205
2156
2146
2354
2583
2130
1977
2044
2162
2259
2191
2123
2083
2168
2136
2636
2188
2208
2091
2161
2122
2133
2409
2143
2202
2116
2086
2209
2031
2152
2080
2059
2117
1964
2104
2073
2231
2132
2226
2108
2122
2128
2087
2366
2147
2028
2187
2037
2231
2084
2072
2003
1997
2097
2093
2065
2040
2156
2079
2076
2088
2108
1999
2160
1974
74249
2000
2034
2087
1986
2104
2157
2186
2030
2077
2196
1987
2090
2294
2043
2120
2210
2009
2009
1999
2206
2016
2007
2231
2003
2102
1980
2163
2228
2079
2120
2025
2117
2118
2115
2104
2238
1936
1992
2093
2048
2439
2011
2084
2150
2482
2154
2231
2168
2062
2181
2114
1997
2198
2254
2145
2104
1980
2160
2098
2020
2053
2172
2481
2177
2104
1954
2046
1955
2025
2158
2031
2255
2294
2108
2000
2043
2209
2191
2085
2160
1942
2080
2180
2272
2037
2006
2302
2076
2282
2001
2124
73756
2144
2272
2158
2124
1976
2119
2264
2065
2065
2196
2137
2082
2094
2213
1990
2136
2187
2064
2149
2042
2111
2071
2038
2106
2068
2173
2080
2201
2107
2146
2229
2109
2048
2162
2010
2088
2134
2012
2318
1968
2117
2002
2063
2104
2080
2115
2144
2260
2579
2454
2198
2066
2255
2235
2114
2040
2116
2105
2259
2050
2033
2051
2000
2026
2124
1902
2034
2020
2084
2228
2126
2199
2022
2077
2066
2201
2042
2033
2105
2147
1992
2198
2190
2039
2292
2748
2187
2089
2101
2274
2188
78624
2253
2071
2164
2312
2092
2107
2146
2128
2104
1968
2053
2025
2233
2095
2280
1981
2073
2196
2136
2212
2140
2303
2205
2239
2139
2295
2181
2333
2065
2309
2351
2346
2035
2275
1976
2062
2119
2008
1968
2195
2186
2021
2177
2089
2075
2085
2114
2014
2108
2035
2000
2148
2097
2152
2063
2086
2052
2072
1923
2064
2001
2059
2068
2030
2102
2264
2043
2090
2031
1955
2053
2051
2093
2201
2098
2158
2006
1985
2007
2001
2061
2061
2080
1898
2167
1931
2232
2305
2157
2179
2164
95446
2249
2109
2085
24361
14326
1099
1044
1061
1078
1107
1115
991
1064
1061
1599
1052
1064
1039
1088
1140
1163
1088
1060
1080
1050
1034
1050
1048
1124
1080
1025
1035
1094
1111
1142
1100
1134
1179
1146
1121
1133
1121
1065
1030
1092
1027
1081
1055
1142
1122
1105
1244
1050
1082
1129
1138
1108
1147
1075
1150
1124
1073
1114
1082
1114
1049
1159
1609
1141
1114
1144
1111
1118
1107
1436
1229
1159
1123
1111
1091
1107
1092
1148
1157
1114
1197
1059
1105
1124
1057
1115
1074
1106
1074
1073
1160
1132
1125
1028
1266
1091
1121
1138
1033
1074
1120
1127
1106
1114
1010
1121
1207
1166
1210
1226
1071
1168
1110
1160
1199
1074
1149
1158
1161
1127
1097
1154
1074
1084
1025
1110
1048
1079
1082
1110
1156
1100
1157
1004
1074
1027
1061
1056
1101
1128
1056
1047
1130
1139
1092
1066
1105
1146
1066
1089
1049
1106
1150
1084
1120
1022
1088
1105
1114
1139
1063
1109
1123
1084
1057
1024
1119
1067
1080
1023
1060
1074
1043
1077
1097
1115
1081
1107
1098
1034
1154
1137
1060
1362
1158
1150
1092
1135
1270
1101
1137
1079
1075
1069
1140
1075
1108
1072
1116
1146
1093
1105
1110
1121
1046
1135
1116
1049
1120
1086
1078
1160
1146
1156
1112
1123
1169
1183
1137
1399
1155
1085
1086
1086
1078
1232
1071
1207
1057
1050
1124
1092
1094
1059
1044
1074
1062
1075
1120
1122
1054
1038
1114
1054
1078
1025
1062
1322
1100
1186
1408
1587
1151
1096
1560
1258
1197
1101
1085
1070
1131
1093
1108
1126
1074
1316
1121
1076
1141
1305
1083
1065
1065
1094
1330
1124
1151
1122
1106
1064
1188
1123
1104
1059
1120
1056
1085
1113
1174
1111
1138
1332
1451
1360
1446
1548
1192
1122
1049
1173
1127
1256
1082
1044
1102
1128
1292
1162
1246
1132
1088
1152
1134
1126
1080
1138
1126
1142
1083
1066
1114
1130
1080
1105
1090
1103
1125
1121
1122
1129
1114
1502
1135
1058
1194
1074
1078
1051
1102
1166
1077
1053
1122
1150
1150
1106
1086
1164
1393
1093
1087
1140
1122
1154
1100
1161
1158
1097
1159
1094
1121
1139
1082
1151
1144
1134
1087
1095
1135
3220
2630
2974
2710
2830
2604
2737
2647
2754
2614
2567
2673
2510
2710
2480
2836
3253
2717
2737
2683
2523
3117
3514
2637
2773
2754
2770
2734
2674
2653
2763
2653
2593
2624
2807
2780
2687
3187
2776
3434
3486
2810
3394
3054
2907
2737
2690
2694
2860
2807
2687
2780
2543
2787
2830
2656
2823
2763
2600
2680
3287
2730
2667
2743
2730
2833
3110
2674
2764
2630
2683
2754
2680
2850
2697
2660
2724
3140
2650
2630
3270
2696
2764
3063
3067
2794
2736
2760
3594
3267
3317
3497
3005
2222
2280
2329
2517
2052
2206
2052
2169
2268
2082
2179
2742
2101
2862
2153
2264
2132
2216
2335
2050
2108
2082
2621
2175
2098
2073
2127
2179
2146
2320
2102
2102
2197
2040
2049
2226
2504
2300
2216
3012
2309
2138
2102
2165
2264
2167
2169
2038
2033
2087
2181
2054
2005
2225
1981
2254
2235
2139
1936
2196
2628
2221
2066
2207
2073
2107
2614
2515
2115
2155
2657
2208
2186
2049
2367
2191
2125
2028
2080
2195
2090
2145
2150
2157
2167
2064
2101
2226
1982
2076
2548
2142
2097
2267
2424
2134
2128
2054
2191
2069
2187
2350
2090
2113
2793
2482
2116
2480
2160
2308
2875
2233
2099
2501
1988
2165
2066
2203
2796
3141
1199
1050
1033
1424
1096
1139
1029
1116
1124
1058
1078
1169
1156
1083
1094
1092
1079
1027
1027
1040
1046
1094
1026
1059
1065
1060
1023
1017
1101
1069
1055
1119
1074
1130
1075
1088
1153
1079
1064
1033
1145
1118
1069
1162
1027
1077
1083
1092
1126
1103
1066
1045
1053
1048
1069
1116
1003
1061
1083
1123
1110
1011
1068
1097
1099
1119
1056
1178
1095
1105
1050
1133
1120
1271
1128
1127
1115
1172
1233
1291
1136
1164
1143
1112
1097
1158
1065
1102
1095
1101
1131
1119
1121
1441
1183
1071
1253
1423
1101
1399
1168
1411
1024
1194
1480
1259
1462
1239
1154
1143
1172
1399
1135
1081
1244
1114
1125
1431
1297
1451
1519
1199
1147
1159
1062
1140
1140
1045
1273
1147
1057
1114
1126
1128
1059
1144
1206
1130
1126
1043
1092
1071
1093
1024
1059
1093
1054
1128
1054
1075
1092
1037
1130
1104
1112
1102
1108
1023
1012
1184
1062
1091
1104
1059
1342
1362
1490
1373
1372
1368
1359
1424
1156
1349
1191
1349
1156
1036
1138
1092
1175
1085
1052
1134
1095
1136
1042
1073
1158
1057
1106
1083
1116
1051
1087
1032
1144
1142
1217
1056
1145
1121
1109
1091
1029
1139
1127
1129
1185
1084
1110
1133
1045
1139
1108
1077
1203
1018
1092
1060
1079
1126
1151
1094
1114
1015
1154
1111
1077
1287
1129
1376
1154
1120
1093
1126
1084
1108
1093
2633
2680
2620
2730
2697
3280
2643
2777
2757
2544
2747
2836
2596
2766
2543
2660
2674
2640
2747
2664
2710
2553
2640
2607
2730
2556
2656
2593
2677
2597
3151
2586
2870
2734
2823
3266
3257
3254
3373
4126
3016
3984
3326
3577
3373
3077
3233
3273
3243
3703
2627
2773
2720
3660
2756
2694
2707
2490
2530
2567
2767
2613
2573
2810
2587
2850
2720
3060
2804
2796
2767
2774
2790
2743
3156
2707
3321
2737
2687
2590
2653
2701
2787
2564
2653
2596
2660
2710
2550
2586
2743
2913
3143
2740
2773
2890
2730
2730
2600
2404
2600
2817
2634
2583
2633
2530
2537
2563
2510
2530
2773
2816
2643
2577
2660
2744
2610
2660
2546
2483
2891
2684
2767
2687
2690
2750
3430
3237
4944
3070
3187
3773
3584
3560
3133
3166
2930
3216
3400
2687
2830
3293
3530
2583
2710
2607
2690
2633
2624
2714
2641
2700
2744
2597
2707
2777
2770
2580
3467
2744
2654
2804
3243
3286
2854
2750
2586
3794
2670
2703
2627
2904
2590
3534
2667
2877
2730
2690
2837
2660
2607
2590
2624
2820
2580
2674
2687
2994
2783
2787
2824
2754
2657
2537
2566
3327
2747
2640
2787
2594
2570
2663
2617
2687
2727
2966
2760
2537
2840
2527
2730
2660
2853
2540
2637
2534
2726
2770
2437
2710
2546
2771
2584
2574
2560
2804
2537
2716
2827
2817
3247
2780
2674
3457
2874
2664
2677
2524
2630
2670
2607
2744
2580
2657
2493
2707
2600
2747
2624
2827
2613
2654
2687
2600
2700
2673
2810
2630
2616
2467
2673
2600
2610
2670
2616
2710
2667
2647
2656
2497
2563
2730
2730
2636
2554
2817
2747
2700
2560
2700
2590
2717
2723
2550
2750
2597
2670
2670
2613
1006
1038
1096
1070
1031
1056
1037
1071
1112
1103
1054
1073
1026
1068
1053
1147
1218
1479
1180
1092
1106
1136
1148
1078
1118
1061
1089
1094
1069
1059
1112
1068
1099
1204
1133
1060
1098
1073
1051
1043
1104
1068
1091
1067
1080
984
1000
1070
1122
1103
1046
1066
1053
1042
1086
1035
1045
1030
1020
1061
1074
1136
1131
1087
1082
1083
1079
1093
1058
1075
1063
1049
1053
1012
1104
1028
1058
1033
1045
1079
1083
1065
1111
966
993
1110
1083
1038
1104
1106
1076
1096
1212
1096
1109
1155
1135
1100
1041
1091
1083
1076
1359
1065
1220
1141
1032
1091
1094
1093
1103
1124
1053
1131
1053
1104
1045
1069
1111
1135
1029
1149
1103
1071
1062
1039
1125
977
1052
1054
1114
1091
1080
1082
1048
1081
1098
1112
1000
1112
1055
1084
977
1087
1060
1064
1128
1068
1038
1128
1114
1053
1036
1090
1061
1090
1047
1132
1036
1114
1050
1113
1018
1113
1141
1124
1138
1070
1103
1077
1121
1065
1066
1084
1176
1066
1037
1064
1146
1111
1018
1068
1243
1184
1079
1050
1104
1115
1137
1096
1081
1131
1000
1097
1079
1140
1055
1170
1121
1152
1113
1091
1050
1434
1130
1099
1143
1020
1029
1049
1017
1048
1035
1090
1051
1019
1059
1089
1110
1004
1025
1095
1052
1298
1101
1097
1045
1117
1161
1628
1131
1088
1035
1087
1086
1096
1070
1052
1046
1092
1060
1039
1087
1030
1037
1041
1023
1087
1037
1071
1096
1032
1072
2554
2763
2553
2567
2606
2637
2797
2484
2804
2523
2433
2794
2494
2570
2510
2603
3137
2593
2724
2584
2641
2507
2583
2524
2580
2620
3324
2690
2630
3223
2654
2660
2670
2477
2583
2650
2516
2554
2744
2520
2666
2554
3314
3154
2704
2543
2630
2510
3107
2617
2600
2584
2540
2390
2683
2547
2586
2560
2647
2863
2594
2553
2587
2667
2674
2643
2610
3166
2570
2690
2577
2810
2473
2736
2713
2667
2511
2813
2703
2774
2667
2640
2550
2457
2737
2723
2606
2653
2553
2570
2636
2553
2670
2693
2740
2580
2793
3296
2643
2697
2680
2596
2740
2643
2633
2380
1099
1089
1093
1395
1108
1084
1102
1007
1091
1108
1451
1062
1075
1014
1111
1075
1091
1050
1086
1063
1063
1102
1197
1142
1129
1525
1106
1107
1199
1124
1222
1044
1145
1108
1098
1133
1089
1077
1124
1241
1096
1082
1141
1149
1046
1118
1327
1093
1047
1053
1136
1121
1111
1039
1136
1073
1162
1109
1325
1143
1101
1137
1414
1111
1096
1312
1125
1079
1143
1136
1123
1003
1018
1173
1093
1052
1142
1056
1008
1062
1055
1292
1073
1118
1052
1080
1188
1043
1039
1091
1085
1151
1048
1033
1190
1113
1063
1015
1029
1067
1106
1121
976
1075
1137
1062
1052
1075
1021
1020
1022
1037
1042
1082
1013
1038
1051
988
1029
1278
1061
1067
1026
1038
1049
1039
1042
1001
1040
1053
1024
1052
1069
1037
1057
1281
1145
1066
1073
1010
1331
1104
1145
1034
1267
1668
1109
1078
1149
1060
1060
1143
1051
1126
1119
1099
1085
1118
1108
1072
1044
1076
1090
1066
1172
1160
1065
1047
1013
1030
1278
1076
1066
1022
1086
1066
1020
1056
1012
1044
1007
1045
1038
1104
1101
1048
1129
1067
1108
1049
1129
1030
1098
1109
1139
1030
1195
1144
1083
997
1123
1078
1596
1135
1060
1123
1281
1134
1052
1113
1194
1096
1027
994
1538
1086
1026
1155
1035
1395
1108
1037
1231
1055
1164
1147
1013
1149
1104
1457
1092
1412
1106
1107
1057
1108
1129
1067
1130
1066
1217
1103
1158
1678
1156
1043
1138
1108
1109
1088
1013
1108
1425
1020
1005
1115
1035
1105
1059
1117
2620
2513
2680
11263
2590
2430
2550
3174
3443
2904
2687
2820
2814
2713
2600
2667
2766
2856
2760
3137
3190
2501
2637
2544
3013
2584
2827
2517
2840
2610
2874
2810
3500
2823
2633
3010
2647
3770
2727
2553
2623
2644
2507
2620
3083
2563
2853
2640
2650
2633
2523
5980
5694
3160
2903
2560
2784
2531
2846
2933
2657
2907
2504
2737
3880
2724
2633
2710
2663
3217
2616
2564
2740
3220
2676
2520
2673
2856
2773
2690
2550
2414
2487
2600
2603
2653
2706
2617
2693
2747
2717
2674
2703
2551
2713
2770
2763
2714
2464
2637
2637
2610
2487
2534
2427
2536
3170
2684
2503
1096
1048
1058
1383
1082
1379
1115
1104
1118
1200
1035
1556
1056
1124
1090
1123
1162
1131
1078
1069
1134
1042
1080
1054
1207
1337
1094
1116
1113
1084
1912
1047
1481
1094
1063
1103
1018
1089
1264
1123
1043
1133
1037
1034
1118
1103
1029
1060
1108
1078
1241
1141
1095
1133
1117
1123
1101
1092
1132
1091
1038
1077
1122
1053
1118
1053
1094
1027
1167
1438
1109
1105
1160
1113
1128
1097
1135
1434
1076
1157
1111
1099
1114
1121
1047
1096
1120
1051
1097
1344
1056
1159
1128
1318
1152
1120
1126
1063
1136
1092
1104
1090
1076
1003
1108
1039
1126
1017
1112
1138
1050
1031
1078
1135
985
1079
1008
1022
1095
1088
1156
1044
1043
1147
1279
1097
1054
1070
1351
1283
1478
1263
1599
1410
1366
1311
1296
1281
1448
1306
1306
1224
1335
1237
1466
1373
1329
1459
1610
1205
1078
1079
982
1055
1107
1185
1046
1043
1110
975
1038
1025
1072
1079
1047
1072
1037
1078
1030
1048
976
1040
1120
1389
1072
1024
1076
1104
1015
1071
1052
1350
1114
1025
1039
1131
1026
1063
1076
1205
1013
1073
1031
1055
1086
1031
1089
1056
998
1076
1023
1061
1070
1049
1127
1058
1007
1084
1108
1404
1158
1318
1153
1195
1181
973
1109
1013
1221
1038
1041
1069
1056
1052
1059
1081
1155
1067
1077
1015
1052
1037
1084
1093
1040
1080
1112
1044
1155
1049
1051
1062
1190
1125
1093
1059
1073
1050
1054
1030
1045
1125
1006
1025
1002
1085
1421
1076
1121
1155
1114
1050
1129
995
1020
1238
1315
1014
1079
1186
1255
1131
1257
1045
1113
1043
1006
965
1111
1061
980
1088
1019
1076
1066
1010
1084
1017
1033
1080
1016
1009
1119
977
1025
1031
1096
990
1076
1054
1051
1076
1023
1130
1011
1126
1072
968
1093
1059
998
1062
1012
1059
1317
1069
1052
1128
987
1085
1115
1136
1086
1031
1199
1030
1078
1107
971
1100
1022
1065
1069
1127
1200
1020
992
1045
1077
1078
1039
1105
1087
1048
1066
1066
1058
1102
1033
1086
1100
1088
1131
1120
1248
1053
1113
1071
1143
1308
1277
1110
1035
1114
1089
1052
1149
1063
1055
1124
1048
1050
1099
1102
1043
1025
1092
1014
1025
1046
1106
1041
1077
1036
1015
1132
1107
1104
1020
1096
1037
1039
1103
1025
1062
1020
1100
982
998
1040
1011
1015
1068
1066
1089
1000
992
1167
1022
1031
1004
1034
996
1017
1068
1012
958
1122
1111
1070
989
1038
1006
1106
1017
985
1060
1027
1136
1035
1037
1008
1131
976
1081
959
1040
1007
1009
1054
1055
1022
1072
1016
1023
1009
1018
1069
1072
1055
1010
967
960
1064
968
1048
1075
984
1104
1000
1881
989
1036
1110
1041
1012
1016
991
1060
996
1037
1038
1041
1046
1084
1010
1048
1019
1105
1060
1074
1045
974
1066
1007
987
1000
1053
1091
1086
992
997
1068
1030
1095
1060
990
1006
1056
1057
1029
996
1021
1012
1051
989
1097
987
1019
1057
1027
1047
1121
1059
1062
1043
980
1058
1036
953
1076
1045
1063
1000
1123
1075
1035
983
1035
978
1023
1051
1028
1060
1020
1103
1002
1089
1049
1035
1015
961
1132
998
1011
1016
1089
1380
1022
1023
1076
1027
985
1055
1086
1068
944
1099
1084
1140
1068
1100
1086
1047
1087
1029
1027
1097
1098
984
1068
1067
1076
999
1079
1042
1013
1048
1093
1061
1083
1064
1037
1094
1051
1072
1102
1009
1080
997
973
1074
1366
1040
1020
1088
1040
1069
1063
1023
1127
1034
1087
1022
1103
1053
1077
1085
1051
1100
1095
1011
1029
1049
1042
1043
1065
1047
1169
997
1036
1000
1021
1063
1086
1028
1113
1089
1007
1068
1034
1054
971
1045
1046
1024
1036
1027
1075
938
1071
972
972
1035
1069
1045
1046
1109
1102
1039
1071
999
1122
1159
1098
1104
1024
1006
1067
993
1037
1022
1087
1054
1053
991
1075
1122
1069
1045
1101
1028
1164
1082
1032
1082
1082
1142
1077
1125
1019
1117
1099
1097
1234
1039
1093
1091
1042
1054
1086
1039
1053
1038
1075
1094
1085
1080
1026
1042
1069
1050
1014
1074
1032
1375
1080
1136
1028
1268
1026
1080
1112
1097
1027
1230
1056
1087
1093
1083
1052
1108
1057
1070
1061
968
1086
993
827
660
758
556
591
410
328
579
483
385
447
414
812
393
618
942
628
442
449
398
484
597
484
569
600
537
480
328
438
449
618
445
430
368
456
392
413
288
598
422
386
325
357
300
545
306
331
334
395
448
355
324
476
301
309
300
423
303
311
300
916
640
644
674
600
390
375
465
337
330
299
321
303
358
345
418
330
389
368
299
341
310
291
480
331
498
304
305
418
415
320
299
297
381
303
312
296
386
298
296
293
383
298
302
325
446
327
323
378
1627
330
295
304
363
514
298
301
465
794
563
384
395
737
504
328
293
332
336
555
357
393
315
309
310
304
321
424
333
445
451
303
330
400
294
306
307
375
502
411
350
554
323
393
403
456
308
304
296
452
308
287
417
435
316
354
320
390
444
489
385
437
358
295
350
442
325
978
338
521
410
352
298
372
326
326
612
415
391
324
409
403
475
337
906
712
338
350
377
334
320
386
407
417
419
400
328
361
424
473
299
569
2214
319
2004
301
293
582
598
919
658
358
343
481
327
359
412
412
453
394
402
434
1345
714
562
576
636
424
355
541
356
336
681
413
308
342
352
292
521
313
336
288
1561
319
337
346
317
288
292
351
290
437
377
321
301
542
420
321
312
300
342
461
458
325
311
304
458
427
441
299
502
334
298
514
527
357
288
302
379
296
440
309
295
326
372
305
376
303
395
316
401
353
326
313
2793
306
583
533
387
298
322
318
690
354
297
313
397
414
298
298
422
287
317
353
376
282
290
297
484
301
300
351
310
305
308
335
424
296
485
328
391
501
313
289
394
310
300
393
380
298
296
395
416
295
343
291
295
315
322
1260
746
610
507
376
405
345
359
332
424
304
472
323
375
429
328
282
425
322
334
461
353
3852
293
310
334
290
375
359
329
474
631
564
423
282
411
451
437
405
388
288
396
314
344
315
308
304
574
364
366
336
326
368
451
333
322
323
454
294
408
307
2584
666
345
405
417
393
306
290
1716
320
372
1187
2978
327
329
396
602
327
339
324
410
318
326
320
506
288
307
331
421
312
334
330
1812
291
318
334
308
289
317
323
388
373
338
321
406
330
324
298
1176
353
328
383
399
299
308
292
458
301
299
328
757
325
308
327
4432
303
289
302
337
309
348
298
369
321
301
321
393
295
322
292
560
311
379
434
521
325
327
312
395
307
321
353
376
282
304
375
290
334
304
355
334
310
317
350
348
348
329
459
320
296
322
393
316
383
289
302
378
342
470
292
344
308
292
425
878
361
344
305
302
382
311
755
310
332
304
297
726
357
323
334
2841
303
317
319
366
359
340
390
313
334
298
1464
2204
336
298
361
4455
314
332
358
520
299
333
693
293
311
328
316
614
296
305
299
310
361
301
330
301
290
374
340
425
324
331
298
382
290
291
291
1774
347
317
323
296
300
342
298
288
298
420
307
420
354
318
318
286
301
991
350
4223
366
310
422
332
338
302
309
763
300
329
284
314
303
316
306
413
362
660
409
614
327
468
448
400
318
319
308
584
301
313
435
308
310
337
320
300
326
312
410
326
324
297
451
316
333
322
310
761
302
345
332
412
298
294
302
304
314
294
286
459
297
356
328
387
299
320
341
313
300
316
297
734
302
325
309
367
301
294
392
291
394
435
301
306
353
293
475
317
335
289
418
530
423
680
367
308
396
303
419
389
400
313
391
354
304
297
393
343
305
302
381
363
405
337
465
401
346
307
323
299
294
356
384
374
420
369
287
311
759
316
461
397
299
553
377
501
419
301
313
405
295
362
356
564
458
485
303
316
351
372
294
312
439
305
356
317
348
350
367
293
299
295
375
388
407
326
302
354
420
282
342
354
377
4319
575
390
567
436
315
324
326
338
302
345
348
297
325
347
304
359
537
499
308
447
372
301
353
319
372
319
295
294
424
324
275
323
344
350
314
298
441
300
394
378
818
410
406
291
439
714
289
324
373
290
300
286
697
326
403
337
436
315
312
311
366
376
459
541
494
381
339
332
510
338
381
388
372
289
300
318
312
355
371
313
307
302
412
607
358
306
326
360
406
320
316
344
396
307
388
304
440
410
342
318
591
587
513
307
373
386
297
374
421
309
296
298
445
297
299
283
437
300
348
508
393
358
430
435
388
300
286
289
647
326
323
316
449
310
309
319
347
292
418
310
1461
302
391
368
683
727
330
295
786
336
297
338
422
294
371
328
442
298
280
370
412
306
310
341
433
361
773
329
442
325
326
298
469
305
359
349
431
371
566
315
387
381
519
403
546
339
336
333
548
353
284
844
513
382
304
316
452
440
320
297
558
452
296
384
378
657
360
468
3437
423
357
311
324
339
320
312
288
320
440
330
398
310
393
379
344
437
389
393
361
302
305
331
387
639
350
364
301
290
324
378
348
318
314
373
372
290
320
439
323
325
289
378
291
541
384
424
344
313
316
459
323
326
428
447
317
344
362
418
345
339
343
709
356
338
307
558
283
367
309
382
336
303
323
387
544
390
361
457
317
319
332
417
300
457
291
345
325
327
301
327
5093
344
362
422
358
447
309
329
322
331
337
310
295
334
312
402
373
319
314
366
399
640
774
430
327
299
370
298
533
428
406
401
304
290
447
396
366
368
445
330
421
679
299
299
288
299
332
325
344
308
450
428
346
357
327
319
363
370
436
436
352
396
494
426
548
413
397
341
313
303
388
602
432
418
424
320
323
319
322
569
395
326
357
316
334
289
366
432
332
307
307
298
315
301
305
298
374
320
315
305
291
465
530
405
442
290
388
292
655
356
421
400
387
372
428
329
464
362
420
319
328
447
445
330
302
291
455
480
457
296
430
305
284
313
764
634
720
398
948
413
325
761
399
321
317
295
498
359
380
341
414
368
298
304
401
357
412
450
403
338
294
546
388
299
376
322
424
288
333
395
385
345
363
326
377
287
396
303
358
396
719
377
415
298
357
340
379
342
281
369
299
542
320
366
385
321
292
327
420
389
342
336
564
293
384
323
302
295
330
286
327
573
366
312
308
272
320
308
326
558
348
721
1225
319
321
332
481
309
390
510
358
766
440
434
287
716
639
404
298
387
810
642
557
336
1723
368
384
443
319
372
305
342
321
476
296
311
349
287
307
486
527
373
377
289
348
381
380
346
324
447
334
316
300
376
395
350
313
446
319
365
304
398
573
472
289
322
566
306
315
304
416
294
284
433
311
293
311
365
344
290
288
378
356
358
296
382
302
298
293
444
292
486
395
373
384
301
365
339
436
631
312
426
295
314
293
305
346
310
283
312
537
361
447
474
354
383
457
305
354
417
316
303
379
572
471
360
353
380
362
333
502
388
427
319
296
279
383
333
293
280
504
310
366
357
401
329
285
302
430
321
322
410
337
287
332
349
565
404
315
303
401
336
354
308
372
302
294
370
605
607
348
536
354
321
296
355
310
299
293
308
365
305
430
362
307
305
279
376
305
360
337
756
392
367
308
463
305
357
323
327
294
384
297
374
295
301
361
441
308
304
297
377
321
298
312
435
477
350
320
383
345
276
299
434
293
327
311
398
297
356
304
483
300
321
306
367
340
322
365
388
322
325
304
359
293
387
325
450
346
308
323
548
306
309
352
480
386
376
435
296
349
359
359
285
296
295
313
286
333
344
326
295
310
312
372
322
333
281
385
331
565
325
423
311
281
295
475
307
324
321
410
288
345
297
360
328
333
291
293
667
850
723
717
837
843
894
1413
786
794
867
720
760
980
770
710
776
833
814
713
764
1193
856
806
843
697
730
846
723
707
824
886
797
823
667
720
737
784
937
704
813
826
780
847
656
724
980
2684
1860
1417
1297
893
984
850
2397
1210
4910
876
796
5184
1460
953
740
730
820
946
6374
7657
740
1080
750
1340
1167
1073
793
767
787
1793
887
1547
1100
977
820
960
910
923
700
823
880
833
720
730
656
823
1006
837
670
874
777
713
746
970
1230
1047
1143
1400
746
870
1053
873
1510
693
960
843
830
1780
680
2363
847
2680
684
1774
783
677
727
1061
677
694
1033
810
687
827
876
1540
1433
1263
750
833
664
990
690
801
687
1063
786
683
1110
673
903
1397
837
1074
1193
1283
966
813
863
1493
890
850
1200
960
1017
1530
846
9037
790
1076
26683
797
897
874
1200
827
846
1417
1184
796
684
686
777
734
1023
760
700
684
687
670
780
704
710
846
763
766
673
1206
823
807
757
703
820
760
1080
720
1110
700
683
803
904
1217
887
1087
803
920
733
800
854
837
990
907
690
673
690
827
717
970
706
707
817
780
713
707
887
810
670
900
803
850
676
704
700
804
853
706
840
856
700
780
867
660
707
840
737
674
700
857
717
850
963
977
1057
744
780
860
786
720
934
960
960
683
680
1144
703
814
873
800
920
883
920
840
710
703
870
1023
676
723
697
757
910
703
697
774
923
713
700
683
767
753
800
780
803
857
1500
804
776
1033
810
774
760
943
870
806
713
790
760
913
686
700
787
790
650
993
834
664
864
677
807
883
780
710
804
753
684
767
833
763
694
1366
914
690
797
674
1083
704
720
830
810
720
780
677
810
1867
934
966
907
720
937
1570
1143
1260
1333
1474
1030
727
1040
836
700
1481
1630
1067
987
846
976
794
1460
1580
847
1837
930
1013
820
1124
1026
743
894
870
680
1350
1257
1550
1176
780
907
800
833
1113
657
780
804
793
720
706
876
873
1090
873
887
840
737
764
767
693
680
807
683
1050
1143
834
767
676
703
934
690
720
930
687
840
650
684
677
853
850
684
703
674
916
823
687
680
686
660
693
696
654
930
870
854
697
887
700
711
677
837
936
823
733
903
724
987
824
943
690
683
1023
840
720
720
933
933
893
750
746
933
886
1213
964
830
800
710
777
960
946
793
810
917
683
693
774
743
703
787
873
914
973
850
690
834
694
810
847
670
703
910
820
967
713
660
957
684
687
697
924
744
843
857
786
834
693
1474
884
680
676
783
857
913
783
940
783
683
893
840
814
810
726
687
804
893
830
886
797
1223
963
883
780
907
900
873
696
687
694
850
757
677
750
690
693
860
690
690
1357
810
913
853
767
673
764
997
686
693
1014
750
717
690
700
823
896
684
730
703
883
797
1450
1000
704
847
673
667
893
916
1097
800
1003
670
813
763
687
1017
677
690
1027
1144
693
697
1070
910
683
686
1297
1380
1173
1037
713
990
844
1350
1280
1073
736
924
680
803
973
770
700
713
963
703
1113
1390
827
926
810
817
800
927
786
807
727
680
1453
990
1007
703
833
1090
977
840
676
1443
930
956
1027
1283
1107
783
696
694
694
703
890
877
797
700
840
740
1447
1064
1023
877
780
713
667
25884
1073
730
690
813
847
884
1254
1363
930
726
857
707
696
1170
1173
704
696
940
740
923
1123
1367
1110
923
957
813
786
733
1373
803
780
1076
834
690
704
880
794
850
917
743
796
874
966
957
907
887
757
927
1324
1283
1047
877
783
957
897
1797
1007
797
800
960
850
967
803
1377
700
757
813
1227
777
813
700
2277
704
706
957
1023
674
1487
740
1403
807
840
680
813
706
724
794
817
720
826
677
1454
693
746
806
937
694
890
974
934
857
877
843
796
907
873
913
996
1087
707
816
797
890
923
960
677
940
690
790
676
793
913
900
760
774
943
780
804
970
776
933
743
700
853
873
803
750
687
853
763
676
910
870
697
754
677
706
827
1077
857
800
783
743
726
694
710
827
760
770
907
713
813
860
717
903
724
694
854
744
797
1067
706
1193
820
737
870
683
920
767
804
874
740
650
823
940
896
800
734
946
753
723
690
677
774
790
960
807
1420
773
1410
913
863
757
846
743
974
997
810
727
1043
677
773
693
767
650
823
876
990
683
834
673
813
717
680
680
696
996
916
963
1303
1037
920
920
663
673
894
850
806
687
741
903
886
957
1537
1403
1484
1050
950
1664
1160
770
677
921
930
713
940
1296
800
833
680
1070
796
663
936
800
987
676
663
910
794
697
690
820
820
767
826
823
860
754
670
826
820
814
776
787
740
687
963
820
1076
1313
804
817
743
713
877
730
730
697
717
1390
900
807
824
726
900
783
780
757
690
806
1593
953
1450
1110
1030
1040
684
837
847
683
696
863
1083
890
717
957
970
680
880
893
973
794
1103
810
803
677
1120
780
807
687
744
813
976
910
900
946
673
950
717
757
683
790
727
823
960
701
863
850
693
1090
1250
950
843
1203
806
940
756
736
700
863
730
670
690
904
1266
2191
887
946
733
806
683
1010
666
730
947
920
666
967
846
1210
830
940
840
793
797
714
783
990
726
787
703
727
743
720
780
720
804
870
1660
927
946
994
830
917
803
684
707
783
974
860
753
790
990
874
1050
770
706
727
1117
680
853
700
847
867
730
767
886
796
687
827
863
994
1216
830
874
870
714
816
777
687
743
803
787
840
837
817
854
890
693
790
1147
1000
810
793
950
1177
1240
907
736
783
690
820
10274
1227
917
1517
787
1037
926
990
1277
964
970
990
1643
1140
926
887
817
866
787
1503
1130
843
890
1613
800
1066
797
870
1174
860
800
1084
1420
910
1330
1793
1533
936
1114
994
1450
1467
977
1070
1120
1367
1050
1190
1140
1473
1153
1357
900
710
884
806
733
953
933
966
760
957
884
790
856
994
816
674
800
917
923
930
954
797
847
787
773
1353
990
940
747
860
947
840
840
877
1520
973
874
697
727
1080
1176
970
767
823
693
1404
693
774
1003
863
1224
916
656
680
667
884
906
797
684
727
773
746
886
1184
791
687
830
760
777
894
920
844
693
1050
893
784
920
927
837
986
814
1054
960
1117
893
673
843
863
836
803
846
1047
877
756
666
1006
1777
993
870
850
830
877
834
803
880
1290
1327
993
1047
873
1013
773
1483
904
1040
950
1460
1356
1050
933
1324
893
1036
854
930
913
900
870
1131
1003
1470
850
923
1407
843
1460
884
934
1250
1057
843
807
910
1170
773
1023
817
883
1153
927
1090
726
1980
973
987
946
854
837
910
870
1396
683
803
693
900
877
823
1143
887
767
913
1247
997
1030
1226
857
983
717
726
714
763
930
707
660
783
830
913
863
814
683
793
880
700
690
703
880
927
717
1730
863
916
990
1253
700
673
693
987
700
900
694
980
717
703
780
720
830
690
690
904
890
837
910
1420
1257
1457
1023
1103
860
727
827
1357
923
1017
1116
966
917
956
870
1250
960
1367
1440
1430
1514
1553
1690
1003
1200
1486
1443
1710
1473
1060
1470
1510
1374
1656
1120
1016
916
1390
1316
830
877
870
1053
870
917
840
890
910
870
737
957
780
953
813
967
800
917
697
783
940
677
793
693
1103
867
860
924
823
897
790
794
1053
986
770
893
1093
850
880
1130
820
810
820
884
1130
1480
1033
970
1497
1813
1013
883
1034
953
1184
730
823
1020
663
940
836
890
903
947
830
873
813
800
983
920
730
883
726
660
687
863
943
890
723
790
907
680
813
927
703
677
770
847
880
546
607
730
713
550
814
780
635
677
648
887
774
555
558
777
568
548
772
654
542
640
698
931
1245
667
697
552
650
635
544
562
788
766
664
727
605
558
770
798
948
673
567
539
553
545
725
593
570
705
630
668
569
661
668
629
562
542
942
548
750
793
669
809
595
649
597
752
546
551
697
551
562
572
720
596
544
536
647
551
614
625
649
745
633
546
704
632
551
680
619
731
628
720
1335
1567
1167
734
1005
838
1061
870
758
699
1069
762
1052
1435
725
823
1075
1082
903
748
717
560
753
657
897
1384
654
692
842
560
557
800
998
699
711
892
694
548
718
647
668
560
560
711
669
1144
672
691
786
871
631
669
557
586
545
607
1099
699
751
716
814
642
558
1059
866
725
760
718
586
803
793
1040
777
678
767
800
1109
842
783
1303
1179
760
1411
950
868
644
678
560
781
583
666
579
739
596
803
642
1125
810
1498
697
725
633
737
565
576
762
1216
1078
746
711
637
648
555
580
694
553
600
699
610
533
560
1050
1120
840
1063
788
562
702
586
898
664
560
575
1678
720
834
616
883
544
725
605
840
640
574
678
1280
705
660
572
658
592
628
635
643
1105
1263
875
687
732
753
823
1553
872
616
812
896
543
591
553
998
553
640
1694
770
751
728
782
586
720
553
532
631
573
1223
962
851
775
657
868
729
545
553
979
542
598
1263
1610
1071
821
1108
850
572
727
732
795
797
598
553
658
553
535
1499
779
706
792
560
701
560
793
571
913
713
1012
800
814
1116
737
592
544
722
657
532
741
544
1066
1191
859
660
843
899
658
551
558
802
558
654
553
880
551
631
775
1343
1132
1065
817
1127
1047
908
709
715
765
555
607
680
525
569
567
697
551
548
550
827
1129
805
1150
687
795
555
549
600
630
562
727
1184
628
696
609
720
544
631
545
1092
725
798
723
638
730
621
555
765
703
689
795
656
562
600
665
529
563
1136
729
788
556
541
718
545
727
720
734
550
595
739
1417
1163
710
528
757
623
610
687
713
791
622
614
565
544
668
574
675
546
645
555
645
621
568
666
564
542
652
711
537
711
542
665
720
720
654
548
682
638
645
720
580
630
550
718
687
791
796
736
642
817
552
1299
772
813
880
762
638
727
555
953
642
734
670
1073
727
809
550
650
626
567
553
563
579
661
553
837
781
901
1064
849
560
560
551
645
572
619
575
605
558
537
630
558
812
546
565
701
551
732
725
668
640
570
650
703
704
772
649
619
541
572
722
645
565
704
624
663
1243
682
551
1160
829
852
673
899
591
691
563
562
553
645
730
642
751
558
715
696
652
540
613
550
536
652
553
565
544
789
704
628
544
566
1002
873
709
668
818
550
882
800
581
575
774
769
687
661
739
690
633
736
798
1078
902
737
790
659
562
593
560
753
576
550
572
563
788
666
660
1080
730
896
674
553
548
548
746
624
550
833
642
717
791
537
736
631
657
784
908
710
666
541
633
786
734
538
616
643
548
865
551
626
612
563
920
626
565
713
560
736
621
727
711
555
1223
657
749
560
745
645
555
551
566
648
779
842
525
625
885
539
692
637
644
683
656
826
580
562
584
694
696
668
574
650
553
647
551
1005
572
553
577
790
597
709
730
690
628
539
553
775
636
654
545
757
656
654
837
802
685
843
645
584
539
570
543
670
570
628
583
947
1066
703
857
758
675
565
807
718
572
557
826
600
656
556
736
795
558
543
950
552
562
577
800
1013
892
711
732
1132
713
614
652
640
600
815
1128
828
617
536
718
562
948
1056
788
564
560
713
713
558
578
1214
955
570
551
678
556
699
593
664
551
720
562
659
678
757
557
650
720
664
575
840
778
543
581
720
553
929
532
739
543
710
1129
662
633
855
725
648
558
640
572
558
691
812
1059
772
775
776
1038
890
929
1517
970
735
845
1156
1158
1360
778
1097
1318
1258
744
838
1325
1022
972
621
993
560
541
548
770
548
586
649
640
517
1148
810
558
620
535
819
548
727
652
541
545
664
702
642
903
691
800
659
640
690
704
623
545
575
563
522
558
562
548
811
652
642
574
755
584
555
537
730
541
558
553
744
657
617
624
1007
810
628
645
757
564
558
812
817
1292
934
637
958
548
579
711
654
619
614
716
614
591
563
595
699
541
633
640
560
620
548
633
570
680
571
605
695
738
611
560
603
570
569
703
633
562
548
617
532
642
636
706
555
640
635
661
621
558
562
648
642
546
558
657
1181
1614
718
781
769
647
732
567
560
597
623
548
537
558
764
591
755
556
555
555
666
668
680
551
642
562
555
560
567
616
738
774
553
536
647
744
544
536
757
542
685
840
748
546
755
548
856
562
562
539
633
548
757
654
563
711
673
560
649
544
547
562
575
555
560
715
854
918
859
820
582
600
537
675
555
537
555
748
776
536
786
953
1021
658
621
624
530
638
626
618
524
638
535
834
522
577
558
791
542
810
567
805
596
607
671
732
1042
705
728
711
605
553
640
645
617
602
614
682
790
590
555
772
580
769
765
704
666
677
541
699
555
689
815
624
856
628
746
737
864
689
1127
658
1501
807
650
708
800
810
1445
550
614
578
800
638
678
565
661
748
546
543
678
525
770
783
682
548
532
609
645
703
781
548
981
765
746
738
664
547
548
543
685
537
685
1108
1344
917
952
1137
864
1263
932
1005
1007
685
908
720
745
574
545
642
583
647
560
828
562
551
2057
1355
1146
897
781
1073
691
614
1100
920
882
678
939
753
880
699
558
678
568
550
542
632
775
649
583
941
600
592
672
669
1014
723
571
809
576
555
1054
1226
883
775
852
898
892
1183
692
723
663
691
739
762
665
699
637
553
567
555
703
934
597
661
696
541
722
692
652
567
588
830
826
600
556
707
651
610
696
730
680
732
642
722
652
560
712
567
1113
668
1000
730
833
1062
970
822
695
711
553
610
940
757
1567
894
901
720
710
732
950
685
706
938
557
795
852
1064
1150
920
737
618
1308
1014
593
659
950
773
730
1386
697
555
701
899
565
550
708
725
713
696
710
738
569
732
713
991
567
663
960
913
574
548
633
626
812
560
680
578
615
650
586
565
569
607
638
1348
1146
1060
1000
750
767
595
576
668
569
570
552
1063
1413
1261
1202
1010
697
558
673
567
726
560
807
659
551
597
995
793
922
696
673
863
602
1113
718
786
544
934
834
810
971
685
586
904
574
553
760
562
666
1146
1165
1118
1021
774
972
580
1529
800
1235
1125
632
780
687
694
575
673
560
557
814
1797
757
755
1160
1416
713
568
835
988
710
664
565
692
1092
772
566
624
558
663
716
651
1045
823
660
785
557
606
617
825
800
728
774
885
720
1207
545
1234
664
670
952
631
577
618
640
657
859
1127
788
698
1099
1043
821
654
565
793
888
562
704
652
1024
1120
1068
776
1037
1040
1061
767
1182
1014
732
785
673
860
577
715
722
560
548
557
645
1060
1083
757
661
640
772
619
678
654
899
1303
1026
1003
963
1187
1212
1167
1255
1023
1012
1402
1131
1090
998
1092
1457
1134
1136
1454
1052
1600
1247
1014
1070
939
1548
1310
1176
1064
1075
1552
2058
1365
1210
1134
2325
1318
1265
1097
1040
2156
1358
957
701
656
1228
715
856
1094
588
986
955
626
1047
602
915
1151
842
1177
1050
760
577
777
866
644
1415
692
658
795
760
1568
1157
755
1076
626
1064
817
774
583
544
2185
1372
1261
836
838
835
960
773
638
1007
678
741
812
718
545
760
