2144580
39127
39394
38393
83491
74347
38653
85450
40241
77614
42381
38677
38787
41350
757533
45314
42423
18403
18909
14352
18456
18787
19007
16928
17712
19828
20098
14333
424297
12221
14364
14549
11124
10253
11099
10408
11347
14699
11451
11110
11800
12384
12810
10706
87766
12451
11723
10580
10864
13180
11972
10707
11248
10374
12973
10541
10711
10723
11471
10630
12986
12879
11063
11993
10802
10467
11301
11275
10633
10523
10360
14893
17347
10590
15167
10570
12344
10722
10754
10011
9788
12548
10201
25208
9865
10027
11787
10198
10025
9908
9882
14050
11365
10810
10057
24628
12213
10841
9976
9924
10014
15030
10003
10374
10371
10268
58982
13058
24652
2350
2458
2973
2484
2366
2376
2265
3006
2514
2522
2516
2436
2961
2474
2573
2316
2323
2838
2403
2468
2402
2399
2657
2388
2331
2400
2475
2770
2486
2509
2333
2505
3114
16926
2264
2266
2345
3265
2456
3893
2475
2276
14650
2442
2464
2547
2416
16609
2419
2588
2468
2495
2354
2442
2522
2386
2401
2416
2446
2620
2449
2629
2436
2304
2506
2381
3396
2433
2471
2602
2380
2430
2399
2782
2841
2309
2380
2291
7516
2354
2471
2403
2316
2412
2366
2455
2330
2436
2359
2237
2195
2318
2498
2399
2872
2386
2324
2437
2577
2450
2375
2299
2524
2548
2366
2515
2390
2216
2451
2310
2347
2326
2347
3408
2720
2415
2314
2940
2377
2408
2415
2225
2430
2208
2352
2615
2487
2543
2550
2664
2527
2366
2417
2481
2325
2382
2301
2375
2240
2289
2545
2236
2522
2233
2327
2421
627260
29826
2237
2052
1783
1927
1972
2292
1944
1903
2052
2035
2128
2354
1978
1774
1960
1811
2190
1901
1902
1978
1815
1870
18069
1940
1842
1856
2057
1990
1960
1945
1982
1962
2128
1983
1961
2055
2101
1907
1908
1928
2086
2085
1886
1906
1896
2122
2190
1849
1963
3018
3141
3586
2296
2318
2265
2037
1935
1845
1984
2279
2006
2044
2099
2432
2278
2480
1815
1901
5270
8473
6250
5377
4550
5580
6577
5530
5500
4643
5367
6277
5137
4926
5437
8160
5913
6363
5497
5120
5040
5423
5290
5676
5054
5370
5440
5027
5143
5210
5820
5117
5437
5393
5334
6030
5297
5943
5327
4987
5934
5310
5363
5144
5383
5904
29367
5057
6656
7040
6027
5407
6150
5153
4987
6030
5583
6047
5537
5154
5907
5327
5433
5506
4977
5397
6183
6203
5406
5096
5317
5677
5227
5189
4715
5414
5172
4766
5178
4937
5417
5455
4688
5099
4963
5355
5207
5432
4789
4654
5334
5129
6963
5354
6714
5606
5136
4917
5134
4769
5109
4949
4902
8042
5472
5020
7077
5945
4895
67264
4579
4660
4896
5035
6059
6635
4546
5254
6148
5557
5125
5063
5209
5143
5509
6425
5814
5471
5531
5065
5172
6149
5226
5074
5471
5814
5326
6264
7860119
3691
2462
2025
2317
2116
2141
2085
2344
2113
2166
2086
2274
2203
2082
2208
2155
2037
2286
2182
2116
2089
2056
2002
2273
2208
1920
2163
2053
2069
2247
2399
2026
2281
1981
2120
2399
2250
1989
2197
2102
2120
2090
2264
2031
2189
2476
2379
2136
2152
2041
2123
2268
2171
2201
2008
2237
1961
2095
2218
2250
2015
2527
2156
2146
2300
2302
2129
2204
2120
2086
2241
2552
2184
2347
2136
2132
2215
2118
2910
2264
2143
1970
2070
2188
1980
2356
2136
2042
3966
2520
2131
108435
2436
2329
2193
2061
28348
15452
1236
1203
1132
1224
1145
1287
1133
1189
1124
1142
1361
1148
1084
1100
1116
1368
1013
1063
1217
1486
1225
1198
1137
1242
1218
1239
1288
1173
1259
1138
1147
1186
1198
1258
1217
1144
1150
1190
1274
1366
1206
1182
1212
1187
1360
1163
1152
1233
1125
1240
1228
1184
1213
1140
1220
1271
1247
1252
1239
1261
1306
1288
1200
1237
1169
1182
1274
1302
1172
1202
1155
1359
1214
1204
1225
1167
1194
1266
1229
1214
1200
1244
1212
1200
1213
1177
1137
1279
1224
1265
1188
1165
1116
1174
1403
1192
1204
1156
1154
1284
1237
1224
1282
1194
1179
1155
1160
1236
1204
1140
1200
1164
1158
1154
1210
1200
1176
1211
1186
1157
1159
1144
1163
1154
1179
1180
1208
1214
1198
1277
1165
1188
1317
1154
1172
1207
1135
1106
1183
1142
1110
1227
1260
1173
1203
1145
1205
1176
1166
1467
1220
1185
1334
1200
1239
1191
1197
1159
1139
1106
1203
1193
1241
1224
1178
1210
1335
1200
1221
1165
1197
1190
1200
1180
1148
1207
1184
1200
1251
1193
1240
1459
1265
1180
1644
1254
1309
1317
1172
1336
1195
1206
1410
1195
1198
1139
1200
1372
1164
1127
1197
1162
1329
1190
1186
1205
1205
1727
1218
1213
1150
1199
1951
1374
1418
1332
1240
1314
1240
1276
1173
1186
1218
1211
1182
1177
1147
1262
1290
1186
1262
1223
1174
1278
1214
1163
1203
1118
1223
1220
1181
1206
1167
1254
1207
1208
1214
1333
1247
1189
1212
1184
1267
1260
1198
1211
1200
1128
1236
1273
1195
1271
1237
1192
1283
1167
1184
1267
1212
1193
1221
1274
1261
1853
1211
1233
1214
1198
1186
2926
2924
3220
3270
3007
2920
4136
2914
3510
2996
2950
3814
3023
2936
3016
2903
2953
2810
3216
2966
2880
3207
3187
3123
2977
3013
2880
3100
3270
2940
3483
3503
2940
3153
3020
3943
3870
3987
3750
4077
3907
3810
3123
3180
2907
2854
3083
2890
2810
3274
3137
3107
2983
2863
2863
2996
3310
3043
3394
2850
3017
3107
2960
3147
2944
3074
3033
2957
3480
3000
3023
3000
3560
2963
1208
1323
1649
1334
1217
1317
1354
1410
1438
1246
1208
1257
1170
1215
1691
1311
1295
1209
1177
1219
1267
1203
1252
1250
1170
1317
1261
1231
1200
1169
1207
1241
1360
1256
1222
1187
1178
1220
1269
1516
1203
1182
1211
1223
1242
1311
1231
1212
1166
1156
1202
1281
1193
1208
1165
1249
1198
1181
1217
1261
1215
1213
1224
1274
1210
1221
1178
1239
1205
1202
1156
1184
1093
1225
1230
1281
1289
1195
1219
1219
1244
1264
1201
1234
1159
1250
1259
1262
1255
1203
1232
1229
1290
1280
1290
1215
1316
1242
1195
1724
1542
1809
1320
1313
1209
1233
1307
1254
1286
1214
1397
1242
1263
1222
1292
1308
1279
1272
1391
1280
1261
1279
1203
1191
1216
1400
1373
1246
1262
1240
1338
1231
1206
1200
1227
1320
1235
1371
1299
1120
1295
1252
1252
1238
1273
1315
1257
1400
1285
1267
1300
1275
1235
1312
1248
1436
1239
1257
1280
1256
1328
1259
1197
1172
1352
1408
1302
1248
1246
1299
1242
1270
1377
1258
1197
1257
1242
1246
1247
1216
1355
1250
1225
1569
1261
1230
1162
1238
1168
1292
1262
1285
1270
1188
1235
1206
1830
1309
1274
1213
1222
1234
1289
1196
1286
1233
1201
1199
1222
1252
1222
1306
1317
1200
1310
1267
1349
1250
1178
1269
1255
1178
1218
1187
1279
1326
1241
1208
1291
1215
1268
1286
1333
1263
1236
1246
1279
1211
1202
1224
1205
1284
1254
1272
1269
1233
1293
1673
1281
1275
1228
1242
1228
1222
1164
1350
1289
1264
1545
1261
1582
1291
1319
1253
1262
1428
1249
1176
1212
1291
1285
1191
1203
1237
1225
1338
1291
1258
1261
1306
1493
1313
1192
1213
1228
1372
1262
1187
1202
1227
1279
1394
1192
1246
1280
1276
1249
1255
1252
1240
1269
1256
1262
1231
1243
1306
1257
1298
1234
1212
1428
1328
1305
1290
1249
1312
1240
1222
1243
1200
1302
1258
1274
1192
1217
1176
1248
1286
1240
1203
1159
1236
1944
1221
1237
1282
1313
1279
1308
1098
1218
1290
1262
1279
1218
1242
1305
1226
1261
1347
1243
1304
1294
1273
1410
1284
1243
1567
1327
1251
1303
1213
1281
1229
1217
1251
1229
1300
1306
1255
1274
1284
1195
1287
1296
1225
1253
1241
1204
1287
1282
1257
1266
1218
1282
1381
1262
1200
1279
1257
1200
1295
1218
1304
1245
1263
1317
1378
1322
1276
1263
1267
1274
1402
1323
1299
1260
1245
1204
1221
1345
1255
1255
1221
1343
1333
1243
1314
1251
1226
1318
1280
1249
1279
1255
1273
1283
1248
1244
1302
1229
1354
1243
1238
1377
1295
1326
1256
1252
1348
1279
1274
1261
1295
1269
1317
1341
1324
1323
1291
1289
1273
1240
1224
1264
1282
1274
1236
1307
1254
1235
1744
1335
1191
1240
1315
1360
1296
1205
1269
1254
1273
1214
1203
1256
1228
1239
1295
1320
1265
1243
1306
1275
1743
1312
1342
1698
1265
1339
1263
1281
1305
1251
1283
1229
1232
1181
1194
1273
1240
1191
1359
1244
1312
1225
1328
1232
1211
1191
1425
1187
1234
1304
1313
1327
1261
1152
1326
1204
1215
1303
1269
1266
1199
1264
1202
1278
1205
1370
1285
1274
1266
1180
1304
1321
1300
1304
1283
1293
1223
1262
1225
1250
1281
1273
1277
1201
1231
1412
1189
1213
1190
1254
1216
1197
1265
1180
1263
1231
1225
1227
1197
1210
1199
1204
1224
1236
1341
1286
1353
1234
1267
1184
1236
1280
1296
1226
1214
1194
1231
1341
1251
1230
1275
1249
1199
1234
1179
1352
1217
1206
1324
1345
1597
1228
1204
1217
1206
1205
1203
2234
1289
1242
1220
1252
1307
1225
1259
1151
1261
1196
1199
1253
1254
1245
1303
1252
1246
1302
1430
1209
1219
1187
1198
1167
1204
1314
1237
1310
1254
1172
1275
1233
1303
1265
1327
1311
1175
1227
1203
1509
1307
1257
1212
1280
1381
1252
1240
1236
1207
1285
1689
1293
1232
1266
1214
1119
1328
1364
1221
1261
1481
1203
1272
1281
1313
1191
1263
1267
1603
1281
1362
1597
1488
1299
1282
1292
1148
1283
1211
1184
1268
1404
1347
1428
1313
1169
1256
1424
1345
1441
1348
1248
1327
1188
1292
1308
1247
1400
1254
1210
1239
1219
1279
1242
1293
1215
1351
1254
1330
1242
1354
1298
1236
1431
1232
1385
1254
1254
1381
1232
1300
1303
1472
1288
1210
1288
1195
1191
1266
1402
1235
1268
1278
1269
1235
1247
1222
1335
1306
1283
1385
1349
1325
1321
1400
1762
1287
1276
1307
1232
1267
1289
1230
1345
1473
1306
1250
1232
1340
1322
1260
1231
1322
1373
1281
1214
1229
1279
1248
1239
1272
1289
1230
1246
1265
1328
1263
1294
1226
1394
1484
1558
1380
1216
1227
1417
1282
1256
1216
1194
1242
1288
1276
1256
1277
1172
1216
1166
1236
1336
1206
1527
1310
1389
1239
1335
1282
1216
1290
1194
1297
1513
1289
1229
1199
1244
1257
1274
1239
1208
1540
1186
1246
1199
1236
1192
1224
1250
1171
1264
1236
1241
1209
1187
1268
1210
1228
1261
1242
1216
1204
1253
1232
1240
1236
1374
1233
1176
1259
1254
1230
1333
1270
1302
1193
1221
1280
1208
1338
1249
1211
1291
1183
1274
1218
1239
1251
1244
1213
1252
1289
1185
1257
1231
1328
1225
1243
1365
1227
1331
1259
1256
1478
1303
1291
1214
1256
1465
1200
1261
1209
1339
5686
1375
1199
1506
1238
1434
1201
1201
1233
1231
1503
1226
1264
1227
1635
1496
1364
1190
1217
1283
1514
1452
1217
1305
1225
1323
1341
1449
1226
1424
1381
1215
1434
1679
1595
1962
1896
1533
1509
1446
1687
1289
1334
1223
1274
1486
1276
1302
1264
1264
1673
1302
1391
1319
1400
1337
1346
1237
1348
1443
1246
1274
1254
1228
1230
1472
1364
1184
1243
1148
1426
1237
1788
1212
1254
1775
1205
1589
1228
1205
1465
1201
1321
1345
1196
1399
1177
1339
1207
1297
1713
1278
1258
1288
1287
1205
1227
1216
1393
1307
1189
1328
1563
1419
1451
1245
1271
1298
1331
1293
1317
1535
1345
1587
1345
1452
1234
1423
1515
1447
1330
1580
1262
1297
1499
1287
1537
1311
1319
1317
1366
1292
1375
1237
1282
1251
1164
1269
1183
1358
1223
1244
1283
1272
1272
1195
1316
1218
1281
1280
1223
1227
1246
1256
1245
1252
1293
1214
1240
1220
1308
1645
1282
1269
1218
1283
1242
1234
1194
1245
1237
1241
1362
1302
1240
1419
1268
1205
1265
1290
1247
1239
1259
1210
1259
1214
1245
1250
1353
1231
1236
1261
1240
1210
1445
1283
1252
1299
1222
1295
1208
1474
1248
1411
1275
1268
1235
1202
1240
1236
1442
1282
1316
1386
1321
1374
1371
1289
1239
1239
1306
1337
1354
1441
1260
1315
1317
1362
1297
1364
1285
1228
1287
1163
1255
1296
1467
1266
1166
1294
1197
1300
1295
1345
1233
1245
1255
1268
1241
1341
1673
1377
1211
1399
1378
1246
1366
1240
1276
1184
1401
1243
1308
1374
1218
1223
1234
1268
1252
1203
1245
1193
1240
1226
1309
1416
1278
1323
1293
1306
1254
1230
1356
1236
1236
1167
1245
1196
1208
1294
1150
1306
1341
1225
1308
1216
1272
1270
1242
1180
1219
1259
1200
1320
1182
1278
1234
1526
1255
1224
1331
1306
1285
1289
1239
1325
1212
1278
1331
1243
1211
1180
1219
1505
1658
1403
1424
1498
1465
1301
1262
1285
1288
1240
1351
1222
1517
1443
1235
1284
1207
1263
1231
1255
1239
1167
1367
1204
1226
1210
1256
1248
1180
1274
1224
1283
1255
1262
1191
1233
1223
1161
1267
1252
1400
1379
1230
1214
1251
1280
1305
1274
1276
1203
1298
1290
1334
1302
1237
1241
1288
1278
1204
1297
1365
1279
1249
1229
1250
1244
1331
1273
1296
1245
1226
1246
1266
1502
1258
1257
1228
1231
1225
1249
1225
1217
1381
1284
1221
1200
1239
1206
1250
1238
1256
1208
1183
1256
1260
1267
1240
1338
1270
1256
1238
1257
1263
1200
1304
1328
1198
1273
1269
1228
1260
1154
1240
1228
1230
1249
1234
1319
1232
1233
1230
1223
1313
1227
1238
1166
1238
1189
1241
1230
1219
1237
1155
1246
1268
1272
1278
1197
1278
1218
1255
1285
1202
1262
1246
1310
1277
1218
1279
1177
1287
1241
1335
1246
1224
1268
1232
1231
1259
1219
1462
1253
1238
1241
1214
1276
1206
1299
1197
1267
1226
1249
1254
1309
1375
1199
1165
1284
1183
1208
1279
1325
1242
1252
1270
1221
1404
1240
1263
1252
1229
1258
1222
1238
1216
1265
1229
1239
1257
1192
1322
1102
1298
1229
1246
1237
1239
1234
1218
1230
1256
1222
1266
1208
1238
1329
1263
1243
1244
1259
1244
1235
1269
1216
1234
1235
1232
1238
1223
1236
1199
1262
1195
1206
1198
1262
1264
1233
1264
1200
3620
3830
3076
3090
2924
3197
3010
3144
2970
2994
3183
2857
2960
3013
3047
3520
3206
3086
3000
3203
3203
3163
3067
2913
2940
3283
3010
3004
3143
3190
3187
3260
3094
2890
3320
3054
3010
3170
3080
3024
3120
2937
2960
2986
3030
2913
3070
3170
3150
3274
3084
3256
3096
2977
3260
3150
3274
3140
3463
2927
2946
3006
3006
3130
2924
3026
2940
3064
3097
3017
3134
3133
3163
3180
3270
3660
4050
3133
3030
3050
2960
3007
3857
3097
3163
3073
3403
4013
2980
3830
4473
3383
3339
3341
3367
3088
3292
2635
2532
3351
2555
2499
2422
2539
2610
2351
2529
2532
2626
2808
2543
2579
2629
2568
2749
2445
2388
2518
2496
2367
2501
3382
2722
2412
2616
2597
2492
2659
2492
2605
2510
2472
2750
2974
2722
2810
2605
2605
2453
2791
2470
2680
2737
2544
2513
2471
2640
2580
2393
2460
2866
2574
2512
3207
2492
2432
2353
2910
3177
2487
2682
2523
2419
2472
2377
3134
2367
2602
2492
2480
2464
2482
2542
2480
3040
2466
2453
2368
2675
2816
2477
2657
3344
2600
2753
2906
2760
2700
2572
2630
2570
2661
2653
2859
2823
2842
3522
2560
2365
2979
2735
1547
1454
1407
1295
2138
1355
1852
1578
1683
1389
1437
1651
1344
1502
1260
1246
1713
1320
1346
1262
1281
1285
1200
1308
1311
1458
1254
1287
1361
1229
1240
1400
1187
1441
1241
1267
1252
1289
1301
1297
1579
1443
1393
1524
1485
1318
1426
1362
1275
1741
1300
1366
1243
1446
1388
1273
1258
1456
1305
1422
1253
1214
1308
1306
1241
1291
1308
1288
1245
1246
1303
1319
1237
1324
1287
1246
1284
1234
1260
1231
1338
1275
1341
1290
1233
1257
1242
1260
1303
1219
1333
1215
1351
1463
1256
1363
1271
1416
1264
1280
1246
1285
1320
1246
1472
1241
1525
1519
1318
1324
1203
1597
1314
1318
1634
1406
1379
1195
1346
1264
1317
1382
1582
1577
1385
1227
1295
1150
1284
1313
1319
1364
1273
1268
1291
1417
1206
1375
1461
1258
1281
1234
1222
1252
1218
1241
1325
1276
1200
1397
1441
1253
1275
1216
1380
1264
1313
1637
1205
1284
1308
1251
1431
1381
1227
1398
1615
1767
1709
1774
1356
1378
1298
1379
1229
1262
1444
1377
1472
1260
1346
1303
1344
1377
1341
1235
1271
1270
1469
1287
1380
1300
1400
1293
1289
1241
1229
1285
1313
1303
1339
1274
1242
1236
1290
1238
1272
1335
1307
1325
1218
1332
1295
1212
1249
1339
1300
1225
1230
1524
1491
1355
1365
1368
1318
1696
1429
1312
1350
1588
1674
1499
1388
1397
1384
1296
1736
1352
1412
1324
1300
1278
1278
1285
1159
1348
1302
1396
1245
1240
1240
1219
1260
1321
1235
1252
1249
1211
1162
1280
1195
1275
1228
1219
1185
1218
1273
1243
1282
1325
1298
1224
1248
1248
1320
1254
1262
1536
1295
1596
1604
1587
1686
1417
1235
1215
1255
1247
1428
1275
1818
1298
1329
1330
1245
1405
1361
1572
1313
1356
1193
1201
1318
1257
1271
1247
1226
1234
1215
1246
1241
1337
1262
1301
1245
1232
1269
1264
1314
1359
1591
1526
1223
1260
1286
1230
1359
1202
1268
1284
1223
1225
1323
1240
1259
1286
1227
1207
1260
1276
1380
1424
1307
1196
1372
1208
1294
1482
1642
1672
1328
1306
1332
1256
1389
1271
1484
1294
1275
1640
1309
1315
1420
1438
1357
1386
1317
1388
1283
1216
1362
1367
1211
1326
1405
1310
1328
1231
1306
1313
1337
1254
1334
1262
1278
1250
1304
1348
1343
1298
1284
1326
1335
1237
1314
1262
1355
1320
1314
1325
1300
1322
1292
1286
1330
1460
1374
1423
1395
1422
1679
1299
1322
1359
1374
1321
1375
1401
1441
1402
1349
1385
1319
1348
1462
1393
1412
1694
1666
41048
1373
1337
1463
1357
1784
1529
1389
1325
1341
1562
1493
1539
1412
1317
1472
1509
1353
1325
1317
1401
1407
1405
1449
1345
1303
1335
1618
1478
1289
1363
1412
1385
1269
1335
1281
1342
1264
1289
1322
1292
1320
1475
1415
1590
1429
1296
1450
1264
1362
1319
1415
1321
1329
1334
1325
1309
1280
1347
1287
1347
1283
1365
1336
1262
1281
1308
1303
1337
1250
1352
1281
1301
1369
1308
1356
1310
1360
1250
1373
1343
1296
1308
1344
1324
1322
1297
1319
1312
1347
1375
1314
1340
1289
1328
1242
1354
1376
1364
1394
1274
1312
1270
1286
1350
1287
1327
1310
1331
1348
1331
1305
1326
1287
1263
1382
1330
1349
1343
1319
1343
1311
1329
1279
1284
1355
1318
1348
1321
1275
1314
1326
1296
1342
1365
1314
1351
1357
1293
1424
1298
1400
1382
1305
1376
1322
1299
1362
1303
1289
1344
1332
1233
1297
1314
1324
1325
1277
1360
1302
1343
1292
1291
1290
1300
1351
1304
1268
1373
1337
1330
1319
1297
1325
1377
1270
1360
1377
1356
1313
1325
1333
1360
1360
1664
1363
1371
1477
1301
1383
1296
1544
1288
1303
1350
1365
1347
1300
1313
1341
1277
1360
1280
1375
1380
1300
1352
1264
1346
1284
1273
1312
1317
1383
1372
1374
1305
1367
1276
1336
1322
1340
1377
1325
1236
1349
1294
1307
1301
1401
1312
1282
1227
1244
1377
1295
1328
1348
1339
1360
1314
1283
1355
1317
1332
1373
1275
1329
1672
1302
1306
1338
1333
1353
1302
1341
1268
1286
1351
1255
1303
1356
1313
1318
1300
1360
1311
1359
1304
1234
1327
1308
1303
1285
1296
1384
1323
1334
1265
1553
1341
1277
1264
1296
1366
1255
1557
1323
1509
1360
1284
1349
1308
1350
1406
1297
1333
1288
1798
1334
1290
1376
1279
1590
1324
1712
1319
1278
1271
1302
1300
1369
1305
1344
1289
1583
1539
1355
1346
1356
1386
1269
1292
1609
1383
1318
1332
1268
1319
1310
1360
1284
1324
1469
1356
1256
1371
1317
1272
1288
1260
1337
1323
1267
1311
1379
1366
1246
1328
1326
1328
1336
1310
1291
1308
1345
1272
1279
1632
1633
1372
1653
1662
1588
1335
1340
1272
1347
1361
1332
1371
1328
1362
1290
1305
1302
1309
1337
1280
1320
1289
1285
1305
1252
1438
1326
1345
1346
1249
1327
1284
1276
1339
1317
1379
1294
1338
1361
1308
1278
1322
1273
1291
1280
1330
1362
1362
1309
1360
1327
1359
1374
1321
1380
1303
1363
1339
1314
1322
1343
1344
1310
1326
1352
1299
1303
1267
1317
1192
1336
1349
1296
1385
1314
1313
1267
1276
1283
1294
1320
1361
1350
1308
1211
1280
1187
1279
1314
1338
1321
1316
1319
1240
1286
1280
1323
1289
1304
1333
1268
1254
1337
1263
1361
1311
1352
1244
1262
1360
1294
1277
1324
1359
1334
1280
1307
1333
1336
1298
1340
1229
1301
1290
1266
1296
1252
1223
1321
1301
1343
1312
1332
1322
1353
1312
1356
1320
1285
1353
1329
1294
1347
1278
1328
1323
1273
1327
1281
1308
1302
1325
1327
1367
1285
1233
1380
1323
1432
1290
1288
1302
1296
1312
1274
1314
1288
1319
1291
1397
1325
1288
1417
1347
1235
1317
2040
1388
1380
1713
1723
1321
1326
1309
1257
1324
1342
1304
1302
1324
1296
1304
1364
1276
1352
1300
1327
1285
1290
1251
1283
1257
1300
1284
1328
1284
1317
1361
1304
1290
1365
1280
1281
1283
1314
1314
1407
1288
1696
1238
1400
1317
1339
1352
1279
1265
1325
1298
1305
1287
1324
1312
1282
1281
1359
1327
1344
1274
1295
1317
1337
1297
1352
1319
1308
1344
1317
1253
1336
1360
1319
1360
1303
1317
1301
1334
1352
1285
1336
1246
1239
1306
1348
1274
1290
1285
1330
1293
1304
1255
1334
1285
1290
1366
1379
1329
1341
1301
1281
1297
1350
1282
1364
1250
1360
1246
1259
1301
1262
1377
1253
1334
1319
1346
1336
1302
1314
1324
1291
1310
1323
1346
1292
1361
1264
1293
1293
1318
1365
1300
1362
1295
1279
1354
1365
1318
1357
1621
1358
1293
1306
1284
1282
1305
1294
1288
1312
1336
1277
1422
1304
1351
1314
1309
1343
1283
1339
1333
1280
1322
1259
1328
1289
1304
1338
1308
1330
13027
1330
1300
1304
1320
1260
1305
1315
1275
1295
1271
1316
1304
1335
1354
1368
1354
1376
1350
1267
1361
1348
1256
1324
1265
1316
1285
1347
1314
1361
1374
1349
1285
1320
1284
1328
1352
1324
1307
1294
1298
1305
1341
1274
1324
1356
1369
1309
1274
1292
1272
1339
1380
1361
1305
1312
1348
1245
1370
1342
1351
1371
1247
1360
1352
1294
1378
1278
1342
1336
1307
1399
1319
1302
1342
1305
1303
1367
1447
1324
1346
1298
1348
1299
1338
1401
1278
1378
1315
1268
1343
1288
1333
1243
1292
1291
1335
1327
1298
1315
1286
1315
1309
1309
1310
1312
1386
1223
1351
1366
1510
1359
1336
1330
1288
1265
1404
1326
1326
1306
1282
1375
1353
1389
1352
1302
1250
1290
1348
1355
1390
1895
1319
1292
1647
1614
1693
1662
1473
1729
1530
1446
1782
1614
1669
1715
1665
1646
1655
1322
1271
1340
1253
1660
1282
1627
1336
1298
1281
1240
1270
1581
1355
1310
1351
1312
1346
1323
1349
1244
1333
1283
1305
1242
1283
1304
1333
1356
1703
1610
1682
1641
1721
1766
1658
1661
1675
1584
1654
1629
1563
1573
1660
1660
1578
1621
1642
1575
1717
1377
1267
1354
1262
1303
1363
1287
1299
1324
1278
1318
1296
1309
1292
1370
1284
1342
1301
1291
1313
1283
1339
1335
1264
1361
1258
1384
1305
1334
1278
1286
1322
1317
1277
1376
1277
1317
1302
1305
1326
1361
1313
1331
1307
1462
1323
1283
1259
1336
1275
1334
1285
1345
1353
1329
1371
1300
1225
1311
1346
1341
1386
1361
1287
1304
1274
1287
1305
1261
1361
1313
1279
1346
1284
1325
1260
1344
1400
1271
1377
1309
1389
1267
1274
1339
1284
1268
1363
1308
1302
1321
1360
1467
1328
1382
1287
1303
1347
1336
1468
1336
1309
1390
1328
1418
1363
1287
1370
1336
1753
1354
1298
1383
1290
1372
1326
1303
1315
1381
1339
1330
1304
1324
1279
1544
1251
1256
1272
1337
1602
1303
1326
1241
2450
1362
1240
1301
1332
1331
1407
1279
1307
1618
1328
1350
1321
1287
1330
21462
1460
1342
1661
1309
1325
1486
1362
1339
1264
1289
1464
1378
1399
1346
1364
1405
1354
1281
1317
1405
1587
1285
1311
1326
1295
1524
1310
1337
1326
1351
1479
1321
1326
1246
1326
1372
1311
1357
1257
1263
1334
1334
1277
1311
1320
1329
1350
1498
1228
1358
1317
1356
1342
1340
1329
1263
1286
1296
1269
1334
1225
1247
1243
1274
1336
1283
1328
1291
1313
1338
1357
1267
1301
1273
1306
1335
1235
1325
1394
1259
1318
1290
1322
1279
1548
1336
1339
1270
1284
1293
1356
1268
1411
1320
1322
1380
1326
1353
1269
1311
1349
1320
1312
1241
1318
1263
1335
1335
1285
1304
1295
1272
1296
1351
1441
1337
1562
1323
1298
1301
1316
1344
1300
1297
1263
1339
1266
1329
1305
1261
1274
1294
1311
1334
1295
1311
1217
1310
1340
1319
1315
1321
1313
1288
1301
1287
1375
1290
1405
1656
1357
1387
1550
1368
1343
1363
1372
1336
1420
1280
1312
1263
1292
1314
1259
1291
1785
1748
1520
1636
1569
1630
1578
1581
1636
1566
1571
1788
1588
1775
1515
1512
1502
1539
1557
1575
1572
1592
1674
1728
1569
1688
1538
1567
1637
1300
1325
1355
1367
1286
1235
1370
1294
1304
1305
1335
1256
1264
1318
1349
1290
1323
1253
1346
1285
1352
1368
1322
1271
1277
1262
1374
1303
1301
1255
1327
1298
1332
1265
1325
1296
1234
1356
1304
1391
1285
1286
1309
1290
1295
1317
1355
1368
1237
1287
1281
1356
1307
1320
1284
1235
1364
1223
1273
1286
1282
1317
1270
1303
1280
1347
1285
1311
1365
1364
1320
1314
1292
1287
1276
1362
1226
1375
1325
1492
1277
1313
1267
1280
1286
1312
1316
1326
1296
1372
1237
1350
1302
1288
1679
1290
1323
1313
1294
1310
1288
1260
1281
1333
1354
1305
1564
1439
1312
1327
1395
1319
1316
1367
1313
1336
1305
1311
1305
1302
1327
1291
1330
1304
1287
1325
1293
1335
1304
1305
1322
1301
1396
1276
1291
1297
1296
1324
1286
1358
1300
1303
1319
1261
1362
1292
1325
1288
1411
1293
1272
1377
1279
1334
1314
1253
1281
1280
1371
1241
1324
1240
1303
1372
1328
1252
1282
1327
1285
1290
1315
1287
1203
1315
1244
1376
1263
1348
1285
1433
1286
1239
1324
1220
1256
1345
1306
1314
1256
1301
1309
1296
1253
1302
1284
1292
1282
1306
1256
1265
1274
1292
1279
1320
1237
1211
1286
1297
1307
1269
1373
1312
1255
1427
1289
1360
1289
1282
1284
1330
1314
1261
1322
1333
1338
1289
1254
1279
1301
1250
1286
1294
1334
1236
1361
1257
1235
1362
1311
1281
1244
1366
1274
1200
1340
1352
1312
1385
1706
1675
1764
1355
1375
1534
1686
1429
1305
1285
1378
1342
1328
1273
1320
1301
1253
1293
1403
1303
1360
1328
1278
1320
1286
1279
1354
1954
1327
1407
1313
1314
1325
1298
1318
1395
1305
1287
1271
1345
1313
1228
1318
1348
1285
1287
1317
1272
1289
1305
1325
1273
1269
1317
1388
1321
1368
1284
1301
1304
1347
1313
1253
1322
1265
1348
1357
1339
1309
1316
1345
1335
1348
1393
1246
1278
1265
1307
1234
1308
1294
1365
1337
1252
1280
1220
1342
1286
1458
1309
1293
1291
1345
1328
1282
1267
1358
1308
1353
1358
1315
1338
1376
1334
1291
1283
1309
1332
1303
1263
1292
1360
1306
1334
1288
1277
1288
1365
1234
1287
1256
1505
1366
1291
1314
1279
1288
1452
1277
1289
1322
1294
1314
1292
1364
1303
1794
1296
1307
1268
1262
1274
1359
1269
1314
1264
1340
1359
1288
1248
1236
1300
1260
1270
1384
1332
1323
1268
1310
1273
1314
1341
1288
1275
1223
1279
1314
1315
1333
1276
1250
1255
1298
1286
1333
1297
1337
1307
1410
1318
1336
1241
1566
1272
1345
1237
1321
1291
1318
1294
1296
1257
1300
1286
1319
1319
1330
1325
1271
1282
1388
1285
1266
1321
1322
1294
1337
1242
1229
1229
1340
1292
1291
1314
1299
1304
1256
1319
1336
1243
1279
1289
1314
1265
1335
1232
1338
1299
1306
1309
1313
1464
1267
1304
1308
1314
1290
1342
1247
1357
1317
1293
1319
1282
1287
1333
1415
1284
1273
1319
1313
1308
1291
1279
1422
1314
1288
1286
1288
1286
1308
1301
1280
1290
1274
1355
1280
1361
1304
1271
1321
1274
1315
1201
1310
1304
1329
1276
1327
1279
1348
1386
1369
1604
1468
1705
1361
1344
1265
1318
3113
3264
3247
3157
3267
3960
3440
3000
3160
3166
3760
3130
3107
3150
3097
3197
3264
3246
2987
3133
3054
3143
3037
3220
3303
3263
3287
3270
3273
3226
3226
3287
3194
3340
3116
3147
3243
3777
3130
3223
3040
3140
3250
3200
3063
3127
3214
3713
3124
3224
3087
3236
3060
3403
3323
3073
3197
2990
3253
3190
3240
3627
3077
3166
3237
2940
3447
3260
3303
3363
3254
3333
3140
3284
3213
3130
3190
3080
4193
3316
4610
3007
3347
3183
3210
3187
3187
3247
3150
3200
3080
3170
3113
3273
3214
3163
3103
3224
3183
3263
3204
3090
3000
3073
3344
3364
3040
3186
3233
3220
2769
2643
3020
2740
2620
2689
2751
2757
2654
2675
2735
2677
2640
2695
2914
2797
2645
2637
2643
2709
2742
2685
2732
2794
2620
2872
2460
2689
2763
2811
2626
2711
2666
2617
2743
2725
2709
2580
2523
2592
2706
2766
2683
2728
2651
2700
2780
2680
2697
2555
2622
2605
2683
2540
2726
2785
2717
2705
2594
2512
2660
2645
2674
2694
2748
2883
2671
2780
2682
2617
3008
2617
2646
2723
2649
2904
2826
2652
2591
2626
2777
2594
2585
2715
3212
3323
2483
2686
2754
3383
3008
2660
2774
2743
2648
2700
2649
2684
2894
2815
3412
2583
2655
2865
2777
2765
2626
2638
2671
2714
2663
2589
2678
2665
2563
2654
2606
2694
2620
2675
2528
2760
2617
2698
2586
3294
2780
2614
2685
2665
2624
2550
2632
2648
2403
2509
2704
2593
2339
2542
2331
2442
2424
2485
2465
2613
2343
2600
2631
2708
2527
2451
2520
2492
2729
2449
2539
2698
2645
2582
2423
2508
2488
2405
2546
2461
2515
2621
2515
2454
2593
2619
2473
2478
2692
2540
2598
2433
2621
2501
2537
2595
2480
2468
2478
2671
2438
2505
2398
2505
2421
2577
2332
2487
2581
2548
2339
2463
2517
2386
2482
2409
44648
2614
2513
2445
2548
2511
2410
2577
2422
2473
2487
2527
2325
2480
3080
2480
2489
2497
2457
2461
2717
2522
2402
2496
2490
2362
2490
2497
2480
2480
2579
2435
2440
2492
2569
2527
2612
2395
2589
2627
2428
2590
2485
2618
2438
2527
2417
2395
2403
2488
2520
2475
2513
2557
2793
2421
2557
2602
2372
2543
2544
2473
2576
2661
2492
2475
2513
2503
2367
2280
1270
1241
1259
1301
1316
1305
1234
1320
1278
1332
1237
1328
1259
1232
1277
1288
1318
1309
1307
1323
1234
1272
1333
1249
1296
1285
1293
1218
1270
1364
1382
1257
1288
1277
1324
1240
1225
1278
1219
1249
1281
1203
1179
1320
1259
1530
1288
1257
1258
1272
1551
1258
1268
1237
1302
1424
1306
1280
1290
1517
16571
1497
1532
1685
1607
1595
1693
1262
1241
1269
1260
1299
1309
1296
1591
1286
1324
1310
1252
1274
1295
1288
1588
1358
1276
1291
1252
1281
1511
1419
1398
1295
1226
1308
1295
1295
1292
1286
1275
1280
1277
1242
1310
1224
1280
1258
1286
1273
1519
1392
1494
1783
1812
1648
1476
1728
1474
1772
1609
1573
1358
1328
1720
1571
1614
1578
1525
1441
1534
1410
1260
1447
1332
1291
1293
1222
1335
1306
1318
1269
1290
1258
1270
1274
1275
1316
1284
1284
1297
1341
1243
1301
1350
1289
1232
1251
1300
1306
1265
1281
1347
1281
1237
1282
1262
1245
1275
1275
1227
1308
1305
1234
1265
1275
1371
1280
1255
1282
1216
1285
1287
1352
1308
1298
1316
1310
1267
1370
1240
1307
1326
1278
1310
1331
1281
1320
1293
1279
1286
1319
1287
1300
1264
1305
1340
1269
1278
1271
1323
1395
1292
1475
1286
1288
1267
1246
1270
1284
1348
1258
1353
1334
1376
1515
1759
1368
1259
1257
1286
1372
1289
1329
1247
1261
1281
1296
1243
2916
1218
1285
1334
1305
1212
1249
1264
1351
1186
1280
1250
1262
1298
1274
1271
1264
1253
1195
1282
1324
1251
1274
1228
1213
1314
1384
1278
1359
1260
1297
1262
1221
1309
1316
1260
1362
1237
1199
1292
1309
1301
1277
1235
1317
1267
1316
1377
1304
1272
1310
1286
1318
1292
1277
1269
1258
1302
1412
1292
1242
1423
1269
1275
1311
1318
1269
1381
1356
1322
1348
1282
1310
1271
1286
1275
1235
1272
1329
1366
1306
1301
1306
1290
1335
1303
1256
1222
1265
1293
1257
1694
1265
1296
1233
1268
1267
1376
1208
1308
1282
1273
1291
1331
1276
1334
1309
1276
1265
1280
1308
1292
1278
1274
1326
1280
1290
1288
1259
1252
1273
1293
1302
1235
1334
1194
1360
1241
1174
1247
1290
1221
1255
1251
1271
1286
1285
1261
1226
1280
1247
1275
1253
1327
1328
1272
1268
1326
1303
1303
1288
1308
1274
1292
1322
1251
1278
1313
1244
1336
1303
1275
1287
1290
1282
1276
1324
1269
1321
1177
1307
1317
1296
1215
1274
1275
1272
1318
1268
1281
1343
1268
1353
1300
1232
1315
1284
1341
1261
1261
1269
1288
1371
1271
1249
1304
1246
1275
1349
1246
1318
1314
1227
1361
1314
1260
1301
1412
1445
1283
1255
1295
1280
1251
1209
1238
1268
1237
1304
1418
1273
1283
1266
1311
1224
1289
1334
1241
1358
1346
1292
1299
1279
1283
1269
1235
1271
1318
1368
1226
1239
1271
1267
1548
1261
1263
1311
1267
1292
1166
1288
1252
1395
1329
1330
1291
1318
1285
1235
1265
1262
1317
1262
1255
1298
1295
1408
1254
1257
1310
1263
1274
1284
1210
1301
1248
1278
1307
1239
1281
1301
1344
1623
1753
1251
1274
1280
1217
1289
1217
1298
1236
1285
1240
1296
1312
1216
1296
1510
1385
1229
1227
1264
1283
1313
1271
1356
1355
1248
1266
1256
1290
1392
1321
1315
1283
1502
1481
1279
1317
1262
1285
1314
1272
1182
1242
2182
1368
1288
1264
1329
1236
1294
1630
1633
1295
1317
1276
1284
1233
1254
1317
1200
1250
1260
1282
1246
1329
1309
1284
1297
1230
1262
1296
1314
1380
1191
1309
1355
1278
1257
1215
1288
1330
1255
1246
1244
1329
1284
1293
1282
1250
1286
1241
1274
1242
1326
1476
1276
1205
1242
1239
1339
1250
1321
1369
1260
1212
1216
1211
1300
1259
1327
1223
1323
1290
1224
1250
1538
1290
1259
1617
1281
1245
1297
1272
1313
1242
1408
1264
1250
1280
1287
1260
1316
1258
1271
1274
1251
1220
1269
1288
1326
1295
1300
1287
1627
1574
1363
1287
1292
1311
1540
1310
1260
1793
1298
1316
1228
1331
1241
1266
1274
1221
1260
1293
1227
1319
1329
1309
1465
1316
1323
1290
1286
1399
1309
1206
1320
1339
1313
1620
1289
1348
1452
1342
1274
1279
1323
1217
1324
1281
1228
1253
1238
1230
1251
1260
1240
1676
1216
1570
1572
1368
1333
1294
1288
1276
1330
1338
1354
1330
1276
1533
1573
1331
1378
1274
1363
1270
1243
1285
1293
1303
1291
1257
1376
1290
1279
1298
1281
1219
1313
1286
1243
1262
1248
1471
1266
1342
1319
1319
1311
1238
1302
1246
1246
1288
1281
1287
1298
1355
1256
1246
1253
1277
1247
1244
1289
1410
1619
1335
1263
1232
1242
1282
1290
1345
1272
1291
1349
1251
1268
1267
1426
1348
1292
1288
1239
1277
1276
1320
1328
1363
1325
1281
1278
1280
1245
1428
1318
1298
1354
1293
1280
1269
1280
1311
1264
1308
1306
1309
1245
1399
1214
1259
1275
1217
1262
1243
1306
1286
1234
1249
1286
1215
1342
1311
1301
1246
1302
1300
1283
1378
1330
1262
1253
1348
1292
1325
1370
1267
1313
1309
1293
1321
1497
1299
1272
1264
1296
1308
1239
1282
1295
1262
1255
1303
1346
1313
1221
1278
1286
1270
1181
1294
1323
1216
1334
1202
1376
1302
1316
1294
1291
1267
1269
1253
1234
1543
1341
1222
1173
1291
1260
1320
1286
1316
1246
1301
1214
1273
1263
1305
1684
1257
1482
1293
1290
1324
1300
1259
1298
1249
1292
1294
1316
1239
1277
1271
1275
1309
1197
1281
1286
1189
1315
1340
1292
1315
1279
1618
1646
1514
1616
1379
1298
1315
1244
1335
1228
1385
1204
1181
1321
1576
1562
1464
1846
1549
1556
1497
1556
1586
1781
1511
1585
1487
1673
1676
1903
1427
1556
1552
1700
1588
1583
1564
1738
1748
1543
1552
1707
1724
1502
1607
1620
1554
1597
1715
1530
1802
1622
1732
1565
1744
1378
1538
1659
1756
1709
1480
1509
1592
1609
1570
1715
1579
1681
1612
1701
1594
1269
1167
1326
1602
1198
1267
1233
1257
1219
1351
1252
1292
1252
1226
1241
1328
1247
1272
1218
1280
1287
1251
1280
1211
1279
1266
1291
1329
1212
1315
1242
1260
1269
1281
1240
1205
1278
1226
1236
1282
1249
1260
1291
1273
1269
1256
1245
1220
1243
1244
1234
1266
1242
1303
1211
1242
1301
1275
1270
1254
1253
1272
1214
1363
1558
1246
1211
1242
1281
1196
1234
1342
1305
1300
1226
1270
1287
1294
1329
1299
1211
1218
1247
1264
1224
1328
1234
1259
1274
1243
1305
1280
1264
1260
1249
1210
1253
1244
1260
1284
1342
1291
1237
1201
1241
1269
1282
1277
1249
1262
1218
1218
1277
1267
1339
1277
1286
1236
1279
1262
1258
1245
1236
1230
1188
1283
1276
1266
1229
1267
1329
1267
1224
1245
1229
1265
1194
3176
3043
6450
2886
3026
3047
3183
3040
3770
3150
3263
3017
3937
3086
3170
3073
3130
3000
3077
3014
3164
3144
3253
3193
3120
3030
3030
2943
2863
3070
3267
3140
3003
3120
2926
3146
3210
3100
3003
2890
3023
3017
3206
3277
3193
3140
2980
3067
3010
2970
3167
3073
3047
3070
3037
3133
3150
3114
3130
2926
2953
2990
4163
3230
3070
3206
3076
3107
3143
3030
3160
3100
3163
3117
3126
3096
3093
3070
3060
3190
3010
3510
3170
3077
3133
3200
3010
3006
3114
3107
3040
3177
3127
2983
3170
3157
2994
3010
3077
2996
2984
2900
3077
3067
2983
3107
3010
3077
3166
2896
3046
3050
3116
2987
3084
3070
3157
3013
3746
2993
3070
3150
2953
3103
3410
3020
3223
3170
3050
3180
3027
3130
3200
2936
3107
2964
3047
2957
2987
3507
3210
2890
3013
3157
3090
3067
2990
2943
3067
3067
3847
3154
3077
2930
3470
2947
2890
2890
3107
3063
3137
3084
3020
3033
3073
3240
3123
3107
3097
3207
2960
3073
2923
2960
3047
3143
2840
3040
3223
3104
3097
3280
3213
3073
3160
2946
3177
3150
3037
3847
3114
2866
2980
3067
3110
2987
2993
3000
2947
3057
3350
3133
3193
2990
3120
3163
3150
3036
3026
3157
3090
3083
2910
3107
3113
3097
3033
3180
3170
3813
3224
3880
3246
4000
3150
3054
3180
3170
3004
3083
2950
2934
3083
3257
3040
3150
2974
3020
3134
2964
3794
3190
3214
2927
3127
2940
3170
3150
3190
3004
3184
3493
4066
2976
3023
3000
3234
3827
3970
3143
3296
3136
3024
3213
3040
3050
3140
3090
3080
3033
3037
3073
3070
3074
3120
3154
3096
3097
3103
3050
3110
3074
3004
3016
2990
3040
3003
3090
3006
3200
3090
3030
3070
3133
2971
2944
3010
3097
3006
3143
3230
3073
3390
3083
3070
3057
2994
3237
3160
2910
3196
3096
3034
3170
3104
3127
2964
2813
4487
2987
3140
3233
3120
3080
2990
2920
3034
3264
3143
3043
3014
2970
3190
3120
3050
3177
3086
4093
2964
2990
2980
3023
3203
3550
3140
2980
3073
2994
3067
4150
2973
3230
2977
3590
3264
3230
3090
3030
2980
3140
3004
3230
3006
3120
2940
3036
2400
1720
1500
2033
1270
1603
1203
1607
1124
954
1004
1156
913
910
1370
1003
850
1147
1097
930
1084
1326
1117
1090
887
1050
906
844
860
897
1090
863
1007
937
1210
846
850
950
1440
1137
893
884
1070
850
1054
1143
1143
796
883
1140
867
806
957
980
1067
2030
1513
1370
1160
1304
1183
1123
1207
1010
1130
1213
1003
880
800
1017
867
836
1227
1170
843
827
834
804
1236
1170
920
943
847
1020
916
910
810
903
940
843
1190
816
906
860
776
846
890
834
833
914
843
1013
837
1197
890
864
844
850
1143
840
860
893
820
1134
797
1456
863
814
1190
907
900
844
827
847
830
800
836
824
937
1064
850
866
823
1160
873
880
824
843
1040
1453
1197
844
830
993
2500
847
924
793
1260
827
983
883
834
834
947
834
880
846
963
847
876
956
974
833
830
933
826
840
883
840
837
844
830
826
834
837
884
964
940
833
886
953
867
844
860
827
900
1106
1024
826
826
823
896
876
824
834
853
827
823
827
890
937
860
837
853
827
974
833
2973
1970
1597
3200
2583
2007
3153
2084
1803
1840
1187
1257
1014
1190
1010
947
961
904
3150
1827
1703
1673
1253
1293
1410
1217
1014
957
923
933
847
130894
68317
40350
16830
16723
15853
18680
90367
16770
15790
16900
16093
15543
15400
15377
15054
20317
30760
4150
3014
2520
2444
2500
2417
2480
2510
2440
2750
2537
2533
2580
2514
2727
2614
2500
2484
2540
2510
2870
2476
2626
2563
2760
2587
2457
2984
2613
2483
2457
2470
2790
2460
2508
2125
2280
2166
2163
2177
3654
2820
2157
2226
2286
2120
2446
2137
2280
2145
2174
2331
2286
2183
2177
2154
2149
2720
2309
2211
2240
2178
2278
2649
2466
2283
2186
2217
2408
16763
2208
2208
2180
2232
2206
2274
2472
2160
2122
2191
2423
2137
2111
2588
2252
2312
2369
2209
2326
2155
2157
2174
2406
2105
2123
2154
2937
2200
2168
2449
2268
2128
2078
2169
2194
2074
2077
2140
2400
2134
2117
2172
2368
2131
2189
2332
2380
2114
2115
2146
2375
2166
2160
2186
2369
2225
2166
2217
2289
2186
2168
2280
2272
2208
2368
2177
2280
2683
2283
2480
2326
2205
2285
2154
2340
2406
2322
2298
2160
2177
2152
2180
2134
2194
2189
2175
2169
2549
2295
2194
2226
96994
2406
2420
2180
2217
2157
2151
2345
2317
2198
2257
2205
2220
2640
2251
2214
2282
2226
2211
2258
2237
2162
2111
2117
2094
2362
2265
2220
2223
2214
2320
2209
2337
2185
2435
2152
3249
2208
2335
2194
2352
2640
2280
2172
2174
2451
2451
2194
2177
2191
2529
2163
2214
2200
2263
2168
2303
2309
2437
2188
2220
2166
3252
2157
2188
2162
2415
2217
2160
2235
2280
2451
2186
2218
2174
2274
2132
2117
2257
2380
2425
2143
2220
2195
2200
2145
2377
2514
2175
2155
2335
2137
85115
2360
2366
2216
2363
2228
2388
2231
2157
2151
2626
2182
2172
2180
2198
2148
2189
2154
2792
2223
2154
2149
2154
2149
2128
2112
2311
2377
2161
2474
2317
2215
2129
2149
2208
2874
2240
2152
3943
2105
2129
2354
2475
2177
2126
2232
2443
2197
2180
2440
2220
2286
2689
2163
2409
2148
2125
2260
2149
2080
2202
2206
2131
2158
2169
2163
2194
2154
2088
2077
2323
2166
2263
2351
2160
2077
2143
2131
2234
3374
2791
2117
2229
2091
2180
2120
2120
2743
2457
2108
5117
6323
59203
2926
3986
2629
2134
2452
2177
2358
2188
2098
2174
2194
2126
2863
2260
3006
2157
2135
2337
2311
2100
2094
2108
2315
2171
2331
2143
2285
2112
2197
2160
2371
2177
2177
2163
2134
2260
2171
2189
2155
2137
2115
2143
2066
2203
2162
2128
2283
2186
2197
2243
2172
2152
2191
2798
2237
2306
2180
2180
3546
2449
2220
3917
2443
2243
2212
2209
2671
2203
3746
3694
3694
2302
3309
2383
2218
2760
2160
2288
2158
2402
3440
2409
2134
2118
2166
2348
2163
2157
2128
2232
2106
176366
2474
2403
2246
2106
2140
2285
2172
2512
2234
2295
2183
7640
2383
2246
2337
2220
2145
2237
2083
2225
2191
2445
2300
2206
2420
2224
2148
2237
2191
2662
2086
2217
2185
2348
2143
2134
2086
2112
2914
2271
2289
2349
2142
2146
2203
2426
2128
2203
2178
2651
3649
2357
2334
2486
2560
2863
2742
2283
2278
2254
2188
2320
2240
43020
20998
1309
1592
1060
2412
2114
1529
1194
1374
1083
909
1454
1923
1611
1345
1137
1217
960
1397
1451
908
826
782
691
734
900
726
678
1166
820
692
700
726
631
660
640
843
620
762
655
700
640
728
723
692
728
743
737
800
754
700
745
743
700
663
711
712
660
737
894
760
734
658
745
760
712
754
709
794
660
900
726
752
737
723
783
3314
617
648
783
745
645
708
791
723
620
771
712
1129
912
883
734
778
623
672
689
737
694
742
677
715
680
703
700
840
743
649
1280
775
674
669
680
732
671
729
1057
786
645
660
686
683
706
617
677
780
620
614
740
740
872
700
691
732
660
1109
697
786
672
671
969
629
674
817
717
7645
694
712
672
680
680
740
734
620
634
1495
660
675
894
766
748
677
723
671
671
702
731
1109
720
720
917
826
720
1169
694
689
683
614
725
688
749
706
728
640
626
728
708
692
892
766
680
683
746
743
677
734
755
766
774
737
720
697
746
682
654
695
674
686
757
766
703
709
740
717
718
666
700
728
729
635
688
735
712
640
740
837
740
654
720
680
635
762
908
694
1243
786
763
704
1031
805
760
654
1986
880
723
1223
1168
1046
800
668
746
757
1486
663
717
754
677
974
828
740
717
683
691
697
729
729
746
742
688
791
894
749
1055
714
640
663
754
708
706
806
725
631
724
717
806
700
723
709
785
771
663
975
746
688
683
697
654
666
797
754
769
717
660
728
2826
2097
728
774
723
749
734
649
645
1242
691
669
697
666
651
685
740
651
640
663
680
700
692
671
737
660
700
637
946
755
697
657
778
728
675
706
689
705
749
2503
788
1020
783
700
723
680
646
785
671
706
860
743
712
725
754
695
637
617
2417
1528
1352
962
916
866
823
794
794
808
1414
854
658
643
726
635
668
680
746
762
708
737
751
1063
686
751
691
857
612
734
760
628
711
674
734
676
629
860
729
622
1557
897
743
718
654
654
829
682
734
663
986
649
729
628
674
2446
1752
1115
1031
1520
840
751
777
683
768
1140
711
658
737
669
715
645
726
694
726
640
780
609
760
711
691
680
812
631
706
895
734
723
669
669
1015
671
623
783
1088
751
680
914
783
671
754
686
763
706
648
748
795
709
760
683
764
777
748
728
691
731
729
683
769
703
728
711
700
635
732
694
774
1374
683
717
786
649
715
722
646
700
657
726
648
671
642
657
720
657
666
732
680
760
917
680
754
726
734
680
769
695
709
723
820
717
711
686
828
726
665
748
792
718
631
706
720
688
651
703
643
695
686
672
792
715
1672
792
817
697
680
689
763
640
631
691
694
629
694
594
692
2783
1571
1217
1329
1009
960
880
918
1117
794
758
846
749
809
920
762
706
1043
777
723
1251
714
720
752
675
706
683
734
600
720
626
643
763
1206
1083
640
680
737
712
732
766
649
720
788
700
640
695
743
960
740
735
686
675
714
986
726
700
926
1052
634
749
697
717
740
654
1585
1811
752
677
1118
789
634
666
768
743
914
720
720
689
734
780
646
1280
1015
688
829
803
714
726
683
1514
700
732
734
720
820
717
705
722
712
657
697
725
674
768
666
735
671
992
846
743
625
620
689
688
760
1148
720
666
717
654
740
677
728
680
1257
925
1106
703
708
717
748
818
680
675
706
643
726
1626
877
837
940
720
708
694
686
645
680
772
800
678
714
854
815
737
691
717
769
704
706
1097
829
680
738
700
788
671
702
745
712
649
674
674
731
694
623
723
832
948
726
826
777
912
674
654
702
663
694
671
706
715
689
744
900
703
689
675
1263
872
766
883
894
714
656
649
700
2637
1777
1448
1218
1037
1555
977
840
826
994
957
1002
785
877
811
854
709
617
689
677
1063
1037
689
734
697
1014
880
717
886
654
754
643
711
728
783
954
669
811
708
618
689
632
694
703
663
735
760
623
717
620
760
671
615
640
1268
735
691
769
980
712
697
786
760
1129
1097
1251
791
900
672
783
963
758
737
952
691
729
752
637
695
706
678
760
774
786
746
798
857
743
843
743
711
654
634
700
900
666
732
663
629
694
760
740
726
1186
1020
720
626
743
702
729
637
654
649
1031
680
714
669
694
1014
654
642
668
645
803
634
732
628
717
754
803
689
775
742
683
643
683
977
691
637
632
691
631
640
708
769
717
662
677
680
760
686
683
717
1011
640
685
672
775
652
837
732
735
657
678
729
842
617
660
754
817
689
712
731
763
711
734
785
748
646
700
854
805
697
666
712
831
680
775
657
755
723
735
777
752
654
754
660
734
686
705
723
760
651
640
768
660
691
632
652
683
757
886
852
680
789
706
637
994
1111
823
971
700
674
643
657
672
963
788
692
742
652
686
752
734
906
737
802
709
665
671
683
643
723
623
680
637
720
616
728
674
614
645
714
634
689
646
760
706
683
620
757
686
1334
717
1183
672
629
706
717
631
694
708
754
786
689
637
795
711
703
697
997
1452
714
863
837
703
668
694
757
705
642
655
1134
680
606
662
676
665
654
677
814
626
808
743
900
668
705
680
694
749
674
1151
1271
683
800
749
694
711
751
720
686
669
640
832
729
705
669
754
600
635
649
831
725
648
748
766
646
640
634
806
683
792
718
731
649
711
651
822
640
657
643
729
849
729
695
692
634
800
646
746
700
677
1042
766
795
660
666
738
628
1232
683
688
646
742
725
720
1054
725
660
791
763
712
686
726
677
686
797
668
846
672
746
660
700
671
632
740
794
1600
1403
871
683
954
791
886
617
666
760
714
637
726
740
737
677
684
715
680
672
1248
802
649
752
674
803
697
1045
717
754
691
746
677
749
1177
1280
1340
1000
820
689
626
715
677
689
678
780
726
663
777
1637
1660
1249
1320
1746
1423
914
886
765
654
891
954
814
643
800
640
825
683
677
668
806
777
637
637
695
634
640
634
726
646
643
677
655
662
657
648
1277
912
720
660
712
897
860
689
683
694
769
731
717
626
654
766
1811
1168
1231
1020
1206
2002
1477
1189
1343
1068
2260
1351
1189
1198
837
1658
877
748
800
1006
1743
1795
1134
1246
768
811
1009
766
817
720
723
1734
1431
1295
1446
1102
1832
1063
977
1134
686
686
717
671
769
674
1052
731
872
895
740
789
654
1177
677
1769
771
903
863
755
909
774
752
1114
717
698
720
660
646
634
626
654
643
734
669
714
700
591
686
746
654
674
660
788
626
703
623
648
932
751
683
631
729
709
711
657
628
823
848
722
777
706
754
697
646
669
746
648
705
642
756
632
711
675
1140
845
992
797
809
1137
712
720
1025
674
712
675
800
751
723
1163
883
660
634
1055
808
620
654
763
806
672
694
620
1143
1037
737
675
746
680
749
1020
745
646
637
637
1254
776
625
1034
1143
700
1383
837
766
657
626
697
1191
778
752
694
720
863
691
748
792
843
843
843
689
989
734
703
734
655
706
663
783
728
737
652
700
689
723
1800
911
640
871
1125
715
711
911
808
743
685
692
691
834
840
711
734
775
854
620
697
685
649
1048
691
703
1468
1074
1331
748
700
729
708
1063
1172
1060
1137
1026
1271
1305
1343
1129
1126
1274
1362
946
1228
1068
1012
691
729
700
851
1280
1152
680
762
666
625
625
726
832
675
728
689
620
671
706
691
629
694
995
703
780
960
714
762
700
735
615
1355
1034
991
1220
717
906
1014
1374
1057
1089
1034
1137
1057
1128
1040
1029
1057
991
1020
1102
1000
1108
1089
1046
1303
1054
1106
1091
1151
1223
1117
1042
1106
1037
1071
1060
1026
1120
1085
680
895
677
763
1720
792
643
606
760
714
877
1014
1098
734
1057
2383
1362
1834
1448
1220
1377
1354
1288
1154
1166
1083
1066
1080
1046
1143
1057
1122
1040
1120
1137
1223
1114
1091
1017
1155
1588
960
1102
1397
960
1100
1026
1083
1274
1237
1118
1160
1371
1118
1029
1100
1171
1026
1088
1206
1283
1171
760
640
826
917
1088
1197
1277
758
700
728
840
677
683
646
740
677
657
726
708
663
635
720
1043
728
677
718
631
706
726
688
643
746
677
737
629
712
731
737
640
660
700
686
649
737
606
1003
652
683
600
677
611
631
643
711
614
657
709
771
646
700
720
929
697
626
654
686
615
674
711
760
737
678
669
803
720
720
692
714
732
683
720
642
891
709
840
640
643
677
649
674
663
662
671
654
691
686
637
646
703
669
703
665
655
706
665
632
660
685
811
954
752
658
717
646
948
743
717
646
726
680
774
734
629
694
720
736
686
680
632
846
698
680
803
692
748
774
746
726
703
825
789
677
872
626
700
854
692
657
706
618
695
740
745
725
692
906
1023
603
660
625
717
754
603
665
649
626
663
646
668
646
635
726
709
709
677
662
617
720
677
743
632
643
788
728
660
720
680
877
700
800
703
757
665
680
675
723
743
642
671
757
680
631
654
798
709
666
1163
1140
672
694
860
746
666
677
669
717
689
697
1248
828
1200
791
891
1017
694
675
726
680
617
643
669
662
720
672
728
826
1020
786
729
720
1297
900
726
860
708
932
654
703
632
657
988
734
952
823
683
788
646
648
677
620
991
652
726
729
711
943
737
643
746
677
960
695
769
637
629
620
708
660
620
683
731
912
720
677
657
732
857
1052
714
708
640
826
982
683
731
652
714
897
1009
706
648
689
660
677
660
669
674
645
674
715
626
631
691
746
688
654
697
708
631
669
677
840
1051
737
635
760
629
657
622
814
711
614
672
782
620
928
674
717
672
609
748
657
617
603
677
945
763
620
632
823
680
683
697
932
620
660
669
743
672
729
788
934
680
860
714
743
628
649
658
691
677
755
737
646
640
649
657
760
669
691
743
620
1360
854
758
628
625
752
786
625
680
594
929
637
706
723
743
629
689
648
809
637
625
674
666
623
631
683
757
728
674
726
742
645
723
660
694
625
646
694
763
697
700
698
657
657
729
692
657
692
732
620
634
658
632
631
629
609
745
688
666
692
674
723
1314
714
734
788
623
674
623
751
623
680
692
751
705
706
672
728
774
686
631
738
697
623
666
720
726
651
651
654
709
677
697
775
742
672
683
663
672
622
620
646
629
614
718
762
700
651
926
703
774
696
672
680
648
808
697
637
620
646
636
1094
737
714
671
626
631
620
612
646
620
680
792
775
654
645
752
631
669
648
689
783
703
645
864
631
683
757
789
705
706
720
743
617
729
697
823
591
628
674
754
849
683
994
889
648
831
717
611
648
666
643
623
620
786
1065
757
638
629
658
611
666
691
628
729
737
638
626
800
671
731
623
640
1065
714
837
649
714
732
1168
803
757
655
654
706
726
720
743
634
669
663
966
817
754
720
706
717
703
691
643
683
623
1326
766
669
674
685
763
651
688
794
703
660
748
660
1020
623
683
660
857
648
706
1006
640
640
715
703
800
883
656
868
715
646
623
652
740
694
848
775
757
709
668
697
916
717
642
634
1037
689
615
728
675
669
746
643
623
640
866
835
769
703
720
697
1066
698
672
692
665
646
712
734
646
629
620
743
698
646
708
740
640
692
632
703
691
634
689
732
663
786
664
706
751
737
809
740
660
844
686
754
714
680
654
717
649
709
605
1883
637
602
631
1148
606
826
740
694
703
629
731
649
626
645
623
686
625
700
614
686
617
717
748
620
638
678
780
683
697
671
694
683
691
757
755
683
658
734
754
711
649
754
614
626
632
802
760
729
625
671
631
734
697
623
1060
634
654
722
909
674
620
631
640
623
614
725
623
660
714
718
734
848
751
926
720
663
646
677
623
646
660
737
651
726
738
766
763
672
666
737
766
726
752
706
671
683
674
735
674
700
618
760
814
632
628
722
655
795
720
726
703
666
880
683
731
731
800
768
623
640
677
698
717
680
666
623
655
635
651
625
715
743
698
677
689
740
646
660
595
689
748
600
929
623
705
714
746
849
752
612
666
709
703
657
625
646
711
746
654
700
766
626
652
660
751
657
632
678
700
623
803
702
660
635
663
626
737
655
720
629
683
629
711
715
625
635
709
728
615
715
640
712
686
660
929
757
675
643
688
723
646
649
623
723
737
703
657
723
625
600
674
705
645
683
660
677
622
672
692
726
612
640
714
826
697
