36332160
26113016
22960375
21791482
21151191
21446901
21445881
22132757
21935672
22088757
21960699
21692638
21735329
22414280
21876122
22106857
22146209
21870366
23599954
22773278
21528405
21386464
21748835
21661620
8927340
8907359
8864431
8822650
7585728
3828648
3804884
3846905
3815241
3785921
3774882
3863162
3891494
3941212
3901857
3838115
3859350
3868067
5324583
3943846
3853900
3847821
3911949
3807163
3860099
3861467
3874699
3841218
3818956
3831596
3858626
3822028
3859214
3809757
3932432
3798303
3799256
3787879
3937736
3829307
3833963
3795056
3878691
3831781
3891406
3846485
3819677
3795276
3793543
3819132
3804831
3813668
3821267
3808262
3026068
2946222
2942645
2978735
2953814
2943665
2914945
2937065
2937490
2939947
2951521
2946307
2993227
2954893
2948581
2944838
2930410
2938832
2938610
2922405
2935829
2933480
2939560
2942110
2980923
2931094
2965208
2942175
2918852
2920115
2910545
2916328
2935299
2953437
2916781
2941573
2916804
2911597
2920606
2913199
2915545
2916071
2928002
2917199
2935205
2991713
2940138
2902858
2907145
2919091
2927574
2917012
2912286
2945692
2901783
2925174
2899462
2904567
2942395
2906671
2920898
2908666
2918983
2900321
2901274
2893713
2881436
2887705
2902095
2904029
2895455
2960408
2854772
2882967
2869113
2869385
2853098
2877897
2864225
2866388
2853969
2947390
2859730
2864315
2872820
2865209
2867515
2886288
2862276
2876565
2864659
2942365
3008021
2976837
2956560
2972633
2944297
2911526
2910980
2954893
2923647
2897219
2909822
2893829
2902803
2883538
2884130
2909612
2881217
2883509
2899130
2972826
2930033
2904145
2882609
2911346
2888098
2899996
2890190
2912550
2914865
2895758
2877918
2890572
2922631
2892535
2876853
2891326
2895718
2911949
2898280
2884977
2884975
2904506
2856287
2885561
2921936
2892526
2883668
2895112
2881462
2877166
2864977
2873836
2853786
2899265
2896428
2865890
2893408
2909329
2875690
2858331
2887660
2897402
2894687
2882986
2894537
2880245
2881270
2848269
2860966
2878992
2880704
2860408
2913658
2881026
2901439
2873585
2915262
2899120
2857025
2845692
2874088
2905808
2877465
2859578
2887333
2886684
2931129
2886988
2876098
2892589
2910293
2862480
2846936
2859788
2858368
2847066
2828154
2847446
2846969
2863886
2848769
2857373
2838989
2842273
2845264
2866754
2848485
2838311
2838483
2862258
2866486
2823589
2840543
2838168
2837938
2842428
2837999
2846086
2869984
2844051
2880770
2871211
2837670
2828973
2890707
2862025
2841867
2823240
2838021
2830136
2850509
2824145
2856151
2845300
2887717
2867113
2869142
2860725
3149693
2873775
2835979
2840345
2831136
2854700
2849895
2809608
2828533
2832965
2832394
2813265
2831468
2832159
2826944
2833673
3005312
2830966
2825735
3088185
2814872
2781071
2814031
2793957
2795305
2786643
2791779
2804694
2855611
2877216
2836793
2828374
2962674
3304735
2858714
2841502
2821383
2820005
2885924
2808481
2852329
2854494
2875945
2811165
2862163
2815320
2808305
2832258
2818158
3002410
2817375
2808278
2884553
2828446
2846370
2798418
2807435
2844856
2807206
2804631
2868432
2840124
2850529
2799766
2805952
2801485
2829012
2795593
2814367
2813852
2891445
2779529
2822540
2857821
2792202
2816439
2842383
2848404
2945787
2951618
2817700
2883620
2812896
2825926
2892867
2883190
2983216
2921354
2854546
2829560
2798663
2845501
2873356
3049579
2786064
2778581
2791541
2873311
2768769
2787299
2780095
2779678
2772376
2828318
2784483
2788251
2772534
2780103
2828020
2771285
2787210
2804833
2838279
2843142
2793016
2778007
2777619
2774526
2772159
2910821
2811315
2778235
2800459
2813048
2784660
2805372
2796380
2778745
2814681
2833712
2816432
2835335
2815362
2819471
2809375
2817567
2794060
2816435
2826824
2807109
2848806
2836371
2805447
2798952
2808775
2820513
2802293
2802454
2798292
2779283
2801532
3995074
4135243
2844932
2784510
2777979
2761066
2750707
2739601
2759898
2772166
2751124
2732703
2739868
2768014
2889181
3107391
2996156
2747127
2751728
2744956
2738512
2741956
2732445
2747971
2739024
2775656
2723182
2739952
2733822
2727164
2846076
2743877
6345816
2725806
2759135
2737056
2713248
2730692
2733916
2728060
2731699
2800733
2776918
2767099
2737963
2779280
2760978
2769481
2782999
2780778
2768880
2785141
2791452
2803988
2782144
2816762
2798627
2808473
2783088
2786189
2767412
2795378
2778794
2789157
2760867
2750538
2783237
2809181
2777747
2780111
2840277
2811826
2778284
2806718
2818829
2788234
2787403
2758318
2927003
2760697
2747172
2748674
2777717
2737809
2749864
2774843
2762672
2742490
2741629
2759587
2784129
2755563
2771513
2789250
2742644
2719123
2705856
2728622
2719187
2708378
2723187
2724866
2700483
2742092
2744892
2778810
2763617
2795902
2785707
2757079
2757411
2767192
2720114
2722405
2711295
2731410
2693426
2759119
2716251
2716819
2706002
2721356
2721767
2729190
2745413
2731585
2725494
2745081
2898062
2852808
2739255
2767662
2739520
2727142
2707437
2719009
2731955
2725678
2775725
2755460
2804299
2794078
2759001
2771960
2966377
2788148
2764156
2770501
2733563
2725883
2749041
2839861
2897182
2789194
2725555
2740238
2703811
2700151
2721732
2722873
2699063
2738581
2762740
2740574
2750636
2726348
2739736
2739989
2733865
2723214
2720660
2758306
2703580
2676288
2676364
2728132
2759548
2809863
2686084
2704161
2691140
2708004
2671160
2680281
2671615
2702510
2717219
2687246
2666693
2657420
2660354
2654791
2708456
2688645
2745066
2711132
2676592
2673875
2696740
2647490
2676239
2669148
2700821
2670464
2798316
2692882
2680107
2765013
2741823
2705443
2659225
2771338
2713773
2795375
2675246
2672255
2715169
2654845
2668580
2808071
2654348
2675114
2712235
2668778
2707259
2689004
2701731
2679764
2675583
2662484
2664699
2952695
2666673
2693742
2643941
2674994
2668957
2657669
2820130
2668604
2671818
2647361
2659608
2682235
2673546
2662380
2712728
2642971
2647565
2691878
2649822
2653602
2738527
2672784
2645054
2685916
2643568
2721683
2649211
2659040
2661014
2653915
2638177
2686648
2635068
2649628
2668146
2630907
2740512
2651416
2688399
2630951
2677292
2638589
2714685
2635249
2634667
2623597
2662491
2677405
2624716
2619883
2630208
2702637
2616661
2641529
2658875
2644577
2677024
2678494
2664751
2674802
2671900
2676098
2652752
2669402
2669087
2658051
2663377
2658178
2641957
2667011
2642535
2685637
2670109
2665414
2660559
2649572
2697119
2628923
2623069
2616123
2568644
2559154
2619794
2640999
2582814
2564765
2589522
2585702
2595707
2599190
2686426
2619105
2620621
2618390
2623170
2584247
2631169
2590256
2595640
2616742
2592290
2655673
2590172
2591642
2588071
2577753
2573383
2614467
2553942
2573263
2566900
2562249
2608812
2571697
2547964
2571758
2563270
2555354
2593671
2618705
2530690
2558674
2574782
2528099
2573358
2616372
2546493
2550138
2565633
2547071
2628558
2562706
2579036
2541010
2569944
2546077
2563728
2557163
2563906
2525984
2533565
2527013
2529708
2553617
2621058
2527206
2581921
2598257
2588663
2557411
2550219
2556507
2671992
2578099
2535584
2558065
2552775
2542993
2536359
2538446
2514364
2598389
2598280
2570693
2544701
2555570
2530888
2570409
2545969
2564113
2558821
2540592
2519718
2594499
2561243
2530217
2544795
2540532
2527501
2545588
2528096
2518049
2517024
2514853
2507163
2551538
2525880
2508497
2533241
2511910
2546526
2546946
2505777
2524690
2549840
2547692
2563889
2528190
2520589
2517390
2548615
2586877
2533388
2549427
2544951
2528374
2546388
2544777
2613986
2561083
2533805
2515847
2548177
2518082
2540066
2555261
2544889
2528961
2601868
2628581
2546571
2578854
2548366
2524942
2562135
2563657
2580593
2593624
2593528
2553278
2582148
2647916
2569690
2537826
2508702
2510713
2510840
2517586
2508533
2563868
2527845
2518046
2540115
2501860
2525177
2517578
2515825
2526208
2544290
2542832
2527596
2551505
2557333
2558433
2563402
2547960
2565595
2559844
2560589
2569549
2553565
2549112
2554188
2597055
2543999
2554524
2554719
2596332
2581575
2602164
2562931
2571689
2584050
2562230
2591471
2771417
2737645
2576048
2670713
2867491
2666412
2733535
2700485
2709964
2589877
2643992
2729380
2680352
2623554
2578087
2581537
2632895
2572047
2692273
2607099
2568573
2574594
2660901
2648363
2592667
2546331
2579515
2635016
2664278
2666847
2617602
2642898
2563019
2529314
2520422
2555719
2557667
2528918
2550847
2604651
2522211
2535678
2543405
2523645
2543456
2531487
2508520
2530566
2538152
2523508
2552851
2520909
2503962
2511130
2575163
2545218
2552344
2513322
2504463
2505198
2521997
2519458
2599172
2559601
2506045
2642283
2565857
2571546
2508387
2497870
2594816
2550123
2547173
2541620
2500429
2650837
2646366
2521492
2527170
2528101
2533134
2644601
2498356
2519460
2548903
2486475
2558491
2513204
2501010
2529841
2517331
2532490
2487168
2518357
2572125
2500872
2506448
2495779
2486751
2786591
2570373
2487889
2521462
2519695
2491922
2499897
2517474
2482281
2522385
2511041
2490413
2508878
2487192
2486737
2635703
2736176
2549155
2573415
2552350
2550526
3153898
3017442
2526190
2522495
2566962
2645070
2521067
2513166
2560310
2510198
2507631
2516596
2565519
2505000
2545978
2528945
2508330
2503552
2558093
2725295
2568467
2574782
2524303
2503351
2514731
2516912
2511346
2540961
2511330
2484108
2576637
2676946
2576962
2592810
2566956
2529047
2548896
2540874
2473207
2528669
2507269
2531537
2543232
2619048
2522019
2571131
2600264
2550458
2562064
2530583
2467823
2509768
2486235
2475091
2492752
2504644
2500548
2516430
2588266
2489260
2494540
2520718
2488432
2517489
2486188
2473146
2491730
2486708
2499627
2554231
2526447
2476804
2486785
2564940
2530283
2533335
2517889
2533200
2523451
2506978
2498307
2531166
2529349
2479780
2547188
2478026
2457912
2468252
2474870
2499577
2514852
2513231
2521476
2519441
2541497
2470218
2557037
2476595
2504999
2562108
2577460
2526281
2584512
2560778
2505189
2524850
2522146
2489191
2717407
2565970
2483365
2509325
2478524
2453324
2502619
2474925
2468147
2454021
2465321
2430995
2475586
2476894
6660312
2501106
2619494
2455173
2604253
2525575
2445884
2480184
2533580
2455840
2563835
2447054
2429208
2502323
2495193
2488131
2504043
2474113
2496991
2510529
3551183
2635027
2478688
2502500
2474850
2462293
2509766
2470647
2476481
2461323
2463353
2584578
2492129
2509044
2427304
2582285
2473273
2439744
2502233
2427094
2443288
2455799
2485984
2547594
2584360
2511892
2559053
2678341
2430271
2431815
2479769
2466808
2458005
2500596
2632641
2539404
2520387
2510245
2561787
2685801
2602285
2452757
2472222
2451556
2455398
2502090
2503892
2487213
2500777
2448226
2480255
2485108
2485852
2855187
2522810
2484153
2433329
2471958
2449169
2488792
2471401
2466288
2495509
2477330
2458486
2482366
2506415
2462452
2479895
2481579
2468100
2477031
2471422
2435200
2458302
2462416
2446813
2442488
2448505
2435789
2475743
2441907
2509516
2472774
2551160
2500348
2471497
2488146
2481711
2473253
2469237
2492766
2463677
2440978
2487133
2467697
2442062
2449509
2475772
2507896
2504295
2576176
2449951
2487250
2494171
2565540
2534609
2628572
2466864
2477802
2474800
2556684
2457078
2521222
2427175
2414653
2439753
2482641
2473310
2416454
2480650
2408949
2505970
2398134
2396409
2408487
2417746
2408365
2526216
2380833
2402940
2384022
2405832
2409878
2392972
2403882
2398154
2376595
2399895
2413947
2384621
2416542
2371330
2419632
2396563
2402368
2389933
2384123
2360495
2383582
2431417
2362850
2421612
2373809
2363686
2385315
2368870
2380721
2413595
2356541
2386411
2382497
2375433
2378789
2426192
2350498
2378417
2364988
2391525
2361729
2347785
2378427
2380130
2343137
2454327
2351120
2362014
2382334
2532092
2388134
2393734
2361737
2362869
2347820
2356355
2368177
2345642
2369555
2360715
2343228
2361904
2345206
2362860
2357093
2345858
2367728
2351553
2377785
2436286
2345121
2352961
2348263
2346646
2344488
2352240
2331408
2346025
2336205
2402899
2358405
2328489
2353717
2357035
2320488
2351534
2327641
2361437
2354902
2360689
2382078
2390483
2345780
2369071
2325084
2710898
2361675
2329496
2355333
2356472
2323860
2349149
2331516
2341621
2339818
2324011
2344533
2337039
2316698
2345406
2317071
2404733
2340850
2325628
2362785
2349807
2319240
2361539
2430925
2379083
2340358
2324448
2349011
2328245
2315951
2364188
2315766
2352888
2346713
2355776
2335177
2316178
2321393
2351215
2304828
2341820
2361754
2315099
2384292
2305580
2364971
2408919
2326103
2363007
2359304
2315662
2345231
2304283
2326750
2379164
2307735
2418144
2320096
2304457
2354583
2299728
2352691
2337825
2297832
2639834
2699120
2370353
2927427
2347019
2511608
2329208
2333416
2324545
2328381
2335695
2325609
2383837
2517450
2382985
2373591
2719885
2890677
2350769
2359258
2648747
2490087
2366936
2564771
3140449
2647394
2717044
2458642
2310624
2507563
2435431
2424367
2417772
2469525
2353714
2388301
2370122
2380996
2421894
2330745
2345480
2477329
2477451
2357379
2753799
2965265
2332407
2362206
2351995
2338271
2316732
2329330
2326051
2335594
2542851
2710122
2744959
2478750
2365156
2345598
2327452
2305967
2315858
2303742
2382232
2394202
2330539
2312948
2312475
2325101
2378032
2296329
2325466
3239996
2387429
2339915
2390796
2305409
2356286
2313526
2339597
2322191
2343917
2447413
2707568
2284228
2343897
2313883
2300740
2293203
2381285
2421372
2351515
2338838
2343051
2379073
2324363
2420920
2356573
2377937
2281102
2317036
2324416
2350537
2289512
2321474
2307139
2297285
2305890
2355836
2350765
2284916
2332045
2342706
2312665
2363571
2379015
2335866
2372493
2432349
2361678
2356669
2397780
2352988
2313519
2339103
2352765
2343183
2338790
2365355
2334279
2320987
2338069
2387817
2414987
2500137
2345080
2429448
2354128
2353626
2363206
2351394
2323781
2423235
2347932
2357859
2314823
2352320
2329188
2297659
2310681
2400528
2389504
2322987
2311077
2310260
2398237
2321150
2328784
2309036
2373167
2316262
2306254
2304966
2352529
2288381
2294926
2294438
2298073
2317338
2280703
2310183
2285447
2308125
2286464
2501046
2518822
2588773
2510716
2475011
2698075
2625265
2600084
2643375
2533870
2481669
2693671
2722781
2359384
2342661
2302520
2328546
2310221
2316429
2312315
2300498
2308479
2289761
2290527
2294100
2283332
2286137
2290558
2283108
2278600
2271864
2294877
2280067
2272835
2288440
2279971
2293563
2465941
2285669
2280098
2295769
2400261
2290446
2404945
2293989
2278406
2265776
2266601
2271657
2311978
2279977
2277050
2290074
2256096
2270050
2265013
2290699
2268426
2252513
2436107
2307444
2267828
2347823
2275537
2263973
2266940
2259995
2272778
2286492
2254686
2268764
2250071
2255000
2257077
2259049
2261872
2248815
2267818
2250939
2302452
2284028
2245151
2267747
2245744
2250843
2266787
2244306
2279465
2246873
2259978
2284361
2278480
2290148
2256465
2254962
2267228
2247193
2263890
2267225
2273365
2244456
2239964
2251984
2280096
2259637
2500926
2354456
2239213
2254782
2241758
2328796
2325274
2208489
2240812
2405447
2283017
2272317
2232113
2289929
2245217
2293869
2248283
2291761
2262661
2227977
2236393
2240202
2269125
2272443
2231175
2290270
2249869
2268682
2241348
2236113
2274559
2247388
2240959
2245865
2288430
2246755
2250294
2226495
2338435
2224468
2269087
2251087
2223865
2240368
2242853
2245332
2271489
2382052
2277625
2240917
2240388
2233342
2221231
2244330
2217769
2269289
2238163
2214759
2236808
2214921
2231414
2205665
2229734
2228671
2227021
2223975
2206291
2552948
2227338
2215281
2223326
2205361
2230072
2245366
2261936
2204726
2244756
2219118
2244497
2195467
2226648
2233106
2207802
2222710
2217240
2233975
2221722
2218831
2239294
2211484
2224832
2201134
2206132
2234623
2219268
2236592
2240176
2270596
2240227
2251268
2222464
2142906
2289840
2237671
2263148
2244287
2231882
2241211
2256037
2250533
2237714
2258281
2234924
2225662
2255612
2249596
2274892
2240533
2256921
2261246
2230385
2301859
2286864
2310526
2368264
2275325
2282660
2278596
2275975
2277455
2312191
2285255
2317505
2345739
2288021
2428333
2307818
2298024
2302668
2312088
2328197
2444837
2287404
2264728
2311201
2353832
2309594
2265616
2310138
2273597
2402758
2569413
2265988
2308291
2273861
2285037
2300194
2271346
2282189
2247361
2254156
2280076
2277793
2293088
2416318
2373394
2273529
2290077
2303382
2289968
2286896
2279477
2276435
2279514
2259170
2331070
2294816
2253052
2340270
2292319
2289088
2348335
2300650
2266136
2262059
2222617
2263081
2235412
2272636
2326829
2376204
2349687
2358601
2496995
2302105
2297606
2276114
2278394
2282494
2276591
2294544
2268339
2269569
2263881
2277651
2264836
2260378
2355485
2264658
2291109
2277237
2255566
6379156
2274655
2267344
2290193
2252771
2263477
2251973
2337511
2262002
2243266
2254301
2263760
2280868
2313625
2251245
2258214
2411712
2293157
2249972
2251722
2263140
2241807
2273662
2289159
2256170
2216699
2206340
2273521
2424013
2264775
2264938
2243053
2260846
2304995
2248981
2263095
2245691
2263656
2274488
2313848
2265566
2245441
2209099
2262362
2301177
2259402
2238735
2268881
2297209
2233228
2259745
2243963
2286193
2353446
2251892
2271863
2251249
2232666
2279761
2272197
2285519
2282695
2277982
2324908
2276160
2293523
2286371
2297979
2284555
2267727
2276798
2277385
2272392
2289107
2311521
2284424
2353839
2333406
2374834
2342311
2346473
2348686
2341336
2349833
2351585
2336163
2360234
2336558
2340602
2340611
2338258
2331235
2335210
2353806
2336940
2317377
2337134
2352141
2354587
2370314
2404268
2340464
2340552
2319410
2340527
2381589
2317454
2324211
2339697
2348164
2326705
2334650
2369817
2336515
2324738
2326431
2319033
2336005
2372964
2312063
2353002
2333482
2327445
2322171
2446053
2354196
2383856
2313587
2323742
2317920
2313552
2331561
2312705
2353736
2341184
2342436
2327397
2343999
2326236
2351279
2328344
2345505
2315680
2318715
2326728
2362650
2330669
2328484
2326169
2335390
2312953
2318308
2388297
2329259
2325505
2319830
2316552
2321595
2324599
2330052
2334726
2304128
2319209
2301040
2313643
2482836
2342506
2314227
2326518
2301412
2323852
2312419
2320503
2305608
2302740
2316828
2291013
2332845
2311359
2318493
2302607
2319824
2315714
2331658
2328772
2284322
2297430
2283440
2293714
2308397
2287719
2387668
2331401
2308472
2294583
2990607
2422134
2291151
2293073
2287596
2280058
2309505
2385561
2281508
2283280
2277572
2523410
2301756
2277187
2321453
2328649
2336318
2311694
2278207
2302694
2281923
2295455
2292796
2281097
2291061
2283683
2282504
2279857
2273149
2283455
2311658
2277656
2302984
2368003
2303484
2310379
2344729
2344534
2283087
2304827
2320329
2301213
2724075
2744780
2285163
2270432
2277745
2268882
2347669
2312030
2258640
2316782
2480772
2422859
2283465
2287348
2284838
2266818
2271194
2260332
2288393
2274831
2320508
2268730
2272329
2261099
2288074
2260944
2361714
2315649
2281034
2289345
2284297
2264693
2306877
2266868
2301704
2553696
2265495
2287011
2266725
2301512
2268999
2263445
2272355
2292416
2269483
2290622
2325837
2271376
2231951
2270191
2238483
2250085
2295123
2231938
2255861
2273797
2230618
2266254
2270439
2262159
2260754
2255229
2378308
2245807
2253947
2243786
2262743
2248612
2277879
2267244
2480221
2325693
2278310
2266034
2262853
2242330
2861909
2733398
2255688
2244043
2223495
2256556
2231396
2244276
2286375
2239040
2238270
2220420
2250011
2226368
2217258
2292650
2244268
2233756
2221068
2243042
2239185
2341634
2231791
2228297
2235834
2232887
2219933
2227005
2536161
3281247
2383993
2242807
2224836
2285675
2238959
2235072
2227268
2236974
2241804
2264390
2258982
2225171
2219085
2226394
2224028
2223903
2364142
2646161
2392709
2314600
2512270
2243061
2218482
2238507
2205311
2210923
2206631
2225870
2318832
2198171
2217162
2218595
2229932
2224011
2219492
2207507
2204377
2197494
2217851
2218822
2219050
2211540
2269575
2239076
2245963
2268376
2197000
2271489
5865286
2237406
2255494
2227336
2233650
2279942
2276722
2230577
2237025
2251489
2239771
2281147
2241390
2245599
2219281
2246873
5480609
5535100
5452677
5477163
5463476
5384957
5555809
5423657
5631834
5650900
5457029
5384519
5402013
5474709
5448910
5497260
5465986
5448883
5383462
5523933
5498760
5531970
5544210
5458730
5553503
5484744
5519743
5600926
5401483
5627643
5541461
5702100
5374776
5347209
5357310
5307169
5408103
5349552
5308063
5356210
5359247
5301853
5326480
5304893
5320949
5288836
5363683
5285719
5330813
5469550
5544586
5513330
5642248
5672617
5401536
5394090
5299543
6033194
5648901
5705477
5459500
5383486
5416756
5402409
5448834
5386793
5600496
5417397
5345129
5449413
5473567
5510659
5421176
5428126
5389497
5371020
5397502
5368270
5417119
5350756
5378830
5405720
5246086
5350726
5425790
5377636
4124989
2171148
2203528
2199923
2467490
2196087
2148470
2215549
2197657
2149445
2195011
2153443
2164856
2161665
2168922
2180445
2159260
2170979
2154510
2162144
2158179
2174726
2166161
2233104
2178476
2152283
2163793
2173451
2177230
2160309
2292576
2187361
2148691
2784198
2174681
2151902
2259293
2163980
2164187
2163623
2153071
2160056
2149075
2210247
2148615
2163635
2846711
2170091
2163936
2141313
2207769
2254734
2142775
2173638
2144306
2153270
2162956
2146506
2159671
2138089
2151468
2144578
2150829
2199334
2153923
2144019
2184243
2180036
2277017
2151327
2160826
2205932
2155272
2182630
2156859
2277739
2142038
2157177
2149340
2173549
2158227
2160984
2193795
2138349
2154037
2133315
2147515
2146487
2139820
2194376
2149826
2154804
2129829
2142594
2151825
2132645
2205515
2152632
2150538
2133612
2143141
2162491
2154935
2167503
2151183
2157540
2152654
2153278
2133997
2182305
2150442
2135197
2142229
2129103
2137940
2148834
2158721
2134910
2140386
2137439
2130266
2140155
2130701
2140285
2135565
2130856
2139176
2126655
2130751
2128026
2153453
2142965
2129457
2143081
2127080
2141360
2124435
2166673
2141949
2121913
2129411
2151613
2136647
2122277
2145422
2145570
2120283
2142814
2119065
2131279
2123250
2721557
2835723
2892359
2124886
2136203
2126055
2144467
2123801
2141451
2125290
2120083
2123472
2122385
2145532
2119909
2130192
2123557
2119870
2119005
2111871
2145103
2114946
2124509
2118726
2120552
2122748
2141076
2124850
2116201
2130128
2112792
2120439
2112184
2113747
2123223
2122374
2129741
2114344
2114704
2120896
2104728
2123125
2114608
2132066
2119598
2131541
2121204
2111628
2133866
2149172
2151000
2131234
2146381
2131106
2141583
2119797
2136194
2124143
2121078
2129485
2111301
2125034
2123074
2132141
2121186
2072120
3745357
5095665
5084589
5110079
5141358
5132632
5029735
5075105
5025995
5100192
5042451
5012022
5012965
5054655
5005435
5038895
5121789
5034622
5092559
5120836
5061085
5061395
5183803
5042219
5091775
5095459
5020399
5128125
5104795
5056045
5032179
5110123
5271922
5054808
5153449
5035929
5122165
5016721
5019283
5215719
5059142
5092631
5107686
5109016
5103775
5071915
5078468
5098092
5055785
5061909
5089485
5060792
5053066
5061388
5091832
5127008
5078652
5134046
5014258
5106429
5054491
5046376
5111939
5050425
5076952
5114256
5069939
5071609
5074006
4992072
4949398
5015962
5012632
4941839
4974728
4954517
4999478
5072909
5015775
5045009
5034311
5024486
5025228
5036275
5048022
5030829
5019692
4944168
4916458
4920635
4921811
4997945
4939822
3257200
2019421
2040034
2011433
2085008
2059922
2060192
2024229
2023812
2023934
2018745
2018062
2015384
2186630
2299533
2099083
2047116
2041805
2930466
4209994
3990843
2270388
2206093
2179381
2132193
3140370
2043775
2058107
2057605
2040686
2125163
2064093
2053452
2175232
2054419
2110615
2269800
2290545
2220235
2086214
2032493
2017083
2043473
2032349
2048607
2100936
2058027
2029159
2016569
2063479
2041588
2088598
2050577
2067828
2040451
2198495
2045722
2037931
2080621
2001114
2020593
1996441
2016501
2008583
2010840
2003765
2030523
2016092
2058612
2049177
2035954
2050188
2056982
2051267
2057017
2058408
1992470
2008870
2016510
2050810
2064441
2051773
2048004
2044194
2041375
2041703
2070785
2037187
2032950
2035306
2053757
2058547
2071282
2048549
2007539
2008101
2049529
2007045
2010027
2016638
2011835
2024687
2016660
2012038
2018505
2048286
2114925
2051969
2041827
2030495
2029763
2039822
2023156
2031550
2021880
2047183
2019758
2042846
2013132
2017792
1988536
1993661
2020555
1994528
1985075
1978842
1984212
1981314
1998401
1989097
1992346
1990210
1992313
1991056
2003573
1990745
1988869
1983283
1995145
1997490
1995051
1980280
1997210
1994886
1970544
1996824
1986265
2000886
1992854
2018544
1978440
2008045
1980313
1985772
1971642
1984598
1977214
2025340
1981549
1976896
2012631
1970431
1997997
2010991
2032933
1982326
1982105
1990485
1993883
2052202
2067606
2098404
2087364
2121635
2069705
2055713
2053990
2074873
2085741
2121364
2096069
2194742
2200175
2090147
2081555
2083830
2156294
2143669
2106343
2075044
2047321
2073143
2015837
2067621
2051342
2100068
2052248
2064596
2054851
2066466
2096420
2052146
2092316
2048481
2077225
2066435
2084242
2051814
2079442
2061994
2047124
2051366
2047544
2086620
2046297
4699352
2099712
2064009
2042297
2050316
2045795
2104195
2159024
2075969
2140892
2060849
2078744
2061405
2051423
2648218
2632899
3012163
2388378
2582502
2416073
2068183
2047623
2041704
2027147
2039664
2028783
2053662
2032273
2036005
2020642
2033374
2048766
2022860
2032429
2026413
2040520
2032441
2040310
2019944
2031515
2022730
2030127
2028128
2016191
2048631
2015346
2028008
2019206
2031845
2025378
2033468
2020041
2029479
2025378
2020159
2027339
2028077
2028327
2029945
2026984
2011643
2024664
2022645
2030561
2027738
2024721
2062420
2004686
2028617
2021493
2026966
2007387
2029034
2010671
2019769
2016593
2055483
2011538
2017681
2002391
2041917
2024988
2011100
2018538
2008500
2037514
2006890
2023034
2006519
2017039
2006939
2026561
2012958
2025632
2011917
2013181
2043417
2006721
2014063
2002132
2009554
2020661
2013106
2003613
2020227
2005468
2008273
2001644
1996631
2027074
2002252
2011505
2000437
2003204
1993276
2003329
1991658
2007474
1997775
2004123
2203257
2342045
2033442
2001485
2022618
1991389
2013018
2000330
2096116
2548791
1992211
2003899
1990246
2012052
1997557
2005881
2027952
2057148
1995110
2056051
2077927
2065046
2078179
2058173
2087438
2064540
2071078
2063258
2067552
2074454
2071822
2065426
2069388
2077199
2063214
2071746
2061329
2065290
2054104
2067293
2082047
2134772
2075561
2060782
2181881
2164032
2109424
2100024
2099537
2097985
2110792
2107505
2091696
2105700
2185660
2115411
2132486
2097938
2107275
2087004
2113207
2097085
2098986
2114994
2122367
2128199
2110502
2097989
2089834
2111908
2084140
2107404
2109562
2097275
2103405
2108855
2124653
2088257
2106347
2092897
2101193
2108380
2094247
2101964
2114049
2106635
2132329
2112209
2099663
2096661
2103269
2090760
2096033
2095254
2097936
2086023
2102104
2090942
2089904
2108418
2090160
2103330
2088985
2102112
2093809
2099202
2087427
2085615
2102542
2087285
2098726
2098284
2087003
2117805
2096339
3327146
5196678
5426953
5110606
5248186
5315992
5178179
5105086
5155769
5379727
5186799
5361706
5166022
5263586
5099862
5115698
9572585
5156386
5316439
5184312
5134608
5087122
5061642
5100112
5054055
5064502
5051652
5072556
5085425
5043280
5090009
5078418
5054825
5148029
5061445
5186778
5261393
5162892
5232046
6003378
6602744
6556563
5600453
5693724
5052629
5083662
5000585
5144758
5116363
5094408
5069996
4983648
5029302
5452683
5080555
5085619
5076625
5053909
5101738
5145942
5176746
5235309
5061639
5081189
5118612
5005669
5000422
5078722
5013202
5004075
4975208
5007411
5053915
5028979
5035312
4963192
5026551
5001575
4999005
5029099
5075198
5140522
5033578
5069639
4992389
5022472
4933165
4989398
5010015
5011772
4986682
2751196
2080848
2074759
2043798
2066055
2048694
2032665
2053569
2035890
2134129
2158740
2028840
2028871
2031725
2029485
2072102
2083852
2063279
2084093
2028130
2065889
2090326
2099033
2142531
2069336
2139412
2026568
1994120
2003002
2019145
2039565
1990303
2143782
1982085
1968233
1976717
2003426
2014393
2022245
2004196
1971943
1970011
1977736
1990779
2046596
1971083
1971075
1974321
1962368
1979546
1995083
1991320
1950475
1995148
1968652
1973082
1956467
1935438
1970589
2010246
1952880
1939941
1964324
1929257
1957264
1967477
2077948
1940972
1951942
1937893
1946116
1935595
1948019
1950577
2052585
1968190
1940367
1963373
1951027
1940165
1958846
1975260
1931044
1950892
1955531
1943350
1932108
1944466
1964544
2003372
1927806
1958844
1960221
1945151
1942064
1966737
1977885
1962002
1943138
1964815
1976485
2173124
2400161
1990867
1942286
1931384
1980193
1932587
1959702
1941607
2022102
1982811
1920507
1982295
1941385
1953513
1938425
2019574
2070392
1952267
1937293
1945523
1966554
1943787
1960142
1967434
1996222
1917131
1947253
1917814
1942241
1931050
1945502
1924743
1932707
1917703
1936304
1918690
1937795
1935739
1949965
2014506
1928361
1930963
1929303
1911126
1972310
1959181
1917148
1951735
1925194
1947653
2004245
1949221
1945215
1971720
1907412
1920951
1908299
1939334
1908529
2020025
1926933
1938125
1954195
2073245
1928105
1943722
1906242
1947349
1916488
1931299
1912265
1931742
1915408
1912077
1916925
1916082
1966940
1908000
1919741
1944103
1937495
1917591
1938724
1937234
1943799
1927584
1911092
1891258
1888215
1889081
1900206
1966418
1912127
1914882
1920995
1895887
1911520
1889076
1892993
1887903
1890964
1858065
1877358
1861280
1880743
1861272
1919105
1878664
1905068
1876380
1890586
1849757
1922961
1886315
1889343
1858951
1882935
1878649
1894619
1861887
1882736
1912540
1875391
1962965
1878316
1927510
1875768
1877183
1870544
1927305
1921774
1877211
1855222
1877111
1907410
1994997
1893963
1918057
1866371
1876200
1990618
1934290
1887960
1881565
1848494
1876793
1868317
1856022
1842250
1866722
1848174
1879967
1842478
1865194
1860867
1863789
1869631
1847407
1842909
1891048
1856217
1896494
1864681
1851647
1858424
1851420
1868727
1892980
1879954
1862103
1848433
1874763
1838430
1858177
1843801
1890299
1881555
1873089
1847929
1859289
1840843
1905597
1864956
1846577
1939329
1845456
1833049
1876964
1844529
1867540
1906754
1886289
1935110
1898121
1866497
1905904
1876342
1891603
1925231
1864497
2013687
1860414
1879320
1863202
1867624
1914328
1984127
1881868
1849576
1902367
1848324
1877434
1889013
1824099
1897931
1852703
1915560
1863528
1838997
1846281
1834120
1868462
1860295
1835952
1934004
1844447
1887618
1861735
1842892
1828979
1861641
1870960
1944904
1869710
1880359
1822266
1924241
1846144
1889331
1839737
2135344
2234087
2232094
1898759
1820243
1834747
1826183
1829438
1843748
1841692
1826491
1836285
1819917
1840752
1825233
1830162
1844805
1832850
1820465
1824256
1823667
1831710
1820930
1863756
1822714
1830201
1830641
1828938
2149210
1852135
1835638
1894133
1834212
1862402
1838582
1860103
1844252
1848530
1841041
1882539
1842274
1840441
1835554
1838054
1839749
1841216
1840897
1855042
1857079
1824979
1829940
1836679
1824254
1801845
1813413
1912882
1801015
1798714
1835584
1852011
1834384
1810626
1822006
1839273
1824389
1848984
1809841
1843972
1838227
1800908
1807529
1841870
1814289
1819494
1830472
1760541
1781481
1785333
1788494
1832411
1795441
1781855
1789848
1798886
1806375
1797523
1869012
1825067
1814520
1787790
1812922
1834541
1775020
1814620
1777634
2020708
2065042
1862598
1797694
1859691
1936079
1804927
2016511
1800667
1791444
1865357
1790868
1776346
1825032
1776734
1794590
1806407
2093343
1838811
1806868
1784841
1816184
1824649
1797057
1786762
1790351
1842530
1820502
1789946
1775390
1816799
1833501
1783434
1773899
1905600
1778188
1872511
1771401
1781222
1783806
1788467
1782850
1803553
1775495
1840371
1776297
1796509
1762172
1992988
4351226
4400580
4430113
4469934
4472550
4358483
4368610
4363263
4340430
4314970
4406871
4327073
4386307
4417384
4492794
4482727
4417717
4401910
4614780
4383106
4315367
4404793
4332107
4331090
4397107
4337329
4356043
4321859
4367304
4347253
4340561
4427207
4313820
4319096
4340823
4278207
4289113
4342107
4381034
4349376
4435837
4417990
4356409
4349616
4362356
4381490
4489257
4289407
4264099
4342957
4254199
4311270
4283999
4253136
4342033
4265109
4245859
4254806
4298219
4255963
4340413
4380230
4528453
4339963
4482619
4310473
4328686
4276860
4327890
4578061
4414606
4730745
4377130
4395674
4292976
4525024
4434310
4441221
4508673
4452584
4566790
4394177
4683197
4308307
4484674
4592474
4730170
4382030
4306659
4313430
4292863
4278796
4347756
4366717
4296276
4285189
4301913
4314303
4368977
4410720
4376656
4326367
4381310
4330510
4336676
4614137
4432467
4468680
4493950
4396616
4420473
4466170
4384483
4306013
4312407
4342672
4543384
4290786
4508954
4378866
4335860
4378086
4344357
4351803
4434537
4313793
4308503
4377607
4272959
4718127
4312183
4303616
4330206
4554500
4448370
4324539
4414716
4612710
4437938
4226322
4227876
4289026
4282440
4294970
4309713
4304150
4243346
4311663
4313079
4468213
4324876
4323660
4306090
4326240
4265477
4269286
4294656
4324624
4330850
4292713
4290910
4361096
4265153
4288140
4881022
4245286
4590907
5118726
4242946
4347453
4249763
4371273
4490057
4297106
4379710
4319466
4347889
4399247
4307036
4535240
4547154
4253646
4356440
4329920
4232086
4254423
4234350
4273253
4248860
4267589
4290799
4381066
4270786
4214896
4310080
4271863
4251996
4256533
4274405
4238093
4252033
4226116
4252749
4224120
4295446
4225652
4222932
4225246
4215233
7516003
4942279
4803794
4766548
4238709
4237003
4330726
4200217
4185300
4189725
4179462
4311326
4207233
4207529
4165482
4241663
4233539
4190443
4203846
4165143
4194029
4205166
4206587
4176406
4172395
4183950
4170566
4185109
4305793
4260227
4179759
4259606
4199840
4171500
4201366
4176196
4168822
4318310
4178166
4151953
4239320
4157896
4177006
4246659
4192469
4218876
4310106
4205846
4173696
4180996
4269682
4275470
4208626
4396376
4239783
4218073
4543474
4720534
4555167
4430977
4205026
4176726
4219093
4203240
4182089
4189483
4152003
4175828
4150780
4254976
4228256
4167583
4204786
4230413
4163440
4150209
4170609
4160066
4129879
4159593
4141720
4156862
4131526
4159593
4142203
4129586
4150240
4407360
4173096
4199682
4270766
4173089
4257789
4161846
4259123
4205746
4258486
4265726
4179130
4203316
4178825
4409013
4145513
4150126
4274069
4149443
4132390
4146426
4249353
4138637
4189876
4205649
4232753
4155725
4112245
4489570
4301556
5110375
4144909
4208226
4141939
4125096
4298870
4267466
4220673
4293779
4231910
4216239
4235496
4231973
4224836
4236363
4218812
4243556
4210292
4229050
4264663
4107820
4263392
4282146
4245320
4191946
4182719
4171996
4178942
4236800
4349849
4197979
4412777
4245396
4186353
4177469
4536830
4447286
4202479
4287790
4830654
4260086
4367357
4149896
4332807
4225848
4564427
4206225
4198640
4152286
4101336
4093506
4819425
4715597
4803881
4691927
4740624
4659544
4445960
4368443
4101703
4117755
4123462
4093122
4233039
4141326
13360790
4930382
4529697
4391543
4608564
4441570
4106978
4066826
4068175
4056706
4061522
4092082
4077049
4112953
4052662
4149509
4050555
4089989
4038376
4040102
4055066
4159496
4038275
4052745
4050819
4080118
4130476
4073222
4082372
4110196
4119519
4080723
8425202
4568150
5110243
4740247
4115816
4048845
4074666
4050622
4068593
4043782
4071119
4040723
4059946
4195590
5325606
4983775
4081639
4049665
4029095
4040383
4136849
4026315
4023916
4023519
4141316
4084902
4060672
4091182
4029176
4031022
4010936
4117192
4007946
4114449
4162316
4031406
4005758
4020362
4195283
4011656
4024436
4047999
4052368
4022330
4020908
4080249
4107789
4102079
4165956
4116085
4106793
4222849
4089815
4032085
4026409
4036918
4098020
4112422
4139446
4102875
4136842
4142346
4440653
4130539
4208229
4260083
4239563
4144453
4024225
4115303
4111629
4165002
4214319
4299506
4213392
4157266
4069199
4079945
4192783
4089332
4139790
4313606
4139743
4089932
4083439
4081562
4102452
4048212
4051119
4074909
4060672
4047299
4112179
3983106
4074396
4070082
4116855
4102840
4083289
4073765
4087778
4069665
4066020
4020602
3991506
4002929
4018636
4011655
4000959
3972536
4028932
4033419
3994226
4039452
3995038
4063422
4126102
2113415
1680726
1690098
1670683
1697192
2135539
1927628
1650202
1669573
1630200
1688956
1630545
1640424
1624870
1631721
1641004
1633307
1651223
1627294
1767809
1640230
1720078
1655220
1663967
1631284
1651071
1658411
1700143
1715852
1654636
1671211
1625165
1664472
1624924
1640729
1626883
1649623
1641350
1649595
1657491
1644748
1661023
1640222
1659164
1652500
1678404
1661512
1649777
1692005
1653448
1680480
1653136
1673287
1674909
1661386
1633482
1641439
1681553
1646819
1669142
1872766
1656185
1648352
1659553
1636291
1719393
1633244
1645915
1627887
1627748
1631848
1631710
1649357
1628334
1680030
1625364
1625430
1629780
1622997
1624800
1615859
1625539
1624560
1603840
1628266
1634612
1620917
1617892
1625348
1610014
1628832
1616202
1611058
1622228
1646627
1653495
1638378
1647356
1634572
1646100
1651485
1651565
1696753
1637208
1700908
1693811
1705760
1666667
1661368
1636269
1654836
1656688
1637899
1683503
1636216
1656790
1663558
1658170
1662319
1784359
1641697
1691224
1628614
1639681
1632484
1745677
1723493
1638027
1683382
1641143
1647733
1634962
1654275
1638530
1648346
1770240
1627227
1649481
1638329
1643604
1634600
1645449
1627347
1633559
1666445
1634566
1639646
1636314
1638634
1634672
1637847
1630624
1660133
1653641
1630064
1641425
1626601
1634890
1635338
1655270
1652391
1640960
1645360
1644665
1705210
1711375
1707763
1700524
1643815
1669505
1663666
1661000
1651403
1675660
1626474
1648656
1636391
1645966
1626245
1645566
1625759
1639757
1646289
1638049
1634204
1654584
1662315
1630041
1647004
1634883
1635062
1652698
1672335
1674071
1696670
1683734
1709378
1711596
1665232
1673636
1674455
1661454
1667924
1675126
1683297
1680364
1683446
1775888
1680973
1699670
1660307
1681809
1676988
1673297
1658452
1695740
1668643
1676206
1674164
1673817
1652406
1691742
1673209
1675984
1653709
1654622
1697479
1666701
1680064
1672151
1677379
1648655
1683714
1657463
1659928
1660517
1662971
1674113
1671220
1728815
1696147
1767997
1796952
1801219
1792284
1797254
1811517
1762438
1792325
1732590
1661654
1662102
1667582
1647145
1663919
1635083
1697363
1679797
1677160
1653812
1648929
1681449
1643581
1679672
1680458
1650305
1628506
1639266
1636570
1622787
1662608
1628700
1677871
1699014
1658252
1629617
2166074
4347299
6049064
6014975
4236043
4018619
3971038
3987605
3976322
4044968
3964272
4019932
4117486
4858567
4107573
5066242
4291379
3979582
3956518
4038985
3970952
3987276
4139239
3985709
4027892
3977396
4012716
3949152
4008435
3975322
3994935
4020885
3949555
3985062
3977219
3972685
4209606
3957165
3962749
3932246
4004258
3944199
3983716
3933052
4169316
3948941
3926158
3991669
3925069
3946672
3937425
3961506
4190496
3935702
3960591
4000945
4073782
3950675
4013433
3960938
3960405
3976496
3994698
3944415
3966592
4025588
3960542
3945972
4004848
4041142
4056252
3992959
3996888
4017833
3956196
3955345
3954735
3985702
3957762
3976789
3966839
3961939
3935725
3947305
4106395
3948632
3913365
3979852
3956542
3947862
3953802
3987458
3932341
3934648
3946629
3954945
3905628
3913794
3945495
3911815
3934775
3926022
3858455
3963222
3933111
3911532
3907088
3895048
3965046
3908165
3948908
3951845
3935443
4038939
3930462
2280872
1609873
1617213
1610177
1606712
1674462
1651030
1668829
1729439
1664175
1737283
1633502
1612134
1629573
1632214
1623827
1626332
1626401
1616565
1615537
1623937
1642590
1623560
1635658
1612304
1594100
1597831
1631272
1610645
1635355
1609176
1659211
1616612
1643542
1641404
1675487
1608484
1603947
1644979
1604166
1611572
1613035
1631128
1599626
1613055
1625272
1618947
1619995
1608352
1627014
1657216
1632203
1612140
1623294
1626722
1601201
1628513
1596618
1624278
1612683
1600967
1596712
1661048
1592143
1846754
1611322
1638011
1577023
1613951
1588503
1581132
1612065
1580062
1596129
1583509
1630733
1587000
1587934
1593814
1572468
1602546
1577762
1598319
1588099
1582357
1585605
1571016
1588046
1570470
1578540
1581434
1581485
1582828
1584776
1595796
1581207
1571612
1585465
1570747
1588585
1596043
1586089
1571403
1576795
1584002
1579151
1577798
1565054
1605487
1590581
1595243
1593223
1607758
1572966
1571622
1576972
1576895
1593535
1623472
1712357
1577023
1572211
1581003
1602412
1599607
1563172
1586288
1570952
2549957
1612723
1587251
1570660
1568245
1595112
1570777
1581805
1564789
1572279
1562858
1564131
1608893
1573073
1577558
1567029
1574727
1561013
1571927
1596490
1556911
1577297
1561292
1684097
1678705
1685644
1699009
1763209
1691583
1681620
1699877
1675423
1694216
1617523
1620107
1619944
1621065
1631400
1615847
1628623
1633267
1638593
1610724
1622970
1620964
1613778
1625715
1618559
1625933
1614605
1627889
1607885
1628300
1646973
1614305
1620450
1613977
1628540
1618983
1609154
1641680
1607404
1647575
1627322
1626135
1612543
1615241
1608362
1618014
1631136
1614098
1608629
1604432
1616781
1610751
1618163
1614096
1628806
1628831
1587146
1613124
1601446
1612704
1610326
1621196
1622617
1639095
1608498
1602203
1605712
1615591
1620895
1617387
1617837
1605010
1607962
1625369
1604742
1626555
1596383
1612542
1631428
1612230
1624217
1602022
1624796
1594543
1600829
1589378
1593305
1613454
1606770
1602217
1585085
1599607
1924706
2258973
2227927
2245264
2243850
1910002
1620937
1589133
1586977
1594680
1589824
1598695
1582332
1594179
1583154
1593007
5097525
1589103
1617919
1621214
1634240
1587318
1616794
1608398
1592178
1595583
1598702
1603680
1580030
1580470
1601391
1585430
1601488
1588855
1598699
1582539
1582582
1592449
1599656
1581010
1581097
1595879
1605519
1593437
1585126
1599381
1584334
1582252
1591861
1595833
1586121
1580122
1583522
1579459
1573748
1590579
1576132
1587681
1575636
1588751
1576395
1581114
1587090
1580315
1581995
1580037
1587736
1575630
1576216
1680875
1619453
1599113
1575783
1594130
1579713
1569898
1601126
1580391
1578146
1569133
1590778
1572203
1576255
1591400
1575043
1584907
1569371
1583686
1572510
1570984
1601228
1572875
1589680
1575007
1598126
1568282
1576520
1578381
1572605
1576126
1586324
1574990
1576494
1571192
1583081
1566827
1584803
1566985
1579273
1583068
1566799
1584530
1581214
1578042
1568049
1568519
1566392
1572615
1583737
1569368
1577694
1567892
1562969
1572234
1606240
1568379
1586992
1579371
1634385
1596150
1687812
1588466
1569338
1562611
1665559
1587009
1596614
1565359
1592552
1576092
1589217
1560121
1582983
1585096
1594056
1574687
1787172
1625847
1576075
1560861
1581497
1987852
1973478
1564160
1577297
1572737
1580970
1606056
1600169
1621416
1563995
1669550
1574954
1645603
1571701
1626632
1567118
1553416
1614005
1556224
1587891
1585930
1579688
1563269
1592806
1645233
1560331
1602301
1581775
1602558
1562011
1615572
1577566
1579597
1580909
1552091
1658188
1553922
1550111
1556858
1627693
1588712
1554069
1585070
1556255
1572087
1563346
1548652
1565739
1602633
1590118
1563190
1579721
1577027
1568669
1574060
1553720
1569601
1578045
1578044
1571558
1598941
1550768
1655063
1582986
1586699
1565492
1563698
1569364
1554810
1565181
1566026
1584540
1565779
1550281
1543101
1597094
1585161
1593432
1545274
1603577
1591141
1579953
1575433
1540221
1585706
1589150
1648154
1578624
1550486
1619710
1582592
1591626
1571966
1594758
1564590
1580171
1539694
1538640
1585210
1620796
1631952
1543374
1544033
1568280
1550325
1554339
1537743
1547957
1666741
1537303
1549714
1543218
1559948
1536234
1558394
1531508
1537031
1575867
1532310
1568305
1576030
1544133
1573068
1560190
1546183
1530185
1542651
1555328
1533761
1549178
1532847
1539252
1534640
1538610
1533322
1529189
1564782
1530848
1541368
1535564
1520770
1540217
1542823
1540072
1544960
2414638
2353675
2319352
2343621
2337590
2293867
1853565
1638407
1600305
1567498
1564642
1673200
1630950
1550955
1693386
1674933
1510705
1598406
1639110
1549122
1608133
1664640
1548598
1716099
1525807
1555029
1521853
3163908
4054253
4971385
4160779
4381336
4205590
4072052
3976089
5695736
6082962
5701837
5797954
5463794
4365246
3855925
4018286
3871409
3847368
3969109
3936759
4336346
3832788
5488647
4565957
3779641
3700998
3688680
4116593
3854168
3708381
3775465
3908744
3952786
3700748
3930462
3733291
3963266
3692794
3923652
3776558
3746698
3713892
3831101
3975805
3743541
3735048
3933782
5095135
5231559
6164786
5900645
4357826
4198143
5451727
3818698
3874135
5307343
7143056
5062768
3887708
4030519
3738202
3797095
4108620
3964312
3798578
3835561
3912868
3828725
4243193
3943835
3998645
3922515
3923782
3957481
4059746
3665740
3725769
3925551
3885206
3816639
3955028
3762715
3916974
3865679
3876275
3870205
3705808
3751545
4043665
4836451
4632447
4886821
4986838
5214406
4275159
3901392
3693351
3978115
3812271
3769695
3721588
3964458
3799921
3915435
3874542
4494108
4589231
3803571
3629993
3559082
3734690
3744940
3732981
3938764
4874378
3730517
3650378
3559325
3530916
3544202
3468622
4097121
3582285
3385153
3492785
3429110
4104078
3564162
3998072
3596607
3439690
3688725
3765720
3643066
3613968
3779694
4059366
5159548
3898492
4227057
4430162
3633848
4001355
3526813
3543563
3509751
3608185
3604693
3519917
3527525
3525227
3531505
3632951
3647591
3526613
3515688
3566720
3529676
3754145
3509427
3462387
3483325
3473285
3437148
3449643
3471679
3526299
3490119
3455138
3477594
3460647
3474719
3692829
3608976
3481946
3483093
3607960
3443514
3441824
3432797
3494666
3409918
3427717
3472702
3442943
3445957
3455082
3428912
3432361
3437182
3495582
3569710
3430114
3428147
3419615
3421945
3443730
3462845
3448145
3433099
3430007
3457410
3419807
3433799
3425670
3438242
3615100
3438867
3448350
3430128
3408568
3407625
3469688
3444465
3447208
3425784
3459362
3500228
3435413
3432479
3727514
3619300
3602094
4884630
5209128
5201779
3440776
3444676
3418458
3473785
3525381
3439917
3446712
3409521
3769309
3703158
3677677
5238969
3804279
4169603
4455583
3771822
3687761
4017709
3878788
3724742
3688308
3738742
3784475
3699491
3700498
3755951
3703424
3701901
3734558
3764658
3691754
3804295
3734618
3785435
3723591
3757005
3693742
3713444
3784501
3689047
3678391
3940625
3711078
3701565
3679921
3689781
3678297
3673245
3693271
3683134
3684978
3675004
3658611
3701495
3679518
3701974
3651644
3664055
3674147
3681458
3675815
3658484
3669024
3681345
3676458
3661148
3674004
3693871
3723085
3698214
3655165
3654758
3686491
3638707
3592700
3615144
3550181
3568851
3593571
3577167
3582211
3572901
3676792
3573201
4023549
4155082
3704151
4290817
4200546
3625388
3754231
3583504
3563971
3551954
3548560
3567904
3552687
3564280
3532074
3571731
3537841
3578271
3564030
3561181
3561733
3554321
3556621
3545623
3551148
3571144
4195616
3580044
3549943
3542788
3551280
3545668
3552467
3548695
3552990
3534011
3541491
3526417
3538670
3533338
3562914
3548574
3534384
3548204
3510651
3484306
3525208
3527458
3510991
3194200
3095429
3033043
3015024
2969729
2972180
2997555
3003363
2999655
2997264
2980089
3002615
2994589
2998384
2996192
2994972
2975543
2995698
2994278
3031335
2992395
3019809
3000252
2974717
3002060
2994989
3017661
3025187
2994423
3014069
3016858
3007578
3006880
3043138
3005575
3017549
3014394
3020021
3014733
3003553
3007432
3021923
3014569
3018717
3015175
3012421
3048411
3042555
3059824
3033703
3024106
3029912
3060247
3031286
3044127
3046443
3012412
3019318
3030760
3023609
3044689
3052386
4067250
3069363
3043012
3061049
3065726
3116535
3031129
3166773
3361538
3088255
3805220
3098752
3028277
3017941
3034786
2999631
3062292
3021957
3011626
3125127
3142701
2997666
3125113
3029704
3040778
3074939
2995224
3001612
3007706
3021092
3019863
3028666
2998195
3016414
3016961
3028503
3051898
3003101
3036191
3023773
2978024
3003637
3006320
3021346
3033869
2979898
2994769
3000397
3003863
2997200
3062629
2993409
3004989
3003663
3016287
2994012
2984043
3039206
3008111
3001243
3003209
3173804
2995091
3031847
3014977
2991689
3021936
2995187
2981809
3003121
3002023
3008975
2998069
2994594
3001878
3019826
2994938
3008472
2985460
3000829
2986057
2984852
3002960
2962097
2957418
3010244
2994183
2983955
3041512
1434684
1434953
1438798
1431167
1441264
1431063
1522043
1467342
1434980
1426160
1429896
1432563
1460891
1542053
1701080
1886323
1512606
1473023
1476627
1434710
1475936
1480159
1424360
1421779
1434976
1432157
1479117
1453991
1417791
1435557
1430504
1446583
1891103
1912480
1429717
1429046
1430814
1415081
1428085
1427856
1417103
1436812
1420827
1446568
1428526
1416196
1439917
1410775
1438505
1461436
1427921
1437466
1418513
1412346
1430973
1429590
1486766
1469558
1410219
1426984
1417488
1463231
1420399
1414031
1431961
1421968
1418527
1412642
1427219
1426040
1406787
1410716
1523782
1415248
1458356
1420076
1415207
1417427
1410338
1415656
1419546
1464819
1458680
1408857
1447726
1406438
1415985
1407862
1427938
1452430
1578024
1534804
1575119
1557155
1549992
1557850
1565078
1537343
1589198
1563864
1548370
1547216
1615175
1584148
1564586
1538476
1585390
1543260
1707655
1526451
1550687
1527664
1532128
1570284
1534527
1544837
1538484
1551034
1569171
1574823
1546377
1537329
1541553
1530718
1554513
1551959
1579643
1566261
1548628
1543112
1530943
1533398
1531475
1538162
1562078
1531506
1543713
1536068
1527518
1547234
1535756
1537914
1547568
1667622
1527594
1529734
1545228
1521975
1605207
1535183
1526776
1542694
1594928
1564535
1527406
1544934
1569293
1592119
1621826
1607293
1549260
1586774
1547295
1568316
1534660
1549892
1531477
1564636
1550353
1557055
1522719
1553238
1555061
1542214
1581892
1533856
1518697
1523518
1528706
1599630
1580005
1563664
1568447
1535644
1534131
1621251
1554188
1617135
1533643
1558823
1589610
1522848
1526732
1654394
1609610
1576922
1533568
1551232
1525200
1515266
1538972
1547160
1531353
1519601
1519737
1528476
1516332
1560600
1622982
1535961
1521449
1512591
1528048
1537147
1530693
1528921
1549849
1512605
1543672
1542319
1528150
1564899
1518526
1511940
1545245
1515572
1514030
1504663
1498729
1504909
1496650
1522452
1508670
1499320
1491682
1493112
1503988
1503199
1529598
1485682
1497293
1502956
1485688
1569466
1507369
1519791
1503649
1511401
1500227
1491175
1509139
1496940
1505045
1517695
1509169
1500673
1536087
1619997
1499446
1753371
1510159
1488779
1490678
1493315
1731421
1534241
1557283
1500246
1562198
1502314
1506382
1482689
1497257
1487667
1487221
1564655
1487648
1483059
1487156
1486988
1494125
1496160
1478704
1483653
1517474
1529879
1494590
1476408
1477459
1493640
1477091
1490393
1504560
1473360
1485022
1493305
1485399
1497170
1572622
1496522
1474817
1573525
1477634
1478824
1472891
1477530
1488413
1523025
1487486
1481845
1493040
1488285
1469004
1491576
1491449
1481702
1484687
1511602
1486122
1509949
1475348
1496425
1468883
1501135
1470941
1474232
1489570
1475479
1494543
1558879
1495081
1480382
1469102
1482062
1525684
1489578
1473405
1473230
1498016
1478228
1484992
1486769
1520817
1493958
1474150
1484057
1468602
1478289
1475945
1469266
1479802
1466743
1501576
1471057
1472144
1480139
1477995
1469260
1469467
1481952
1511979
1490391
1547244
1503668
1471127
1495370
1477918
1502291
1478114
1464861
1474312
1464989
1476523
1457374
1463287
1470379
1455217
1467458
1456591
1482224
1471358
1462635
1489911
1459017
1459440
1466908
1454715
1469030
1471767
1457806
1467343
1464571
1464114
1476933
1463295
1476460
1463574
1475258
1452904
1454594
1476523
1451144
1494785
1450730
1450690
1509637
1457712
1477950
1475185
1477736
1444388
1452363
1474986
1492259
1461566
1445684
1447778
1462814
1446655
1457613
1469548
1448512
1471111
1703698
1856394
1599948
1483446
1445283
1450796
1460001
1463494
1476719
1451109
1443488
1493579
1448952
1471887
1444663
1462160
1505776
1559805
1464620
1448774
1445951
1506557
1442447
1476223
1468919
1457417
1502607
1753222
1537888
1571190
1443046
1468610
1450506
1482878
1442888
1449000
1471936
1445241
1498665
1492691
1565449
1491544
1436660
1472770
1469024
1540139
1440631
1448201
1534687
1440313
1504263
1436145
1569343
1449013
1442335
1489053
1438747
1495030
1457869
1432154
1446642
1437512
1658940
1431972
1541174
1476636
1438793
1495128
1515636
1457422
1535051
1456940
1559262
1438731
1475708
1458507
1491203
1438808
1433420
1484174
1449371
1454656
1437522
1433649
1472950
1451004
1522133
1448140
1430619
1433198
1436085
1432593
1447676
1432693
1427129
1448801
1458332
1439541
1423862
1433798
1438826
1426281
1435428
1425496
1439184
1439531
1498213
1421151
1430911
1431966
1435558
1433965
1422191
1440169
1421653
1441522
1464803
1423696
1445016
1433604
1431006
1433445
1427187
1463485
1426072
1433590
1426287
1435356
1442810
1424426
1416795
1416939
1422465
1436198
1420842
1421181
1438026
1421879
1444688
1418254
1422516
1414013
1412369
1428968
1420119
1428693
1417288
1411356
1433961
1410208
1420545
1425605
1417147
1446681
1415511
1408660
1427377
1414437
1424242
1412251
1409013
1436053
1412539
1432182
1406572
1424741
1417300
1415896
1403472
1422914
1409079
1415786
1419803
1405123
1417387
1418183
1439807
1410582
1411759
1417933
1407667
1406608
1417647
1440868
1452994
1408543
1422414
1426477
1399653
1540101
1373334
1376480
1384752
1377010
1372802
1396768
1494605
1422369
1393324
1374074
1403232
1373094
1390308
1369090
1377679
1380662
1529135
1369821
1374638
1371467
1383460
1404720
1377378
1378307
1373016
1379543
1368195
1374138
1369606
1373606
1462304
1376170
1372664
1383815
1422087
1393850
1365894
1365765
1376709
1376697
1374551
1381774
1371804
1391437
1391308
1368500
1393550
1379186
1381609
1385314
1368539
1373219
1356927
1368982
1410560
1374940
1358177
1372882
1364630
1375545
1365818
1362286
1381876
1360899
1361280
1370594
1359033
1418754
1364218
1355164
1388489
1413211
1305224
1313349
1301996
1312841
1304360
1306649
1339847
1302344
1306737
1311193
1310290
1303763
1321549
1302832
1317415
1303939
1335363
1333348
1301862
1301522
1441223
1296825
1315583
1320903
1312471
1320661
1310180
1530398
1347286
1364008
1344686
1322551
1360031
1321646
1334230
1390379
1304290
1357666
1318024
1315141
1337954
1319173
1334418
1324421
1345038
1299442
1309181
1307300
1381971
1321772
1350806
1305864
1335359
1330102
1323762
1329676
1326168
1312013
1348581
1314834
1338795
1336683
1330843
1323093
1340904
1308966
1340941
1323584
1324513
1312696
1326243
1317930
1372034
1306467
1330916
1316880
1314713
1307130
1310656
1315475
1316734
1311961
1328668
1314422
1318472
1319427
1316928
1312090
1306579
1304072
1315164
1297742
1309857
1353195
1318532
1311191
1316315
1314653
1295620
1322972
1300971
1345890
1300461
1327250
1322248
1298922
1305225
1314724
1306574
1310745
1304343
1299889
1320841
1300746
1337338
1318733
1315148
1316058
1317217
1299383
1311735
1308130
1310797
1307234
1316445
1293746
1315692
1305743
1305997
1295356
1333748
1368955
1294612
1296460
1305652
1371493
1336197
1315184
1309612
1312726
1293428
1311517
1308748
1293459
1302680
1302017
1299121
1296139
1326291
1331418
1314499
1320673
1285126
1287945
1275926
1278825
1345799
1274687
1279723
1284857
1275038
1290437
1298227
1278857
1272981
1288247
1280250
1291999
1270656
1271357
1291827
1271271
1287142
1280547
1286216
1272400
1287315
1282236
1284101
1288800
1276301
1286449
1268358
1285457
1283841
1271389
1310302
1281410
1275230
1272609
1285729
1277330
1279776
1272701
1299777
1298259
1301364
1277929
1296110
1269244
1273972
1282125
1285676
1267929
1280895
1283181
1294055
1287433
1277726
1338053
1273001
1262945
1288081
1267737
1267158
1291792
1265757
1266449
1276213
1266403
1264951
1294668
1287655
1262176
1274515
1265719
1279451
1279238
1273576
1276049
1267355
1268106
1278652
1275841
1262291
1273358
1270328
1273028
1302427
1301363
1272887
1547860
1283001
1277437
1263300
1268285
1271457
1269994
1290553
1292860
1285420
1256963
1269834
1256236
1261980
1269930
1255513
1274699
1255389
1268178
1273174
1259462
1249169
1304428
1258991
1271457
1257770
1255705
1378843
1247444
1282479
1265328
1254463
1255253
1282777
1278156
1251068
1260857
1250855
1249483
1268920
1247847
1269954
1257455
1246661
1248024
1244822
1256149
1258414
1248797
1246087
1251565
1245702
1265301
1261571
1226843
1235279
1249209
1231578
1232371
1322438
1233908
1237091
1255189
1230781
1229498
1243308
1220282
1224045
1241653
1225525
1226997
1232813
1220221
1228558
1233330
1240798
1224056
1229433
1226897
1235422
1231746
1220588
1236293
1222646
1221283
1237245
1246364
1227156
1243678
1220171
1225873
1229185
1256677
1221098
1233118
1219259
1255816
1219886
1267038
1363149
1403946
1247154
1235886
1217863
1226171
1227472
1305575
1271092
1231479
1215108
1226572
1261682
1217798
1220331
1236119
1214364
1220315
1241908
1214793
1234425
1229763
1241765
1219484
1219775
1242177
1219259
1213657
1216931
1239962
1214397
1215876
1218636
1213013
1221822
1223737
1223978
1222131
1243143
1222296
1219788
1225703
1208162
1219958
1252523
1247799
1210215
1220459
1209067
1216300
1235650
1222991
1239668
1258988
1256647
1238265
1268216
1239110
1233807
1244790
1263681
1234315
1251792
1256562
1226397
1252137
1243068
1258993
1248572
1225732
1248914
1311348
1217923
1206398
1223642
1403154
1299804
1225779
1292351
1451229
1437889
1312270
1435699
1223124
1229267
1205196
1229312
1237171
1353002
1294191
1318531
1205235
1254857
1220427
1552261
1301628
1278718
1238651
1202779
1200921
1222445
1203284
1202394
1229504
1323718
1291397
1364159
1281339
1283206
1326294
1297838
1257118
1293508
1291219
1285599
1326981
1285828
1311145
1290724
1290796
1298517
1301945
1293696
1295282
1293321
1443840
1299602
1281656
1300389
1283850
1285131
1306030
1284557
1284978
1287533
1289011
1288807
1294342
1281655
1277164
1293923
1285350
1303223
1275328
1275115
1288776
1287442
1271513
1289556
1293399
1284362
1281742
1271918
1299070
1273004
1296716
1283754
1273034
1275053
1276676
1272892
1264364
1281203
1273225
1277735
1279539
1267642
1335386
1359402
1321715
1286708
1268020
1281810
1300502
1328523
1271593
1282138
1270641
1265290
1286874
1276933
1282724
1268437
1265604
1286893
1267470
1284616
1272480
1265227
1265280
1289036
1367337
1266868
1285089
1272012
1261150
1308004
1266744
1287097
1263857
1265945
1277775
1269434
1274716
1246826
1238731
1235582
1254214
1240623
1303546
1257702
1233039
1240265
1285281
1234270
1251606
1301971
1240634
1248065
1236021
1253324
1241568
1240646
1235049
1276883
1235205
1236886
1244535
1227522
1293973
1239811
1258643
1227659
1250444
1257365
1269191
1239928
1235919
1254128
1240417
1255830
1246365
1245095
1232667
1244401
1232632
1227223
1245132
1340417
1226852
1322047
1240456
1234752
1256314
1230661
1232552
1236852
1235442
1235781
1226151
1233373
1246978
1239061
1232475
1239269
1242490
1227157
1253263
1227528
1229602
1242012
1225835
1228983
1258831
1221251
1225919
1237515
1246362
1257382
1236577
1233049
1230487
1238053
1232826
1222847
1351325
1244651
1224805
1242881
1220383
1224208
1236353
1321859
1224197
1229328
1229240
1234493
1238160
1244421
1286029
1220951
1227835
1244656
1302075
1222758
1252025
1234376
1224014
1240959
1240876
1330887
1230186
1230868
1344769
1259924
1239758
1260642
1238179
1228467
1240216
1269226
1228629
1334092
1240868
1229425
1244158
1233633
1236978
1267107
1228651
1236366
1228524
1307027
1243938
1239745
1227787
1235914
1238123
1228454
1244981
1230083
1241254
1251731
1245781
1236107
1237173
1228767
1228946
1246821
1242427
1225596
1261279
1255689
1228196
1271496
1223177
1235563
1239909
1217567
1242971
1240781
1226537
1225610
1242820
1444287
1249471
1238865
1220087
1257362
1243898
1240192
1265283
1241012
1233361
1240268
1232405
1221963
1246180
1232459
1271463
1231337
1227293
1252870
1270267
1241711
1291267
1247950
1225371
1253965
1220242
1225958
1239113
1229021
1218548
1298227
1221799
1229952
1306890
1218578
1255415
1254586
1225060
1220993
1229207
1230507
1216136
1235270
1226886
1219163
1226151
1215847
1227047
1218597
1217687
1239189
1217784
1214267
1231037
1213421
1218684
1229291
1218784
1217819
1244307
1219905
1214891
1226492
1212246
1222799
1229703
1211911
1220452
1222329
1231005
1214500
1253409
1213019
1214614
1222818
1222586
1213934
1164994
1141013
1154097
1162266
1148332
1165281
1154057
1146925
1148535
1154572
1147136
1154495
1152313
1151147
1145235
1156777
1142435
1156626
1158813
1141232
1145300
1150096
1142452
1152250
1154900
1148269
1147830
1143286
1148234
1269949
1157085
1150158
1149485
1153568
1151296
1140245
1147379
1150688
1145826
1142800
1147952
1153678
1139008
1156253
1147850
1143916
1162281
1137491
1146429
1154235
1133471
1141002
1145887
1138276
1139274
1137100
1147079
1147427
1136461
1155246
1138311
1135159
1151167
1133035
1138550
1151332
1148033
1140927
1141993
1133943
1150064
1140371
1138394
1158733
1189413
1140954
1138936
1137945
1134738
1138586
1138767
1145783
1131556
1140218
1167156
1154221
1133106
1143859
1198437
1227954
1157981
1183398
1239849
1163938
1655987
1660642
1664915
1660249
1745465
1724622
1721349
1719454
1559373
1843874
1689162
1725197
1750475
1713362
1748336
1658866
2106526
1763299
1727221
1691438
1637288
1642888
1381596
1694155
1670360
1491993
1733120
1674215
1719308
1709276
1700999
1690542
1731255
1668723
1722864
1677373
1700062
1690450
1753965
1708268
1505510
1476526
1155244
1723490
1674688
1721086
1705898
1230150
1161100
1196345
1134745
1260828
1164387
1134101
1157932
1133306
1362738
1401756
1137270
1161035
1151919
1157690
1133426
1268441
1146575
1133534
1143741
1135976
1167337
1365520
1129863
1149541
1133312
1146291
1004207
983204
971739
971631
980888
973347
972480
973106
1002543
970912
1037321
963337
984071
967522
970240
983469
966185
971264
974956
985460
967270
967654
972307
969264
997096
963009
1012494
963085
965099
971230
974258
968773
964420
1075636
967937
980850
964631
981821
984081
962484
977449
960271
1003444
957778
974024
963342
961033
960477
971026
985800
965215
972358
981443
957110
980845
994209
991822
973806
961209
960851
961651
956895
965102
963874
965395
952462
1151163
961724
961202
963526
965345
950676
955666
981235
987558
961209
1007317
962535
950073
1009083
949978
949983
968009
963502
1022233
949874
957101
970691
1005351
932391
1065002
949430
944756
951894
964816
958656
946792
969007
988124
942992
946766
959551
941516
943350
949432
971242
943749
943294
951238
958419
951759
939670
963366
981686
945699
941565
975816
946871
939845
939512
953725
940163
954023
955479
939397
940489
946653
983714
937349
962515
939990
951785
943666
954083
980879
936998
937040
962435
953799
953004
976811
961034
962926
939338
940370
938643
938073
943156
937187
945481
955884
944280
950781
940631
937195
959988
958409
933939
944667
941705
946572
937540
945253
947468
938559
940934
936296
944299
941963
942144
939976
946177
966254
936127
936869
935155
933858
945037
947930
938254
937958
952533
954752
946763
977269
943574
954201
940412
938527
942162
935282
948898
931125
946803
932562
929200
935658
947318
934887
932164
934389
928976
938466
929552
941289
936707
930739
927044
936955
930603
925118
927648
939551
956203
923735
947361
925201
928600
928508
934318
942438
947554
926662
940534
928586
939360
971365
928416
930704
924169
937162
928185
924084
925697
926019
925164
935386
935365
927753
931563
925074
936067
958765
932459
924245
969575
943130
924517
946993
921666
923711
921086
973955
916926
916658
925154
953818
919354
929398
914369
936870
903722
938683
922193
928110
918761
918880
932733
913629
916922
937397
956272
953800
917004
921812
928283
931049
917288
912287
988626
963780
1007655
1004615
931296
917298
925797
947344
914042
920548
916053
931924
912908
913994
911478
924419
918247
923769
988756
918962
919875
944632
926499
924381
967128
931226
920425
1055036
922637
946574
916175
913043
930468
927684
928730
910862
914562
917122
918635
910769
934886
914339
934005
915323
926568
899257
915984
900516
921061
913655
903410
901173
913385
898183
905641
886010
893251
980035
932693
900404
889247
885958
887504
896724
912871
893135
891147
899290
892202
882950
891963
902504
918513
896324
883926
897385
889067
888701
884591
890795
892796
883406
884224
906116
883256
882975
884614
893761
883173
906527
882961
894882
882209
881841
895568
885606
891274
882999
891832
888929
904108
898915
905478
882239
890399
930004
881287
888331
889652
888291
835228
790880
788225
809203
816563
796231
787721
789936
810798
795024
797131
957375
849107
792148
815384
792377
806143
826838
793257
959425
952296
910992
937897
955682
932204
919093
918638
951633
966168
921059
929364
954826
931027
923992
920473
955135
956575
922433
970445
940913
952996
1069429
925842
924757
944732
918627
1144945
1151053
1006777
1039361
933644
1160427
926853
915345
916011
939125
926999
915403
922811
909120
936830
922233
922411
915358
927403
925411
931042
954526
920948
928815
917018
931009
915924
928162
917682
914066
917231
915354
931113
911182
921381
919383
924477
915807
913377
912269
926123
912325
913865
917804
931016
913787
916788
916148
930632
918741
916355
928348
918994
918799
937080
926202
915365
939157
918664
930303
919145
935764
915545
1014863
914210
923481
924091
916547
920314
911167
925502
925174
1006069
946382
961092
933402
911306
909655
928309
911125
998425
930356
910131
909046
916637
945266
911503
998339
909402
924565
918099
917674
911733
946630
907627
937979
912067
907402
936637
912237
936130
991680
913554
935585
913640
908348
915976
942665
926121
980271
905591
937881
913169
902555
1104083
932591
902304
950856
924314
916014
904981
933827
1012473
933157
912321
902695
912966
967300
898959
898073
997166
905123
912493
927499
902331
916636
942513
1045163
910370
906050
1022750
920699
914598
852491
876164
863039
851508
846163
848833
850809
848859
851529
1017414
849753
845835
866052
850715
851532
848915
896045
938375
888977
854819
882807
860526
855797
1065091
1086321
1186797
1082574
869800
867261
846733
844847
877557
846503
853107
882011
864690
756892
781585
747670
745456
756503
754045
749868
865936
875723
862776
867986
864132
872913
860219
860300
862444
891621
857935
856459
875562
867166
856541
863224
859927
867680
868704
862369
863044
875513
860146
856487
855007
869627
851646
852524
858623
866066
857177
856723
860655
865844
855771
863220
853704
859802
856953
854812
848982
861122
855383
857572
849140
942966
850248
856347
857138
879913
849384
850519
858032
866385
840088
843725
841813
839392
844959
846685
839976
848155
839833
839374
840127
909106
855834
844937
868164
858373
841391
838701
844529
876039
837005
859112
873478
851907
844559
862819
895699
854364
903963
839990
837314
854012
838677
836835
855380
851495
838482
838967
858970
851856
839472
833140
830914
841679
834925
834743
833451
832059
834793
831863
833034
832664
839930
830245
843072
834765
846607
830870
829578
835072
843068
831613
830308
830468
862488
826767
839178
827479
838182
832693
841770
829364
851642
827456
829292
832774
833380
830094
829774
831222
845066
842100
830661
828688
829177
837813
832456
857799
858688
834514
831177
842594
960934
829414
834354
833840
841465
824251
826648
843600
835754
825226
839320
828880
848509
834804
833964
829295
831628
825394
828463
842053
827549
843721
822012
822623
856693
846949
828024
839486
833299
847122
828167
827220
832469
841767
828909
860609
847055
859142
836299
861658
866541
873025
858691
856176
876527
874271
858121
866562
864766
868216
856611
860568
854107
863016
861651
860866
862131
867215
866208
861671
859313
874315
859173
857447
864142
876807
859155
857217
851416
899537
856737
864405
887380
939340
893368
867006
858811
862303
941276
862974
882288
857912
905478
922505
887719
856596
867753
853621
904450
886816
855672
882085
868476
851301
888541
860333
899359
855371
854485
877271
865021
853423
858201
854761
882599
849754
849622
869987
879642
863595
862421
1423574
883819
861169
853209
867758
860996
847577
848503
903559
851063
880341
857879
889121
863465
847921
849753
859465
852413
848944
844278
842397
861314
864209
840558
864397
846802
841428
857750
841508
860820
840310
843838
862013
853155
841774
838638
851411
848423
849583
849994
856305
837993
843092
837655
888195
873867
836369
837909
851712
838907
841021
846612
852469
836588
838452
842602
849112
835549
840645
832549
837501
840048
843698
833472
841729
867591
829315
841199
856573
858075
835224
832171
839281
853017
836233
855972
848954
843500
840714
843019
834445
844356
843708
841504
824256
869470
824954
865119
840380
4908568
843700
836708
927457
870377
885186
842004
835769
846571
840721
865848
835886
843513
845526
833587
835321
846817
830226
835289
832772
952815
830478
830077
835785
843576
838700
831588
842610
1117779
840082
830818
828290
835054
873182
835999
832831
843015
839061
830914
856275
848293
833482
843125
836698
839867
832268
839253
830536
853023
827188
837553
829963
837181
832812
838112
829232
846633
828525
828767
831039
842473
826097
843099
831849
826174
826702
825219
844231
826649
880439
825874
825342
824216
837567
829655
826978
822392
839662
1077812
1135994
1144398
882171
824221
841198
856212
828817
831065
823830
833748
828293
828846
821742
832027
870396
822291
825688
833000
837126
834525
834041
833795
833253
825858
825577
917917
823156
821312
832736
843200
819555
822547
830342
848566
828298
821276
819581
855205
823668
816421
823400
825278
818392
834887
829363
819954
835294
820933
831796
818304
838096
823187
833316
816739
834999
822177
818205
834813
828479
815639
822726
819210
842545
814943
815755
820888
815308
826901
828585
827268
815210
835408
865376
825027
813708
836985
836076
816594
818734
836234
820080
819925
821445
831565
815780
815978
822357
813497
845311
822537
817123
815505
828536
816265
820682
814171
825524
816341
817732
835788
812831
818952
813489
843719
813916
814633
822834
810610
842613
811560
815431
790739
801388
793706
794821
789036
800585
794859
789667
787309
791100
788926
784027
787904
793995
818647
819163
792378
800112
791765
772965
779729
774882
776051
778734
777739
778839
773852
783038
779383
774474
772802
787736
774530
775908
778560
772740
785798
773917
774872
777368
791833
803968
815974
770376
748807
777493
771422
770754
771204
783338
777666
771646
773164
806662
772254
771635
791785
778095
774580
774479
771932
778716
779756
772640
776011
796465
853915
1164622
1155611
1197850
1177903
1266776
1155411
1269838
1336116
1147850
1177136
1169183
1156093
1249518
1164857
1159689
1160875
1180465
1161534
1159403
1177040
1157995
1156848
1177539
1149022
1152347
1203030
1144466
1156779
1161961
1152458
1142979
1169482
1142727
1145437
1168050
1161258
1153421
1144051
1146615
1146042
1071278
1238430
1146260
1157649
1172335
1183913
1151210
1156834
1172354
1159409
1145816
1409442
791752
768675
768212
776276
761730
790368
842193
790010
804213
787292
800710
790129
799009
790218
785325
786146
798371
787875
828982
785261
801562
804513
784724
876695
809126
800747
790252
785447
797136
796006
790660
788589
782429
796568
794720
785372
786425
828820
786900
784089
799160
820142
781814
785427
790236
783479
793413
784826
783801
783709
792447
788036
789324
778687
788065
785048
782883
809111
798074
794174
777309
780131
786974
1325829
781187
778004
777469
786001
776283
783819
777532
785342
782685
783311
775558
776326
776497
792406
790073
791469
797649
779013
778244
781947
795086
772460
800053
798944
771257
778000
788778
779403
776804
800694
783322
783679
774538
793409
782608
781654
774758
786503
785977
773684
775454
788062
774886
772307
779383
774963
771959
771031
774826
774814
790356
777947
783527
773956
785862
794785
778241
773469
774722
784295
773588
770707
791445
788920
770205
773910
786586
772765
775989
774017
770420
773021
786555
776556
776701
775157
784394
777599
773096
768992
769778
778665
770898
770361
772394
782035
770037
767237
773264
768178
768366
770506
767049
768992
776535
770224
774117
768615
776664
773599
771739
768608
767136
782615
766618
768118
770841
782735
767141
808539
769428
770880
770360
768257
767338
779529
762126
812964
779482
750223
822615
765238
763561
762237
778582
763160
871108
755375
778482
758566
756284
753293
760908
766556
760199
759417
767807
760558
774327
769358
754206
758070
767554
785876
763851
757083
771258
755731
756201
756574
755338
863155
755015
753227
759948
768294
752823
758950
749927
751845
750693
140124
374676
514418
365721
135500
325209
317580
317018
99442
69916
63416
60885
60731
57452
56226
55969
54549
54608
58217
53551
53134
79278
52675
55681
53879
52569
52067
53667
57846
54836
56072
52743
51977
53810
52085
51662
50756
52020
51000
50826
51531
49882
50345
51084
67683
51450
52081
52418
50355
50878
50267
62337
51422
49661
50226
50684
49959
49834
50757
49420
49637
50793
50911
51555
51740
50680
50544
52154
50935
50270
50802
50188
53292
51101
50265
49916
80340
88268
54815
55763
51615
50711
52203
50584
49932
50210
128896
73561
57338
54904
52886
51469
49178
47726
47772
46578
49253
45589
45516
44924
47477
46398
45884
45618
51225
48877
47404
45815
44947
45217
44724
44205
44371
44174
44048
44041
44278
43913
43434
43612
43463
50735
43676
43119
42861
43302
43083
43213
59983
49681
48855
47795
47581
50967
46116
45207
44935
44128
43568
44193
43823
43554
43424
43413
43160
43682
88269
43536
43097
42984
42843
55982
43141
42678
42330
42712
42128
42671
59145
42961
42987
42639
42274
42227
42260
42267
43544
44070
43568
43939
43410
49750
43308
42576
42404
43032
42531
42263
41800
42423
42016
42045
41922
41825
41297
42425
41936
41972
41965
41975
41648
41714
41811
41889
41826
42102
45362
42016
70935
64097
67692
58827
55629
53892
50593
48917
49619
47593
46476
45890
45853
45422
45324
44484
44206
44309
47753
46832
46861
45681
46040
52937
44613
44387
44256
63449
44595
75320
68313
46876
44843
43898
43456
43260
43394
42815
42559
41961
42510
41819
42839
42044
41850
41534
49009
42085
50280
42069
41842
41283
43417
42262
41889
42218
41527
41297
41636
41299
42080
41754
41944
41373
41649
41630
41337
41529
41552
41158
41944
41588
41716
59611
41761
42120
41896
41129
41564
41251
48225
41350
41237
41029
41072
41260
51167
41351
41386
41006
41483
63314
63174
41187
41367
41151
41094
47924
41313
52971
41329
41397
41759
42005
41577
41041
40924
40918
41087
41036
40776
69173
48840
71003
47867
51623
44237
43669
42606
42057
42187
41615
41875
41658
48057
41177
41374
41040
41243
41294
41148
40360
40957
41337
41853
41411
41075
40617
41314
40928
41059
40943
41191
41010
40822
41026
40896
41028
41027
45081
40582
40995
40881
41300
40807
40743
40347
50697
41052
40824
40821
40818
40474
40720
40538
40953
40979
40910
40299
40764
40649
40947
41243
40691
40442
43927
46231
46058
45319
62241
45433
44136
42743
42895
42201
42178
41661
41790
41115
41385
41306
40881
41404
41083
40702
40831
40829
41152
40307
40884
47639
41140
41285
41093
62166
41703
41050
41559
40931
41305
40382
40511
40387
40450
40519
40618
40093
40888
40534
40472
40268
40633
39943
40171
39985
40504
44987
41046
40623
40376
45123
43667
41402
40993
39920
40733
40417
44795
40106
40133
39342
39823
39766
39960
39917
39679
50332
46094
43632
43587
42124
50118
41871
41121
40945
40553
41464
40755
40743
40694
40597
45142
41197
40351
40361
40175
40483
45979
41125
40439
40751
40616
40212
40453
40321
40114
40447
45788
40267
40200
46911
47014
46860
45133
44024
43933
42715
41771
42782
64236
42772
42092
41071
41143
40945
41265
40513
40403
40186
40245
40396
40499
45191
40080
40205
39998
40229
39976
39959
40115
40215
40759
40153
40313
40025
39862
40694
39868
40061
40234
40290
39944
40361
40091
40077
62919
40548
39478
45406
39980
39736
39880
39733
39409
39665
39701
40125
39677
40237
39448
39731
39443
39627
39906
39436
39051
40229
39824
58102
40327
39651
39384
67481
84665
48390
45749
43680
42797
44440
42793
41688
41209
40864
40120
40337
41431
40892
40891
39830
40146
49759
40614
40035
40095
39494
39546
40198
40560
57665
53057
40327
40080
40186
39248
39387
39185
39094
49440
45097
42787
42995
41832
41350
46834
41013
40026
40210
40662
39938
39767
40396
39624
40278
39723
39462
44039
39560
39224
38931
39238
38949
39162
39535
39323
39085
39165
39424
39079
39245
39445
38954
39264
39456
39216
39519
39132
39232
39309
39183
39520
47803
39655
39556
59771
40373
40011
39659
39780
39504
39390
39021
39208
39013
39071
39133
39069
39166
39680
38934
39337
41134
41020
41443
40479
40754
40585
52055
40476
40453
40343
40029
40082
40026
39650
40729
40235
40077
39795
39895
39549
39977
39917
39675
39128
39315
40173
40351
40686
39734
39210
39629
39385
44244
39444
39427
39858
39631
39102
39506
39275
38916
39228
38868
39105
50702
39428
39151
39084
39002
38933
39235
38960
39170
38719
39134
38894
39039
43679
39328
38892
39812
41380
40191
39749
39056
39497
39346
39386
39941
39385
39078
39792
39351
39723
39906
39664
39387
47479
39395
39345
39738
39105
38733
45747
39438
38667
39034
38920
49888
38827
38807
38530
38954
39615
39017
38932
38755
38559
39543
49792
45277
44010
42976
41367
41401
40503
40453
40047
40633
48110
39585
40636
54093
39838
39940
39595
39883
39865
39646
39585
39365
39646
39101
39288
40683
39639
51985
38899
38733
39265
39686
38639
39138
39204
44741
51554
44131
43193
42726
41590
40879
41136
41011
56586
40930
40469
40143
40383
40428
45239
40323
40362
39925
40041
40636
40271
39372
39692
39607
57860
40667
44369
57070
38809
38555
38071
46374
39033
38400
38251
37726
38112
37925
38274
37671
37636
37556
37425
37355
37473
38175
37373
58716
52377
38595
39228
38073
44991
37627
37468
37933
38213
37700
37658
37231
47198
60087
45853
43752
41781
40757
40139
39707
39362
39050
39896
39157
38645
38759
38464
38469
38161
37969
37858
43110
38016
38039
37717
37736
37461
38010
37968
37702
37301
37360
37759
37389
37599
37980
38000
37848
38095
37764
37360
38460
37652
49678
37326
37302
57726
38267
43579
37185
37779
37119
37113
37539
36826
36739
37187
36934
37671
37343
36514
43069
37134
51157
37419
36854
41776
37269
54579
47624
45705
43254
42291
41165
46649
77439
63538
65923
70370
67127
71125
69650
65755
71052
45737
42289
40673
39874
38856
38647
42372
38568
38300
39627
38088
42729
38056
37626
37601
37143
37472
37058
46946
38157
37792
36922
37468
39485
37791
37763
37600
37806
37284
37870
37166
37711
37531
37145
36843
44643
37519
37310
37152
37517
37311
36949
36954
36983
37131
41436
36983
36643
37369
36954
37436
36970
36795
36778
36910
37081
36973
37031
36959
36504
37092
36763
36931
37933
37963
37317
37057
36966
36743
36790
36896
40395
39758
36114
35926
36074
36022
35452
35251
35134
34875
35355
35325
35036
34381
35133
34986
34579
34593
39534
35121
34878
34641
34672
