36212162
25208713
21582538
21342091
21223487
21127784
21125137
21208740
21109003
20899049
21397017
27829204
18278772
18071517
19533539
18059814
17933694
17902828
17964614
17907037
18070398
18316283
35695105
24356458
7568337
7331011
8156461
7653166
7412739
7597695
7420845
7569668
7403491
7482180
7396357
7485591
7446873
7378045
7449030
7589658
7348894
7568623
9047204
7861461
7490754
7367088
7331525
7645329
7518911
7635897
7418593
7629945
7495802
7318502
3547485
3787412
3755196
3654361
3592710
3579906
3639075
3577638
3547591
3600662
3614484
3580787
3544916
3579248
3650696
3616440
3591612
3566566
3619108
2712250
2719682
2710554
2598943
2662302
2739537
2703542
2708215
2640388
2750613
2760561
2662710
2756096
2674725
2698464
2679005
2683098
2690911
2669590
2653531
2672739
2703908
2658865
2676644
2659479
2664339
2703272
2668625
2660502
2772815
2748656
2755958
2798373
2654821
2730637
2701388
2663994
2679260
2675622
2661594
2651325
2659068
2683639
2691789
2684082
2722536
2643759
2660714
2798035
2796758
2757459
2651262
2652866
2695830
2671052
2666120
2685987
2656901
2657570
2676479
2641289
2645277
2655580
2685367
2730566
2669112
2648643
2606952
2684920
2655171
3301481
3310141
3681676
2834467
2639282
2649276
2694480
2728862
2982584
2760447
2703885
2658724
2708941
2670946
2813132
2866161
2649772
2635093
2637877
2640532
2667840
2638767
2640719
2620940
2657905
2642381
2643540
2630592
2662090
2645635
2644222
2669133
2662936
2630579
2634608
2627241
2652676
3237354
2624956
2629701
2622896
2659113
2648038
2613778
2631739
2621718
2624826
2614988
2635458
2639639
2623760
2616538
2618290
2619397
2628375
2619915
2609895
2617688
2618505
2613222
2628390
2608459
2602008
2598637
2642588
2629242
2613307
2615496
2617056
2612311
2624948
2614736
2605968
2625356
2611063
2599024
2746962
2633935
3390527
6306849
6389276
6337302
6308649
6387773
6338089
6317459
6340453
6327779
6362276
6357853
6331336
6308012
6963511
6325116
6330422
6364739
6337132
6293736
6337549
6322316
6296855
6311578
6373127
6361622
6409845
6310020
6308849
6354199
6455353
6284466
6349499
6323212
6298050
6320273
6333319
6304388
6313593
6343589
6344699
6322956
6396983
6259585
6337796
6303976
6277526
6338365
6310119
6310519
6295442
6325469
6271122
6321113
6338622
6383949
6378093
6248852
6415765
6296886
6266119
6542713
6307459
6341592
6328976
6334195
6339805
6286662
6888710
6309326
6423150
6319669
6332988
6274926
6274572
6388031
2590121
2583035
2568409
2689915
2585136
2571725
2958109
2787738
2661964
2596978
2578942
2588266
2582339
2647439
2614918
2634140
2627582
2620904
2658119
2641899
2644627
2610828
2663100
2747383
2664435
2640515
2641898
2624868
2648864
2637408
2619297
2621675
2620430
2621452
2656559
2734109
2700146
2616310
2654356
2627523
2605626
2765959
2762357
2642951
2630197
2627085
2650117
2645735
2674065
2623477
2614727
3495872
3137154
2640356
2657855
2669953
2634101
2686498
2667831
2620927
2640977
2604320
2610608
2644826
2670336
2593307
2615725
2599950
2609645
2643821
2641295
2603260
2594145
2593618
2603108
2622372
2600462
2580459
2609175
2595432
2583473
2606005
2598169
2575213
2567828
2588779
2584729
2614383
2594311
2585326
2574423
2584566
2706067
2573954
2591062
2565860
2579729
2612592
2652927
2559343
2572498
2602597
2583857
2625282
2619060
2564836
2563940
2586413
2597315
2562808
2638002
2595632
2569166
2570996
2572939
2559373
2569603
2609774
2599472
2591005
2564231
2577234
2569961
2571550
2571161
2578258
2598264
2553627
2566790
2567099
2612680
2611942
2558865
2558091
2580272
2561162
2553868
2540034
2649229
2575905
2555003
2558597
2566777
2584318
2614355
2564347
2550429
2567095
2579497
2629362
2607449
2589613
2585227
2593785
2593570
2555085
2654523
2580147
2549051
2565063
2602501
2569140
2588671
2579810
2549152
2543039
2571927
2582843
2683587
2543091
2556367
2589604
2633841
2582803
3535830
2717865
2766623
2887234
2612055
2693738
2524897
2553142
2587524
2641773
2601218
2584262
3131824
2601590
2612680
2586843
2556976
2552419
2574978
2526328
2549019
2536890
2530888
2549142
2542307
2538545
2543326
2553659
2532015
2550457
2559528
2569693
2543837
2570957
2533642
2551248
2533752
2524688
2584164
2535517
2518820
2567752
2550201
2520581
2551568
2545278
2528380
2544676
2530599
2507973
2540305
2530868
2497346
2540835
2521587
2658924
2549114
2519894
2505127
2625535
2528612
2564150
2526337
2498250
2496652
2533603
2525526
2526210
2532021
2506486
2592585
2528966
2517814
2539251
2513650
2505424
2521316
2497511
2526481
2527475
2510423
2521461
2514634
2516471
2567192
2645188
2543669
2507179
2530420
2509958
2542074
2492319
2504049
2506729
2515282
2510452
2514019
2535553
2515595
2507802
2467536
2521262
2528976
2494288
2501190
2500852
2508745
2503458
2542886
2496683
2506912
2491084
2484391
2495114
2505548
2489672
2491197
2515841
2645138
2502823
2519012
2505952
2500105
2544640
2577323
2548125
2497472
2474147
2484032
2533633
2477484
2494553
2559504
2472734
2471855
2517888
2506168
2496603
3048856
2470484
2485919
2524207
2470122
2551707
2496256
2467866
2473584
2473149
2463780
2636593
2508725
2461167
2492365
2490267
2462611
2466981
2475775
2460604
2603310
2473734
2479607
2465708
2558626
2523604
2496542
2482687
2472933
2480044
2508816
2482791
2483876
2480638
2470202
2494839
2481828
2464167
2528099
2398304
2489812
2532542
2467048
2477723
2496539
2457341
2484053
2506692
2462915
2462138
2527945
2465528
2441677
2543426
2435405
2645247
2553160
2541802
2672687
2672160
2562244
2548258
2571818
2559057
2614673
2670337
2555919
2561901
2549384
2565210
2565953
2555928
2561122
2578421
2548253
2596005
2634955
2571906
2550742
2538365
2550420
2545761
2555605
2558671
2544558
2537480
2543760
2629541
2550257
2556971
2546016
2542704
2571997
2541290
2521811
2548516
2536853
2530967
2577679
2546100
2525680
2607009
2556984
2528120
2602461
2618913
2555128
2535272
2550326
2523658
2532295
2742964
2536013
2512793
2549974
2526835
2532329
2531205
2513070
2517115
2526708
2513229
2514106
2541528
2514062
2522549
2520405
2554236
2553172
2579133
2565191
2554879
2558275
2596358
2552310
2563371
2600106
2551543
2558471
2571649
2554926
2561463
2998478
2574558
2580518
2579956
2556682
2559070
2558712
2535281
2554671
2616906
2649667
2549480
2558902
2567493
2584497
2581565
2574304
2533481
2551859
2580944
2654828
2596449
2610463
2544845
2692680
2567965
2820298
2642189
2725044
2654671
2612573
2751983
2673945
2642209
2561238
2587698
2554530
2624121
2563237
2563091
2572437
2699421
2562148
2617289
2528398
2558310
2553204
2580746
2570299
2561164
2534603
2549386
2563313
2597504
2542565
2574404
2533376
2542478
2544373
2535008
2546623
2543057
2518842
2544225
2567580
2540050
2547030
2542035
2524395
2570111
2558808
2533801
2528436
2524887
2514972
2523016
2548904
2515217
2586911
2529152
2512071
2519052
2524917
2545182
2536529
2523797
2526576
2526574
6529781
2570013
2555416
2540689
2537550
2525558
2553296
2512860
6001728
6052719
5881077
5931567
6346626
5936554
6067781
6039171
6093575
5944412
5946961
7020951
5986638
6058048
5996588
5912121
5895174
6164405
6125252
6093815
5994122
6102375
5985465
5957041
5852834
5977688
6018432
5887308
6053212
5904161
5881154
5983858
6244359
7229198
5942681
5964475
5897844
7213852
7912778
5909968
5859081
6116518
5959661
8251714
6191822
6526750
6861917
5934041
6299743
6027701
6052308
5790904
5848584
5865681
5858641
9952683
5905711
5736004
5821005
5878394
5757684
5776635
5941568
6170345
5763637
5700721
5737624
5723424
5688054
5693300
5688431
5789001
5679447
5686137
5790242
5720398
5774260
5413423
2334167
2385035
2463645
2381111
2499490
2444414
2437246
2344286
2530328
2366326
2490495
2376745
2381339
2360352
2404042
2339704
2363545
2330808
2361451
2333725
2340833
2360714
2328349
2340778
2391093
2358694
2345071
2341398
2316182
2329573
2339504
2338401
2345192
2329367
2366657
2385953
2339150
2360631
2315398
2364098
2336450
2393744
2409182
2896760
2335399
2358887
2353147
2311892
2363355
2318519
2358123
2330329
2323791
2431593
2343191
2301674
2434190
2313691
2336498
2340548
2313026
2342783
2371730
2318525
2375464
2351809
2373407
2358140
2318611
2332934
2339651
2377949
2368825
2294622
2365417
2333026
2356530
2333435
2298387
2306491
2350057
2313514
2310637
2365849
2335618
2306391
2291137
2304648
2398263
2323023
2334690
2315024
2343192
2310425
2334469
2313609
2336607
2355972
2301448
2288054
2310981
2318970
2282550
2400116
2288716
2338867
2314654
2301337
2345925
2397074
2312756
2339018
2321138
2362678
2326700
2297112
2360296
2364379
2284569
2333287
2448797
2386049
2327521
2330955
2372704
2359933
2281828
2346985
2288254
2300719
2342670
2294118
2552393
2276496
2359799
2324081
2278854
2294863
2388736
2262208
2359738
2275643
2290813
2290241
2322463
2311822
2937882
2334308
2286464
2308796
2303534
2296234
2336804
2288474
2263189
2312862
2306211
2321796
2292322
2270880
2313343
2271668
2301673
2303348
2264425
2303902
2266922
2284268
2279677
2280928
2292792
2283365
2324982
2324877
2262098
2301382
2266075
2312889
2288050
2264201
2305599
2262712
2352631
2268930
2292431
2283735
2259757
2300579
2270350
2259889
2273035
2280049
2255769
2287226
2252050
2348308
2302667
2257599
2264579
2255970
6494256
2638352
2507761
2298463
2325756
2260154
2279528
2427745
2614705
2286806
2360130
2438491
2274930
2440621
2446221
2340492
2247007
2390613
2248704
2281319
2330453
2330185
2310946
2285227
2276391
2388104
2280027
2357876
2246333
2253356
2334533
2257941
2268978
2262192
2316133
2287239
2245093
2265810
2279114
2252169
2328779
2296410
2266723
2306938
2238631
2257195
2255463
2304099
2269112
2281609
2261458
2240128
2257504
2441888
2241541
2250504
2223353
2252635
2290292
2304026
2330460
2263731
2271290
2284184
2269952
2261974
2369241
2256441
2276950
2245650
2370270
2229319
2312997
2305252
2257546
2260787
2248233
2245488
2257005
2259734
2254189
2253883
2265497
2284720
2247557
2311435
2289365
2267896
2290210
2263714
2252637
2233295
2258885
2240764
2237171
2254602
2239867
2258763
2262835
2219058
2243494
2215664
2236103
2238529
2214094
2377906
2248439
2260634
2308839
2212826
2216389
2285260
2235354
2284267
2250270
2215773
2215487
2308088
2291814
2226889
2240364
2239721
2384965
2400364
2287781
2240895
2278901
2231182
2368694
2310943
2238176
2293206
2207425
2244352
2282182
2233775
2242695
2360475
2249975
2267891
2214216
2240939
2241710
2255944
2275300
2215669
2223754
2228681
2338102
2219014
2389035
2293923
2269279
2325417
2768290
2809866
2325459
2291843
2279480
2302917
2293932
2318534
2322038
2289437
2295447
2251650
2326590
2291249
2263378
2742577
2361680
2297687
2282051
2301424
2269796
2339685
2291925
2300325
2284150
2269769
2291248
2271227
2349485
2308061
2275553
2287504
2260594
2347333
2363278
2273795
2306047
2316119
2257205
2309938
2329231
2307580
2281397
2302492
2294505
2259880
2270600
2305818
2252645
2374446
2277487
2273329
2264932
2589216
2310257
2314274
2306914
2305577
2291391
2370027
2312433
2255835
2320109
2340138
2297011
2275792
2305497
2266332
2284624
2260414
2259175
2282764
2363177
2272447
2245300
2262316
2250522
2303068
2291871
2295604
2296934
2286256
2296646
2292430
2250263
2295210
2266358
2293594
2276531
2274686
2271606
2298375
2289744
2263761
2286895
2250973
2253859
2312973
2276675
2269430
2237749
2275568
2251269
2256636
2307393
2233142
2256923
2235365
2268837
2253659
2289753
2386399
2229091
2295996
2267749
2241423
2283816
2302834
2271428
2256940
2924746
3472494
3078126
2315886
2232536
2263298
2247011
2282491
2249805
2278533
2304855
2256961
2226182
2242867
2251140
2300687
2268835
2233385
2289554
2234349
2238206
2242924
2287875
2272782
2231642
2282197
2254778
2228471
2282979
2259011
2281303
2241557
2220696
2275927
2512028
2244207
2253352
2218325
2242710
2217561
2244980
2258371
2368424
2277658
2234329
2275749
2229199
2233095
2244228
2221362
2245895
2317137
2216089
2245676
2223075
2226329
2217427
2196070
2147506
2148237
2281093
2250886
2211714
2232567
2223177
2252099
2281255
2342857
2221164
2212213
2208273
2232844
2158246
2224288
2246707
2222993
2197897
2214054
2233207
2256511
2263223
2220111
2217207
2209629
2206170
2240772
2201219
2225198
2241943
2239189
2197954
2230100
2177594
2219050
2254847
2208076
2214523
2203475
2267192
2244244
2220239
2213997
2221767
2207697
2222359
2193569
2212929
2202910
2199369
2210396
2183013
2206661
2203503
2145891
2254552
2210014
2291129
2269097
2185906
2225058
2269014
2201903
2229499
2199128
2222732
2212330
2215719
2289161
2174651
2204691
2177785
2199471
2237147
2209021
2245354
2220833
2284393
2196017
2193804
2218368
2241985
2188894
2185459
2187634
2184423
2195338
2250154
2228999
2185928
2202893
2174488
2210241
2232963
2214908
2168839
2214701
2191838
2168653
2169797
2188200
2241899
2221106
2323443
2124113
2194420
2205272
2171014
2318087
2220221
2178135
2176492
2175246
2176269
2182190
2223967
2205544
2159654
2167110
2161735
2199471
2255070
2192794
2172930
2307880
2160794
2313530
2326442
2395002
2227222
2222817
2287915
2216747
2261342
2264701
2474739
2277730
2207931
2232040
2236743
2350316
2294933
2223573
2221868
2209647
2217584
2228801
2277575
2259860
2214919
2256886
2215183
2214314
2226846
2413292
2517460
2219535
2201119
2272432
2289583
2327938
2229583
2212047
2212283
2215374
2261420
2284654
2219327
2217940
2198228
2207822
2201281
2222802
2252209
2224302
2225956
2196081
2212861
2255877
2195525
3050810
2226115
2391889
2214195
2181722
2407314
2283995
2219094
2204179
2226658
2203904
2204212
2209890
2341202
2222810
2212966
2205754
2234799
2220274
2227293
2212284
2237020
2218706
2267066
2201277
2181345
2215722
2224413
2200652
2183794
2185634
2218741
2241812
2211218
2208040
2196286
2184125
2184545
2217376
2322775
2188383
2198885
2216241
2194566
2184406
2193143
2231675
2208483
2174923
2151209
2150856
2148853
2159592
2203365
2196386
2226482
2182924
2246902
2223433
2227158
2217057
2189602
2166344
2138670
2140035
2274820
2450920
2215949
2177243
2226114
2182463
2217830
2218221
2190763
2209372
2164165
2218665
2178167
2210469
2221710
2163963
2180160
2259868
2174156
2243102
2191953
2179717
2162162
2175612
2163033
2139650
2202905
2188345
2284801
2158845
2181992
2170604
2156785
2169978
2187454
2244043
2177877
2173663
2172279
2159767
2184522
2162234
2176581
2234486
2151231
2167978
2163093
2206978
2519496
2182982
2215408
2173542
2173520
2173831
2266139
2195892
2154337
2169930
2174714
2166622
2155231
2170568
2170315
2156970
2123469
2189570
2050011
2113848
2167858
2189357
2150651
2166727
2179094
2122141
2189362
2179740
2152554
2138821
2184193
2157000
2152948
2184785
2216951
2150052
2191615
2159806
2148628
2172464
2149269
2182365
2200336
2190263
2152828
2152549
2146985
2174015
2145176
2146208
2155670
2157336
2141010
2147118
2205429
2133006
2148251
2108008
2029811
2153788
2188407
2183806
2135901
2119103
2158946
2184927
2237182
2143141
2187769
2185533
2159289
2132780
2153326
2199325
2150250
2296763
2170459
2157403
2166418
2200562
2153886
2153869
2183876
2171806
2157593
2139895
2233729
2164299
2218010
2152065
2145918
2187001
2146477
2129685
2173417
2190259
2144950
2169874
2178046
2168780
2153017
2185096
2164812
2146010
2163164
2146281
2122061
2158974
2117663
2161350
2174593
2122103
2134389
2172417
2130675
2150942
2132230
2204627
2142911
2137796
2159745
2149773
2181095
2210151
2163572
2116029
2167612
2127502
2128468
2160991
2138743
2190583
2116043
2127699
2260645
2159502
2138086
2123150
2158507
2153240
2139786
2126380
2162670
2127095
2148514
2141927
2131987
2141423
2203269
2142655
2129598
2102893
2118457
2147683
2094240
2074582
2161933
2144855
2128788
2134933
2136700
2120989
2146015
2128701
2225401
2106583
2181125
2129520
2120150
2104950
2112215
2117681
2114921
2114112
2115928
2154324
2104900
2137324
2197878
2151919
2154671
2103170
2148934
2305106
2218186
2297732
2815952
3277732
2447841
2420973
2104945
2121944
2098041
2101043
2130367
2081363
2181347
2092422
2126678
2133175
2117496
2128012
2131062
2120431
2120834
2140249
2105679
2118773
2096505
2116258
2159743
2083335
2199619
2093666
2099310
2105797
2102091
2111899
2091192
2106592
2088347
2105874
2085503
2125295
2158464
2102636
2097590
2107953
2094829
2132778
2127189
2110838
2090375
2083874
2096945
2063622
2132135
2068361
2068210
2076438
2047346
2100775
2076543
2077059
2094271
2072283
2064836
2047791
2067692
2057498
2062650
2090347
2060311
2051255
2048338
2069326
2044865
2067446
2039401
2073546
2059828
2084064
2050590
2055716
2040729
2034458
2063720
2053709
2060877
2053681
2057866
2051532
2046765
2062745
2122860
2055884
2034259
2055885
2043073
2044523
2044717
2058485
2050437
2046043
2034346
2046998
2061214
2066805
2058944
2041364
2057493
2037956
2056851
2072879
2083414
2043303
2044345
2070180
2036731
2049883
2055909
2108984
2056651
2054232
2051139
2048617
2026227
2126661
2052553
2110759
2046212
2027860
2066942
2045737
2073838
2035378
2098365
2053256
2056359
2045159
2017209
2038802
2020111
2034106
2016756
2067525
2083568
2071097
2107853
2069636
2107898
2071563
2095954
2072228
2085782
2089187
2054707
2181549
2072266
2091030
2102176
2087395
2060993
2073530
2112639
2073063
2131399
1973634
2328544
2094573
2088684
2113409
2074800
2065731
2054403
2082623
2090518
2126545
2105967
2096447
2098616
2074137
2082319
2061718
2096989
2067166
2076880
2067773
2080984
2062506
2062958
2083582
2031109
2087684
2082289
2069397
2096973
1925104
2065073
2018161
2079822
2057914
2083313
2060103
2036556
2060260
2082162
2061937
2061293
2052251
2066182
2054398
2093784
2076341
2071359
2220796
2065750
2100789
2062569
2096604
2064678
2068885
2775090
2077015
2057488
2054793
2071970
2030077
2054490
2071138
2052024
2051405
2042487
2051175
2046672
2146547
2052738
2064959
2093244
2049678
2060741
2007198
2070131
2050722
2060430
2044695
2042235
2087638
2081502
2108683
2031580
2095033
2047784
2218341
2188707
2046610
2112689
2042427
2133192
2041805
2056868
2039228
2098011
2182154
2034237
2029041
2291114
1943960
2007409
2137100
2047050
2050668
2040926
2056497
2036368
2031456
2037957
2030857
2035705
2025117
2034835
2043628
2027518
2036134
2020886
2054717
2022707
2045775
2025755
2044401
2023234
2029125
2020671
2043780
2030528
2022354
2021576
2048916
2073151
2024107
2034499
2009562
2029893
2020563
2051986
2038557
2011939
2027669
2083168
2045944
2023505
2017252
2024522
2017662
2018217
2018686
2009735
2020417
2020420
2016663
2078076
2008332
2027881
2009555
2008655
1996800
2031560
2157448
2031754
2005200
1997754
2007056
2011428
1966630
2063506
2021112
1997172
2001029
1986459
2004482
1991003
2006804
2027275
1999458
1998843
2068518
2003051
2049663
2068007
2009534
2031497
1998363
2019813
1981893
2004325
2004662
2054574
2015145
1981077
2004873
1977950
2001682
2024582
1996991
1994493
2007173
1983816
2005918
1978192
1987557
1988780
2020956
1984302
1989187
1995902
1982845
1985510
1981389
2020170
1973730
2008784
1979083
1988652
1978043
1985244
1988400
2548781
2017085
1980692
1984994
1979855
1976096
2027440
1998256
1985576
1969799
2261858
1941597
2041447
1983051
1980926
1989898
2045113
1981743
1897289
1985781
1999347
2038307
1969059
2034073
1980797
2001968
1985437
1974968
1958898
1979726
2011130
1978425
1973999
1967290
1998341
2017133
1957807
1959735
1979661
1966205
1831882
1941752
1857470
1941975
1970537
1990666
1983553
1958545
1965877
1980875
1965181
1998474
1968673
1977543
2009076
1921411
1953861
1956840
2001877
2009719
1955436
1975618
2005801
1964906
1983383
1969308
1981633
1994041
2010308
1987739
1939878
1976205
1956643
2021172
1950398
1945144
1986792
1950864
2013607
1966571
1994338
1961867
1972803
2003230
1971366
1930698
1960583
1975085
2033100
1965496
1961251
1960832
1990254
1951057
2067779
2000569
1994515
1971104
2021898
1936520
2003891
1955181
2016494
1948970
2074627
1946570
1968732
1964607
1953249
1975938
1964573
1972804
1959661
1968925
1968218
2006632
1948103
1998086
1944274
1974524
1953760
1961439
1957703
1953625
1947382
1952197
1998311
1950702
1951941
1966386
1888819
1946065
1950122
1941372
1836398
1941205
1947999
1949082
1945490
1953527
1974341
1953286
1957915
1943510
1979769
1806085
1965229
1930132
1942507
1927705
1940580
1935533
1964665
1910481
1964404
1931864
1966863
1935085
2011079
1925543
1923501
1998502
1980643
2000441
1977608
1989712
1981482
1988072
1994503
1989940
1972543
2020382
1976268
2008572
1974598
1991663
1971863
1982004
1984086
1966951
2004910
2008521
2008485
1972585
1980277
1973063
1943992
1976908
1979137
1967326
1977404
2015098
1973408
2010282
2013356
2019077
1987234
1986363
1983958
1998060
2012805
2011319
2021567
1982769
1983471
1973741
1996065
1997550
1999021
1974779
1975500
1966650
1981245
1974279
2257478
2020479
1980286
1966421
1982955
1971907
1980193
1969670
2011018
1961769
1998339
1993873
1984843
2001339
1965208
1994481
2028721
2009313
2004652
2017278
1989487
2007219
1970888
2048133
1967881
1962444
1956825
1958844
1963813
1960085
2017074
1953598
1994955
1994115
2012010
2123726
2005132
2006617
1962403
1976244
1952345
1985294
2037274
2010627
1950469
2099312
1989850
1975421
2037612
1999123
2005550
1944795
1997320
1956644
1974742
1949194
1967621
1966321
1966577
1968920
1959536
1962803
1936825
1958203
1985064
1944030
1952669
1984009
1956963
1942886
1955117
1966367
1947047
1951333
1993823
1958121
1944076
2010252
1943895
1988181
1937762
1945725
1990245
1956827
1978270
1982706
1952374
1965020
1942402
2086751
2078240
1941491
1948665
1943226
1983766
1941547
1951840
2965337
1947813
1939349
1935363
1964638
1939953
1942705
1950125
1968842
1934511
1957243
1957271
1950750
1933341
1973806
1939646
1946469
1926918
1945403
1952095
1946898
1943889
1961001
1927899
1926516
1986916
1969922
1933822
1936314
2918501
4693314
5232230
6825114
6148299
4708581
4704820
4812254
4694001
4685861
4681907
4722948
4682748
4688204
4684531
4711875
4745810
4768347
4673771
4848487
4833405
4788321
4743385
4828771
4688858
4670744
4775602
4702677
4709567
4792204
4694311
4767775
4737191
4713438
4692317
4719188
4687127
4702520
4744764
4804942
4704977
4883004
4777648
4723811
4891365
4696797
4799624
4845115
4680958
4684501
4687475
4658407
4670238
4650944
5849864
4657048
4717824
4665450
4650354
4684854
4662824
4668664
4650217
4667320
4686687
4655654
4781784
4663454
4661924
4686341
4684594
4675014
4685924
4684445
4659674
4692138
4671500
4653771
4680588
4722677
4649827
4702120
4648717
4638451
4654891
4696451
4712170
4646111
4744341
4632987
4655481
4836840
4642107
4624437
4736384
4632620
4642010
4729734
4254605
1907475
1917567
1909135
1895703
2123548
1919123
1906279
1921615
1883014
1929868
1839363
1916616
1938131
1910717
1902994
1913053
1901769
1927382
1942290
1909368
1905853
1911378
1903848
1909157
1909468
1915610
1914168
1906732
1893099
1926646
1905792
1905863
1899816
1967483
1905646
1939621
1898623
1902399
1891949
1909464
1944618
1927232
1966308
1942440
1941733
1942269
1957410
1942897
2667353
2816417
1968906
1958631
1965433
1971824
1980946
1933130
2130555
1937969
1921360
1959618
1924757
1935191
2064454
1964671
2098565
1921487
1937553
1909112
1926017
1915725
1954387
1937342
1926621
1913397
1926074
1919630
1943689
1920551
1921864
1911976
1925292
1912936
1926702
1910516
1930752
1914529
1936173
1924176
1906849
1919048
1916818
1947774
1915497
1934344
1908217
1925108
1903441
1931368
1907793
1922913
1915614
1916185
1905158
1927421
1897155
1939884
1895906
1912954
1945694
1953607
1946012
1968394
1933005
1962216
1933100
1942528
1937911
1947701
1937174
1954337
1932021
1932900
2237324
1929406
1951872
1950037
1945101
1930396
1953620
1935702
1954133
1957122
1971026
2033771
1946341
1948248
1934431
1934396
1956343
1966638
1935405
1937417
1933284
1972427
1931654
1972412
1925921
1979675
1942569
1938373
1923750
1948455
1920085
1948181
1944368
1936409
1921886
1944799
1923645
1947030
1962412
2013282
1925072
1933673
1953219
1930167
1946703
1970867
1928012
1922513
1942060
1925596
1961669
1944128
1943205
1938404
1944918
1918209
1938939
1898367
1966361
1922279
2031880
1953575
1948946
1949693
1913697
1885089
1932355
1937297
1913326
1966579
1914182
1937457
1916997
1931461
1926360
1945242
1914563
1935138
1919936
1936152
1910909
1940292
1911351
1985911
1959143
1933293
1905728
1935184
1930173
1931684
1928573
1914352
1926342
1912859
1925314
1916828
1918423
1904883
1935224
1906731
1927256
1902048
1914593
1910090
1916189
1883454
1929324
1891278
1940323
1898293
1919383
1912711
1917544
1956072
1941437
1929218
1949789
1926723
2142177
2052118
2063575
2000313
2128070
2015505
2018056
2027465
2003535
2016710
2000704
2023236
2020102
2010430
2009318
1994923
2009486
1997216
2086755
1990667
2025509
1992281
2017666
1999890
2008169
1998169
2004087
1997232
2018201
2006008
1996422
2016921
1997323
2008630
1991060
1995968
1988128
2004651
2004068
1996781
1991842
1989932
2036209
1988981
1999856
1985510
1995086
1977688
2005117
1985328
2008216
1990834
2007380
1995236
2008651
1999035
1979659
1996699
1988868
2014830
1982736
2040365
1978172
2001506
1985333
2024686
1982010
2000446
2014986
2008460
2026093
1998013
2008374
1991155
2011270
2008949
2007092
1993597
2010426
1993610
2000922
2010926
1996541
2010992
1988172
2018091
1988291
1997661
1992000
2018492
1994003
2005101
1995972
2007055
2022569
1993254
2064964
2017621
2008122
1990136
2001147
1985139
2000606
1993069
1998874
1996457
2001893
1990174
1998606
2008871
1977606
2007556
1999365
2069389
1974133
2008865
1987503
1999112
1982186
1993339
1981964
2088703
1985477
1983244
1991495
1992897
1990659
1985246
1991650
1978192
1997068
1979219
1982573
1991538
1987816
1979231
1990713
1973170
1989244
1982409
1974056
1980639
1986281
1980673
1999528
1980301
1969088
1984610
1965955
1984979
2022956
1973998
1990072
1975888
1999138
1972124
1995820
1971306
1990715
2002043
1995231
1969904
2006744
1971028
1977969
1997605
1962385
1994498
1961437
1990195
1967282
1988993
1970009
2010897
1962790
1988254
1969292
2000238
1966614
1950469
1935975
1946707
1957094
1941594
1967993
1932261
1960373
1934388
1960373
1939730
1954589
1968197
1982658
1959006
1966054
1954757
1951374
1936435
1957534
1937391
1967260
1959892
1939818
1951956
1933139
1970521
1937341
1969539
1932365
2007324
1934421
3147031
4008753
2381379
1949016
1973824
2010474
2018661
2010683
2021697
2008875
2010776
2057920
2007806
2023372
2017359
2014952
2021383
2055202
2039735
2016984
2128566
1974862
1951611
1938344
1948821
1984513
1952753
1941675
1917304
1950923
1954664
1918653
1945122
1947560
1946996
1938057
1945147
1930521
1952224
1937264
1956470
1934669
1944702
1933795
1943475
1930319
1946790
1938817
1973990
1944808
3169277
3125317
3163192
3134392
3139413
3149926
3010403
2835205
3107271
3055441
3060238
3066731
3011535
3034335
3054740
3060310
3061843
3082194
1950321
1986892
2032106
2936112
2941171
3022278
2952410
2103753
1921359
1923215
1915508
1942691
2353949
1962030
1936607
1914780
1934836
1933977
1935866
2078166
1936948
1918810
1978472
1945225
1930688
1914673
1940913
1930689
1978806
1908908
1927811
1910085
1957284
1913533
2128903
1935652
1902450
1954128
1913634
1963494
1973000
1911620
1996079
2563340
1967555
1941714
1963836
2018206
1921698
1919408
1926341
1906937
1914623
1912165
1917384
1904604
1908341
1897837
1901127
1896711
1898268
1918990
1912358
1893543
1931036
1921539
1917316
1893221
1891744
1892187
1898514
1882304
1901266
1892515
1907897
1898206
1899090
1891370
1907421
1915358
1907371
1886417
1905265
1891681
1896877
1889261
1893974
1889556
1897966
1894330
1924628
2037016
1890400
1905624
1881339
1894594
1889094
1898993
1915883
1901491
1899170
1875297
1903782
1901627
1878667
1892213
1888804
1895618
1882209
1889016
1883159
1912322
1880926
1896220
1936951
1959164
1925348
1875395
1895458
1895791
1874345
1898288
1887576
1905775
1869854
1878910
1864084
1881930
1865521
1880693
1865035
1888579
1880606
1877624
1879849
1876156
1862984
1894512
1867365
1913786
1855804
1885015
1860847
1876076
1875494
1863504
1854222
1864272
1908325
1918180
1898277
1911714
1901739
1932939
1909133
1910004
1913066
1937236
1847080
1896330
1840526
1968442
1945171
2046400
1936184
1896670
1908861
1905055
1913229
1894620
3548906
1915574
1898115
1914815
1926175
1937910
1974431
1951556
1900156
1907652
1899853
4093793
4624607
5338260
4612404
4608614
4732418
4630784
4612194
4712774
4623074
4621304
4665627
4652870
4614608
4620447
4639724
4609010
4586834
4668377
4614844
4615704
4649451
4653930
4578714
5875681
4894394
4773508
4646087
4587094
4620360
4589481
4636314
4578660
4606064
4576744
4572480
4609944
4583244
4612291
4582330
4633844
4620621
4761124
4662640
4668264
4614590
4725497
4632154
4620570
4655901
4615314
4550646
4665888
4594750
4584820
4643211
4587931
4634791
5765497
4576348
4583547
4953855
4660880
4555404
4584080
4548983
4571861
4571454
4851388
4544651
4557790
4572577
4585644
4560000
4553751
4547861
4556430
4554984
4580824
4556147
4565358
4560196
4586961
4550416
4549828
4559014
4541537
4561904
4580620
4556530
4556768
4540270
4591314
4551294
4551264
4535117
4555240
4559277
4558228
4551627
4609648
1881085
1884729
1867106
1881585
1887417
1865912
1883815
1861124
1877944
1867017
1881465
1871341
1865082
1864617
1868326
1858868
1850004
1883225
1925338
1869765
1880708
1855160
1855131
1858890
1873171
1867185
2028179
2057899
2067798
1874880
1903339
1844742
1898999
1987616
1998076
1902378
1855128
1869475
1859224
1865216
1869865
1911552
1871053
1864754
1854570
1897941
1950196
1870147
1844388
1862567
1859515
1857896
1859230
1862857
1841844
1963456
1863927
1918965
1836958
1859678
1849230
1855721
1850244
1861039
1870571
1866715
1843223
1918359
1874224
1879517
1846319
1919196
1860258
1895258
1855996
2038063
1848302
1837573
1844282
1877082
1882587
1811975
1838851
1839609
1843521
1803289
1845806
1892079
1829777
1851889
1842362
1834116
1846083
1762011
1934322
1850289
1881647
1853467
1860616
1844305
1854295
1833502
1842533
1862566
1836214
1841536
1833574
1831647
1828462
1802105
1846792
1860195
1832931
1863031
1833256
1847167
1828166
1840990
1835616
1848245
1831166
1894343
1836836
1845194
1844519
1860788
1853181
1843466
1861459
1861005
1830492
1837749
1892561
1907679
1914424
1911678
1899251
1867248
1881400
1875100
1881058
1866798
1880009
1875082
1901445
1876034
1918818
1858622
1884341
1874385
2163359
1865264
1881808
1900034
1872095
1877526
1900158
1888087
1887490
1869153
1879364
1866438
1914643
1883498
1887737
1891755
1918573
1855023
1910348
1868108
1890675
1874604
1867791
1900947
1883038
1862799
1862027
1863892
1882287
1936780
1937422
1884206
1883768
1860873
1886725
1854046
1931517
1860072
1973906
1934713
1875947
1854561
1895761
1889853
1822879
1900544
1934767
1913521
1887321
1855283
1859100
1854206
1883579
1917751
1973992
1855898
2311488
2647614
2245278
1830255
1904945
1953709
1864910
1871818
1846612
1860349
1862682
1860482
1846319
1916293
1859962
1882077
1802823
1943448
1808651
1861746
1872190
1895104
1897055
1852757
1848356
1852895
1851066
1864280
1861937
1871227
2299204
2712807
2749367
2769072
2805496
2725039
2724310
2351050
1852213
1876698
1841649
1878708
1926305
1873357
1848882
1778609
1846614
1940119
1837841
1918088
1864070
1866325
1845166
1852023
1837481
1872006
1844677
1854077
1855683
1868204
1846971
1829319
1902902
1865138
1852473
1848335
1837829
1853650
1817444
1833813
1764581
1861486
1855415
1859636
1846383
1848419
1834299
1932931
1884213
1883397
1844049
1844625
1854342
1853424
1828821
1842031
1836313
1864557
1839762
1846249
1858739
1841345
1847436
1842594
1832934
1852183
1827279
1863785
1848738
1845428
1832316
1825194
1832507
1856100
1833475
1836038
1824994
1840394
1829285
1838172
1836807
1859905
1908392
1849964
1850747
1870580
1862431
1860492
1863902
1876756
1856179
1851356
1847466
1846185
1842295
1862424
1860472
1882888
1837696
1854874
1827105
1834675
1830498
1831167
1950959
1844066
1846538
1854164
1822342
1839074
1854589
1834155
1896348
1835300
1827010
1846920
1892026
1909161
1856841
1839313
1826997
1834113
1878114
1847094
1823217
1832677
1827294
1837724
1813906
1838234
1859463
1885787
1843429
1832658
1825671
1833845
1832938
1849539
1805295
1825915
1805291
1790239
1810360
1800685
1819944
1828312
1814032
1807701
1816858
1801738
1905861
1857638
1886188
1815306
1820318
1794728
1814911
1806604
1873391
1805984
1816808
1808040
1852823
1808653
1828053
1830292
1775109
1799952
1814193
1790606
1855474
1803746
1808380
1802670
1804886
1801281
1832760
1795717
1817658
1798115
1815089
1801899
1800222
1800818
1794318
1797725
1805336
1806509
1816360
1810887
1819618
1826023
1812994
1814435
1799306
1808180
1794344
1811382
1793599
1802095
1821308
1806636
1827385
1820626
1788488
1796004
1792371
1805744
1820918
1839890
1788222
1802949
1811358
1831429
1817133
1804191
1809595
1814219
1785694
1803758
1847880
1815070
1811943
1886467
1832973
1771454
1785779
1789884
1783212
1787285
1832481
1782439
1778101
1776385
1794973
1791439
1853249
1784442
1780866
1770194
1813582
1772855
1808699
1789166
1795735
1748362
1778630
1793534
1838382
1751779
1859632
1798896
1778144
1844815
1900033
1807751
1817304
1813810
1793673
1778672
1931610
1757908
1867042
1804427
1784577
1795393
1773672
1784616
1796014
1731727
1846932
1801435
1841273
1809902
1803490
1808730
1799563
1807123
1793992
1814285
1819588
1806179
1777735
1800445
1829417
1836337
1821692
1903447
1817451
1811803
1806704
1851309
1834343
1829955
1835991
1809233
1794769
1841643
1793330
1804069
1773074
1837111
1783755
1805264
1828573
1792286
1807419
1839076
1820364
1824757
1805827
1818196
1790184
1832578
1792880
1793571
1814442
1828433
1832624
1838109
1786019
1805538
1785602
1798083
1844446
1788140
1806156
1790480
1800861
1799484
1802986
1792239
1824061
1765779
1792473
1785729
1795246
1795888
1803775
1799498
1828192
1782725
1825095
1790335
1815069
1788491
1810610
1800924
1839975
1802226
1799710
1777894
1808215
1864609
1806647
1784346
1787984
1816283
1799692
1854072
1804648
1851317
1811093
1812723
1837488
1834938
1808803
1819003
1792963
1794828
1778170
1794958
1803595
1849294
1781445
1812011
1792490
1811683
1781855
1780570
1827524
1782891
1768953
1789966
1768718
1779250
1762596
1780685
1814126
1773486
1791609
1767850
1792593
1795781
1782104
1774955
1795747
1771001
1788262
1768107
1768243
1782211
1796076
1762517
1781536
1762256
1772771
1786170
1772194
1762947
1952486
1758508
1797145
1841656
1844993
1793061
1801987
1812448
1803753
1797980
1769758
1764309
1815979
1831618
1820342
1768221
1773180
1795254
1770921
1805762
1792835
1861949
1794285
1765768
1789958
1781538
1760118
1774161
1760473
1917717
1787048
1768598
1764064
1828677
1757058
1788061
1750288
1802184
1758921
1771409
1785769
1741243
1761483
1742607
1756857
1776012
1781012
1805735
1750390
1803164
1811202
1801733
1747862
1787422
1752926
1786065
1802066
1767999
1767267
1816382
1765206
1824408
1867333
1784914
1751472
1767166
1749516
1809775
1752070
1777994
1797637
1791374
1750605
2086249
1855153
1908793
1758734
1784863
1762202
1770208
1799200
1813828
1748177
1777531
1745566
1773441
1746074
1778674
1745048
1770514
1744212
1739583
1746061
1747627
1757972
1732564
1819975
1770373
1772172
1760607
1752399
1746822
1797991
1743645
1757648
1743048
1778861
1739640
4330078
4296109
4566410
4283342
4449684
4358356
4389666
4567846
4527990
4223110
4254603
4223916
4233423
4390132
4226170
4255816
4248733
4236446
4325189
4229999
4242600
4226079
4228876
4243566
4249366
4213696
4871349
4209253
4225633
4255696
4235073
4236493
4221209
4319060
4229726
4209266
4247110
4223597
4208579
4206010
4198309
4254090
4295910
4262606
4204819
4272063
4256719
4248282
4211990
4212526
4248656
4209129
4218749
4272177
4261943
4241189
4275470
4331613
4263326
4227236
4236726
4340896
4269406
4204396
4266823
4252313
4290666
5293589
4264413
4186612
4246073
4342800
4206280
4263163
4181410
4254383
4242216
4316949
4193816
4246646
4172896
4169093
4223086
4160559
4217453
4084752
4164336
4203079
4373473
4285333
4232373
4107279
4123065
4114666
4084495
4147352
4072646
4150656
4141015
4190106
4101873
4092039
4181460
4083209
4158109
4063365
4132793
4082975
4092482
2843957
1640917
1719209
1727029
1737414
1731010
1705846
1745228
1724308
1725661
1755634
1737966
1704993
1742995
1716646
1740483
1710638
1713829
1705849
1710031
1759647
1692526
1783042
1717928
1711085
1700557
1814488
1741172
1743410
1721218
1739612
1742757
1714569
1693679
1672992
1671406
1701593
1796658
1674098
1721692
1701025
1729881
1694441
1714021
1680222
1709301
1693322
1699160
1756753
1700641
1707761
1691879
1706268
1712805
1718953
1719132
1709616
1723933
1723033
1721347
1692969
1710616
1688429
1698093
1713839
1722678
1710515
1713283
1701635
1698642
1724136
1692901
1687397
1685429
1708965
1729102
1711312
1720591
1683895
1685720
1699451
1832498
1760637
1700589
1742457
1694092
1715158
1741554
1740905
1707119
1881769
1748652
1709069
1672400
1725304
1742768
1730027
1703112
1791330
1769745
1729908
1690583
1711037
1713841
1711088
1699224
1726595
1742453
1740321
1745886
1700222
1717415
1699183
1719795
1832274
1700535
1714599
1787263
1708437
1682258
1713222
1684664
1679231
1738600
1731965
1693094
1723769
1698588
1704185
1716730
1677522
1686183
1686463
1687923
1715257
1640751
1728231
1723537
1707111
1691696
1696047
1680129
1699756
1688023
1661024
1724642
1700175
1690681
1710025
1676066
1666936
1671546
1667470
1698648
1618614
1710451
1714851
1745688
1754241
1664539
1685655
1667576
1688730
1666156
1672347
1668762
1795421
1771829
1738912
1671443
1663223
1684619
1697905
1666007
1703793
1663542
1671327
1673527
1661366
1685839
1630526
1705306
1655983
1677103
1653236
1663974
1651651
1701084
1665801
1656521
1950598
1675784
1680966
1653560
1663533
1659310
1698168
1705332
1713468
1576851
1687531
1667833
1653786
1685199
1652692
1698124
1654101
1657313
1656888
1646623
1658940
1646171
1672886
1731768
1653907
1667937
1602846
1688038
1668449
1681590
1667520
1672839
1746946
1663514
1657548
1763224
1658391
1652367
1711522
1666831
1667544
1649600
1662315
1674093
1664316
1657425
1707791
1640861
1645894
1659699
1633482
1668829
1620554
1769555
1642935
1644942
1682841
1661180
1659703
1641130
1653739
1636317
1649435
1640935
1646888
1657024
1658739
1658954
1557435
1625869
1638685
1656548
1635619
1653267
1660073
1645873
1581804
1714809
1646256
1660257
1644055
1634025
4037232
3977482
4265683
3999692
4031966
4061633
4336013
3980991
4064003
4044322
3974659
4051433
4004635
4017312
4020941
3982029
4092116
4020169
4004268
4268613
4132376
4049292
4077706
4044132
4020743
4019472
4044855
4171730
4026329
4011932
3983022
3981451
4020255
3990943
3986985
3973482
4055716
3990559
4041599
3972919
3993812
3985179
3976802
4056336
4000812
4052802
4139579
4113595
4099185
4050408
4083170
4042012
4050615
4039739
4720257
4231399
4200176
4080756
4194802
4148170
4102259
4079459
4040975
4148593
4079812
4163793
4045845
4103723
4072386
4144535
4177510
4090926
4108312
4069182
4266457
4062569
4040289
4196546
4738378
4115155
4125909
4207672
4032575
4097809
4118699
4076722
4091249
4075035
4054289
4013312
4095835
4240500
4231750
4030852
4134009
4142787
4157982
4176117
4179412
4126946
4063922
4093913
4170966
4122115
8336805
4026379
4649274
4116912
4023749
4015846
4286576
4016209
3508870
3446473
3540754
3448965
3468262
3443227
3462965
3584037
3463799
3445245
3455630
3553814
4296498
3648394
3434254
3456593
3448671
3412613
3422230
3484799
3440488
3436599
3426682
3591117
3443939
3446819
3437302
3539543
3441387
3449465
3441373
3583477
3411891
3416953
3449714
3428533
3444270
3438242
3433619
3447220
3507919
3436904
3447101
3419401
3478848
3438830
3403173
3398799
3489731
3432110
3417502
3451733
3619466
3445493
3431067
3431056
3466245
3513448
3415976
3417587
3398128
3451570
3508742
3439710
3409408
3472342
3414265
3422925
3418361
3427759
3426267
3426145
3419561
3462857
3425753
3420197
3416524
3420907
3393316
3616162
3402194
3406793
3450585
3410767
3421893
3422033
3408164
3424005
3409171
3547879
3418247
3409496
3392716
3415508
3411333
3402490
3422002
3452402
3423624
3414887
3962003
3414402
3414684
3405784
3424190
3387309
3403199
3436030
3406567
3444825
3432368
3417042
3455262
3430587
3425645
3397176
3504919
3440451
3380876
3376456
3429307
3411767
3405127
3418727
3408036
3403124
3399642
3391813
3457247
3403365
3373118
3389288
3394090
3392764
1869700
1621482
1646056
1627947
1635804
1637908
1632644
1650523
1699587
1669438
1653852
1663702
1649546
1663071
1660045
1651892
1655419
1655546
1655092
1677227
1694543
1643733
1674096
1668950
1705650
1643754
1585458
1529496
1715843
1642319
1662659
1671960
1671660
1661966
1647864
1658194
1647502
1640580
1657642
1636912
1656641
1652866
1657086
1644961
1677448
1631034
1653241
1675920
1658639
1670095
1644266
1648046
1640340
1663313
1698315
1665413
1648000
1651786
1683251
1647057
1660866
1677603
1658685
1649227
1667108
1646762
1658375
1649125
1657453
1662422
1657885
1666585
1668978
1645011
1605974
1644226
1645767
1650574
1720976
1657682
1667752
1643297
1683141
1690611
1677825
1651685
1643831
1721064
1651890
1675355
1583713
1687508
1610390
1663837
1646033
1642976
1643432
1640677
1653632
1643960
1654029
1642410
1655567
1644498
1641914
1646124
1641209
1649223
1634128
1672143
1634704
1693490
1635878
1697389
1642995
1644625
1666394
1601785
1675025
1630071
1650593
1637876
1662845
1652186
1657095
1641062
1644375
1641940
1639175
1646243
1628862
1649469
1652340
1647198
1631714
1635279
1631974
1638012
1641739
1640068
1638452
1670982
1673996
1642086
1627427
1634883
1640562
1645740
1644843
1634903
1661884
1637289
1622609
1662718
1625696
1636273
1647451
1636618
1643995
1637190
1632853
1636481
1633565
1644886
1632185
1644594
1650726
1651618
1700489
1664825
1684523
1658488
1631493
1615989
1660264
1643198
1638073
1622426
1634469
1625473
1627430
1626833
1626125
1644900
1631706
1638559
1659684
1634806
1621487
1626359
1628764
1623405
1693968
1628000
1664615
1630094
1630650
1631214
1625164
1712420
1689913
1698990
1677977
1647973
1652610
1669154
1629989
1635548
1654727
1644524
1632183
1638534
1625935
1627022
1631996
1624663
1662158
1652599
1630464
1608218
1623526
1625211
1625829
1656133
1624015
1635724
1726645
1641734
1629137
1620182
1632087
1619369
1637096
1619973
1662170
1630918
1639642
1624580
1623987
1633004
1623493
1655342
1616327
1631788
1637560
1659196
1617872
1611858
1603420
1636222
1629085
1618828
1625243
1642310
1677839
1612497
1623394
1637133
1689198
1628056
1617574
1629729
1646791
1614755
1619423
1612420
1625485
1612128
1626438
1611870
1634571
1616332
1608219
1626835
1623495
1617866
1604553
1626083
1606252
1794914
1728216
1731222
1747529
1724531
1740262
1759868
1743227
1768517
1741906
1730614
1725590
1729251
1738438
1739812
1738242
1738337
1745455
1724421
1742446
1722562
1747226
1759663
1735948
1727121
1762151
1728149
1721485
1728556
1726048
1736905
1727759
1747382
1734491
1729850
1731497
1735838
1735700
1729878
1719152
1733122
1741415
1751918
1717446
1723148
1727145
1723341
1733978
1721437
1734318
1717468
1730010
1709484
1729181
1712952
1723507
1709763
1720228
1732967
1706078
1727752
1703566
1722565
1709426
1732966
1710408
1742283
1710104
1723640
1713517
1715369
1708798
1708211
1705250
1712862
1741436
1714515
1716249
1709295
1716546
1711553
1727216
1710067
1857568
1973966
1731967
1703589
1718493
1703404
1702794
1703420
1777057
1717251
1726871
1702677
1713723
1702566
1703610
1696632
1891535
1708874
1700925
1710665
1691729
1706416
1694468
1708535
1692132
1713279
1696357
1709161
1702570
1693616
1705314
1691377
1713923
1712440
1708157
1693736
1707490
1699535
1699630
1696986
1698024
1718318
1687286
1686821
1691269
1700907
1697766
1705815
1700295
1707977
1730049
1712898
1701600
1705366
1701032
1705692
1690769
1703723
1740684
1690721
1719127
1695262
1706495
1695084
1712657
1686920
1732792
1700780
1690307
1688310
1693436
1706081
1694268
1710857
1693202
1739764
2297539
1706235
1694554
1708174
1683765
1706977
1694267
1714599
1712385
1685558
1699034
1707005
1706221
1705925
1693026
1706041
1725600
1706642
1708075
1706216
1714466
1708933
1712092
1694243
1744013
1700356
1702632
1703086
1714143
1698333
1689808
1703004
1699697
1705153
1700393
1702217
1700803
1716535
1700181
1697785
1692655
1712314
1687614
1758495
1769559
1697220
1711022
1709505
1709165
1711689
1700475
1690312
1701650
1688529
1708729
1690414
1692188
1716989
1693582
1709162
1697597
1709741
1781048
1787005
1832172
1708665
1706685
1699693
1713029
1696749
1718459
1683128
1691580
1683752
1701939
1688320
1699382
1678830
1690603
1688679
1693046
1712836
1701644
1691647
1681343
1693641
1684162
1701959
1694930
1694956
1687760
1701654
1694937
1695134
1692947
1697557
1748614
1711977
1722980
1725389
1691201
1701688
1734884
1731449
1691014
1689459
1698349
1684771
1715480
1568705
1598654
1626190
1707020
1610130
1594946
1584903
1581351
1568865
1563874
1615219
1649182
1565715
1593061
1679980
1599240
1561205
1563778
1561792
1587989
1570234
1557716
1570945
1601694
1573102
1560857
1555931
1572569
1651038
1608815
1559713
1571586
1569726
1555666
1570037
1606143
1563672
1653983
1620986
1606981
1509675
1591323
1577932
1570398
1552681
1568687
1604909
1555828
1562343
1553574
1561536
1550710
1553778
1552742
1544404
1640516
1562400
1584783
1543090
1582563
1551700
1546094
1563241
1561611
1593881
1551958
1561758
1547035
1547576
1570527
1548155
1582555
1560312
1628446
1552160
1569124
1550607
1581898
1563511
1560410
1568221
1563201
1605359
1544236
1528436
1570982
1548636
1547080
1549949
1536925
1554564
1547138
1668632
1541946
1594782
1552485
1539044
1567834
1543185
1549843
1538434
1607658
1538296
1542364
1552169
1537227
1552294
1542994
1542146
1542326
1568582
1558382
1558272
1558565
1533042
1536245
1551034
1542953
1548180
1619538
1553795
1541554
1532050
1690067
1642477
1573766
1536484
1543253
1533983
1551027
1548062
1527653
1527958
1545782
2497524
1534059
1567230
1615793
1557707
1560099
1523616
1573063
1550518
1535866
1536862
1528253
1553809
1527272
1556622
1583679
1549520
1526489
1551410
1542560
1529328
1613475
1535670
1556610
1536046
1555252
1525261
1530084
1544023
1526848
1537197
1558606
1525265
1540208
1528965
1541400
1530200
1523138
1526263
1530255
1581778
1522277
1540155
1526261
1542760
1542388
1535519
1542645
1529914
1634259
1532762
1530079
1538604
1523787
1533560
1542059
1519482
1559928
1540726
1590347
1532949
1531564
1525295
1529839
1535668
1528614
1541693
1524195
1651881
1526720
1526921
1534065
1517745
1530140
1520303
1544208
1576782
1580172
1595416
1513440
1541243
1545421
1519783
1527634
1514728
1524687
1509532
1555264
1529229
1510665
1497376
1512478
1512649
1519577
1514286
1517928
1586219
1537278
1514540
1523396
1507811
1515637
1556739
1515741
1519937
1611257
1440678
1558893
1501933
1534185
1500795
1526480
1498289
1499146
1526780
1502334
1513147
1523942
1497208
1508831
1498288
1514428
1499362
1496170
1582837
1510235
1513743
1520205
1505031
1501759
1498122
1507982
1495551
1546897
1533775
1513735
1524188
1543103
1503954
1511496
1503103
1504084
1500765
1642003
1498863
1566435
1458087
1500601
1499627
1505243
1499041
1493337
1546265
1496653
1495807
1528597
1485469
1511665
1487551
1596910
1513918
1490795
1553436
1500526
1500640
1516971
1511508
1504925
1493781
1496625
1529828
1527636
1509899
1572229
1516543
1539045
1511234
1485343
1494000
1529026
1531291
1507344
1481402
1487348
1520937
1549558
1512580
1488452
1480282
1491554
1583669
1501818
1523722
1536615
1480957
1494570
1492936
1481167
1496121
1568075
1481137
1562765
1490841
1514126
1517273
1477925
1507755
1479486
1500806
1516955
1495733
1481515
1485074
1493066
1480226
1491281
1482715
1479138
1542871
2035277
2137690
2204404
2193441
2197728
2195368
2208721
2238504
2144711
1625435
1475535
1512204
1485976
1507346
1557877
1510317
1484034
1529430
1483868
1537146
1525834
1511297
1485928
1459775
1524127
1489007
1772409
1991768
1487732
1522224
1478017
1492631
1487889
1484851
1524040
1491223
1472077
1474232
1511433
1493856
1498060
1492341
1511299
1474875
1478116
1486302
1498376
1520227
1470641
1492460
1493928
1483742
1487639
1448581
1502221
1481749
1478228
1497603
1472358
1480546
1490514
1501668
1517946
1538321
1479381
1508276
1473199
1505462
1474949
1484078
1482563
1477211
1481982
1480571
1475915
1476961
1501249
1488760
1490084
1467851
1465714
1472822
1513600
1477387
1484817
1496504
1499295
1491903
1489066
1479860
1473514
1472208
1496549
1480520
1513692
1482811
1477437
1493957
1486251
1481222
1483311
1469843
1538868
1468392
1494752
1489208
1463941
1495868
1503777
1493071
1476764
1493532
1465903
1458385
1485282
1520876
1478851
1405494
1441364
1460975
1515741
1467044
1461080
1466739
1542049
1473028
1467928
1452226
1467352
1453923
1461833
1466232
1452856
1492465
1455293
1459626
1468046
1426894
1467563
1454146
1461418
1465360
1465402
1478836
1450264
1455047
1455524
1455831
1469001
1459402
1460358
1458171
1465984
1454348
1448688
1510521
1471775
1451045
1490176
1433338
1479149
1473437
1483593
1457079
1455894
1444704
1466991
1443261
1437933
1477175
1449273
1454777
1457902
1448811
1448087
1455107
1482423
1448244
1468532
1460259
1505379
1497638
1442790
1456844
1444050
1469490
1488881
1508625
1481008
1489702
1436772
1635224
1466558
1468231
1489424
1658412
1422797
1446390
1442660
1437312
1457518
1475774
1430110
1460604
1426952
1494948
1438394
1433485
1437631
1479012
1444715
1455968
1443499
1438556
1437308
1435724
1425895
1457766
1464754
1427858
1428525
1442442
1437458
1439422
1438067
1420905
1437617
1422002
1501136
1420430
1413904
1519530
1415353
1452830
1407281
1330082
1477024
1487211
1438055
1428715
1419265
1600809
1425011
1574061
1471583
1479786
1481454
1497025
1482536
1767183
1782253
1469585
1483003
1485717
1469408
1494751
1473092
1476162
1491657
1489830
1502663
1479457
1497628
1494728
1475037
1498872
1468579
1498838
1488766
1493997
1482211
1471328
1474327
1476534
1461150
1480087
1468474
1485085
1534886
1474265
1465132
1470730
1475905
1472034
1465105
1479129
1470160
1490837
1468850
1477994
1459390
1462395
1481007
1454775
1476425
1458928
1466967
1503018
1479481
1473324
1466422
1459493
1481838
1463569
1482300
1458912
1465761
1507633
1480182
1468793
1469205
1490057
1480103
1458697
1471419
1452813
1486071
1475732
1482467
1475976
1452922
1457070
1481230
1463682
1466608
1461741
1395643
1413483
1388303
1410203
1391632
1392589
1426272
1389564
1389962
1410796
1392954
1400051
1402167
1415760
1406428
1404561
1419766
1414528
1411717
1406476
1406161
1425126
1407782
1395677
1411664
1398420
1414726
1400935
1405968
1480653
1398993
1435835
1403666
1407777
1414804
1415374
1395183
1414739
1395796
1416433
1397970
1414414
1413391
1397042
1411146
1395819
1395155
1410737
1437905
1409858
1402257
1393324
1567989
1394687
1403303
1400875
1395163
1400978
1402042
1392340
1408345
1395079
1476314
1395165
1401250
1412512
1392015
1392027
1393981
1396853
1399959
1400327
1477182
1409067
1403995
1400576
1394965
1389503
1418195
1389995
1410706
1387703
1431081
1403036
1393311
1388773
1413396
1398371
1412852
1391387
1411876
1404634
1390707
1416248
1387534
1396255
1403707
1389221
1414303
1397434
1387651
1429580
1397172
1416811
1388210
1405221
1420805
1389158
1390348
1412467
1392061
1413983
1428338
1378754
1417313
1379979
1412923
1379265
1386013
1408702
1385919
1384674
1411267
1390834
1413572
1393022
1383367
1415305
1378953
1402098
1379950
1389649
1424290
1391676
1390105
1414924
1383437
1429883
1376139
1379441
1397124
1380109
1438554
1377190
1384258
1406691
1373586
1391548
1400141
1381254
1399701
1378712
1393278
1380342
1400437
1369189
1370721
1372876
1394867
1375670
1376899
1462032
1373125
1412918
1371784
1417658
1383304
1542297
1473529
1421554
1469876
1594372
1412134
1620234
1398926
1411384
1463495
1917610
1428667
1373902
1398634
1623703
1399968
1385405
1375786
1405324
1411698
1384587
1465134
1446449
1388131
1428694
1386910
1591420
1371933
1393636
1403930
1376965
1412304
1382998
1415080
1381607
1372301
1378082
1373259
1371001
1395538
1368980
1440328
1368350
1381218
1382771
1378368
1371140
1381045
1377496
1376404
1373630
1373623
1378374
1369086
1372102
1379774
1363517
1395174
1364243
1368493
1382908
1370813
1364977
1375411
1361245
1392140
1366083
1480963
1406200
1367944
1380945
1363736
1370942
1374831
1392940
1405284
1379626
1377522
1392740
1371595
1388573
1371384
1384766
1381977
1374404
1368176
1382718
1375412
1395139
1367725
1374481
1389639
1368582
1373124
1370045
1370754
1401140
1367950
1368690
1384374
1376373
1380555
1377250
1373088
1390521
1366712
1377426
1390707
1374319
1386385
1368935
1376365
1377564
1380653
1365579
1400556
1365653
1389472
1365955
1372105
1387419
1368142
1380267
1389899
1366279
1379773
1364427
1367420
1379457
1369798
1380443
1365970
1374903
1395356
1369928
1382075
1374579
1369546
1379130
1370883
1371792
1379935
1372956
1369644
1384107
1367983
1387227
1364565
1368242
1376848
1366973
1404025
1368193
1352727
1367066
1353008
1372155
1353818
1363087
1370412
1352589
1358515
1357477
1353009
1355819
1351223
1358950
1359201
1351968
1347850
1366629
1351254
1372310
1353285
1370994
1360776
1356993
1354960
1371687
1357317
1361574
1356884
1348261
1369244
1347590
1354310
1375814
1370532
1363141
1354585
1369960
1363136
1346872
1332760
1344644
1328239
1337449
1330516
1329813
1351235
1330995
1335316
1338634
1338396
1326504
1333729
1349820
1347025
1334303
1324845
1391575
1329860
1338200
1348669
1329765
1339409
1328520
1340769
1337155
1335776
1328346
1338112
1326938
1345966
1322613
1327521
1353814
1347756
1347393
1339353
1350389
1353206
1335439
1325424
1340303
1330137
1340074
1346565
1366228
1372724
1350048
1352130
1355054
1548058
1461910
1305868
1314894
1315052
1306719
1303423
1334457
1303062
1308574
1302757
1309164
1318303
1302818
1308858
1315864
1324285
1294886
1297045
1290246
1290131
1304522
1286562
1314337
1290900
1291831
1302865
1286266
1291319
1304988
1312280
1286165
1310848
1284223
1292711
1285294
1293325
1307758
1286183
1290476
1331807
1285898
1281342
1290633
1297381
1280789
1299145
1278137
1281531
1283321
1300248
1325099
1276168
1287725
1292123
1284810
1281135
1288436
1288092
1282465
1318963
1324700
1317094
1298841
1306511
1318080
1306863
1315540
1294949
1301520
1310709
1294744
1314811
1297853
1297480
1289621
1307119
1287278
1295839
1289530
1290096
1285290
1270781
1303552
1283359
1269018
1284065
1276622
1270176
1265061
1294260
1265736
1276071
1286095
1283425
1281784
1265181
1272640
1278619
1267268
1286622
1277177
1276198
1271937
1318182
1358357
1272546
1283758
1276536
1268422
1267713
1271526
1254633
1263601
1253677
1267775
1286758
1248895
1264052
1247684
1249642
1264551
1247612
1255606
1260536
1253151
1247851
1307659
1251507
1242483
1252482
1242378
1259964
1241020
1243523
1263541
1244804
1240978
1268996
1246852
1311500
1241797
1245611
1253387
1250236
1245301
1870018
1624241
1267733
1254774
1247650
1257855
1245383
1242808
1259203
1216004
1236259
1224951
1242557
1211137
1210654
1209455
1359705
1152624
1199807
1185556
1168457
1177561
1537317
1200012
1328780
1214120
1161453
1162493
1175982
1166754
1176315
1198030
1096534
1334131
1178694
1207066
1179193
1231687
1160230
1165926
1172453
1175392
1160762
1178709
1195324
1163423
1176470
1170913
1183803
1222894
1161013
1167519
1172896
1161592
1168546
1172764
1181050
1175127
1182998
1222649
1180322
1209145
1159810
1165619
1170588
1160740
1173811
1199385
1175880
1141229
1237845
1232447
1176963
1193578
1156165
1169001
1170968
1163954
1162472
1183524
1154814
1158679
1174682
1179949
1258394
1187620
1161316
1152682
1164219
1158844
1159400
1175033
1150577
1149386
1170902
1164476
1171425
1151812
1168904
1161472
1147482
1168478
1151680
1148274
1164362
1147639
1153856
1196646
1157291
1152572
1158687
1150120
1167728
1165503
1170280
1090104
1181905
1151897
1173166
1185985
1169381
1152832
1171222
1155728
1153821
1173517
1162961
1166655
1148356
1142762
1187833
1305436
1256852
1205491
1178134
1170043
1157393
1195609
1158899
1161400
1183698
1156729
1191587
1158260
1156943
1161980
1176508
1160943
1152789
1171550
1155100
1128914
1171076
1160627
1155595
1165965
1152163
1161381
1162521
1158722
1175543
1164168
1161751
1158035
1179560
1164238
1162877
1162982
1282527
1161869
1175968
1179378
1170666
1156200
1169612
1173656
1161447
1172377
1167879
1154460
1182571
1168981
1182800
1175006
1156645
1159837
1166176
1162062
1156662
1167954
1181558
1165886
1181053
1161997
1159864
1180807
1155730
1156746
1174544
1171880
1154815
1176658
1155066
1160725
1187559
1161880
1161747
1155172
1160382
1174525
1156924
1167901
1155732
1158743
1165292
1156278
1159185
1167794
1169881
1150224
1154521
1159825
1147205
1146951
1152718
1148556
1163647
1152587
1152459
1163198
1160252
1148192
1157182
1163367
1150324
1155786
1148153
1128259
1139058
1134326
1128778
1141256
1136521
1128809
1163106
1127192
1138408
1140110
1137674
1137359
1134576
1143863
1156966
1087562
1098666
1094433
1091522
1102977
1087784
1087468
1105010
1088281
1101838
1101396
1098011
1090355
1086790
1097747
1077295
1073700
1078767
1078901
1080636
1118265
1030404
1060409
1070799
1088402
1065625
1068535
1080906
1067106
1087239
1077920
1073158
1072096
1064446
1079220
1077176
1081712
1086869
1070301
1095269
1113373
1009227
1065926
1062667
1739679
1093695
1062642
1023474
1138867
1096632
1109978
1096866
1095136
1071996
1038796
1079755
1114674
991907
1148556
1038375
1068017
1125020
1092604
1103860
1094842
1093244
1101650
1101863
1090485
1104040
1087605
1089778
1097327
1106521
1094079
1097857
1190649
1092217
1102726
1122950
1087521
1151304
1098697
1116873
1121678
1045216
1097785
1090135
1104235
1110832
1095828
1104253
1105290
1085596
1097764
1106389
1090541
1098877
1099384
1120199
1085399
1088152
1100685
1094092
1087259
1109938
1085018
1093473
1093209
1094285
1033563
1111522
1083395
1084642
1080851
1108600
1081120
1089145
1127923
1094086
1093602
1114822
1078074
1087888
1090730
1080655
1086814
1217720
1080145
1089094
1097720
1083529
1078472
1080956
1098250
1008111
1071860
1094178
1078357
1082296
1130391
1079750
1105207
1080906
1110122
1083528
1079145
1115801
1074691
1079450
1105247
1079318
1078272
1191621
1092704
1082074
1082586
1088680
1101781
1084361
1091285
1129000
1104033
1136725
1143266
1075959
1087336
1039950
1095954
1094617
989709
1084843
1106791
1097979
1091527
1090821
1093596
1104245
1082306
1088525
1096398
1106861
1099380
1076208
1076532
1080435
1088394
1105835
1086546
1086477
1096631
1076934
1104242
1096194
1103484
1104008
1080748
1090093
1097469
1089304
1082234
1110281
1083836
1113889
1088802
1086587
1076371
1073250
1087211
1078370
1081511
1144327
1086638
1079908
1087087
1086583
1076466
1072703
1091694
1076724
1083138
1083212
1082760
992969
986390
1096090
1084928
1070710
1095053
1081412
1077233
1073880
1067941
1072600
1089571
1088121
1073685
1055762
1081898
1081600
1069869
1163949
1072480
1055600
1092558
1075289
1076710
1070918
1076813
1082240
1093071
1084240
1073792
1087801
1092157
1076846
1094808
1107848
1087467
1086391
1075957
1087116
1077829
1077009
1093668
1074278
1081004
1092138
1076101
1079575
1114980
1076733
1080580
1076903
1079618
1098515
1087841
1082378
1075753
1085941
1097496
1075866
1095668
1103457
1078701
1128473
1090731
1076550
1081260
1072521
1080923
1078287
1074395
1082885
1078166
1090943
1128582
985754
986606
1064208
973762
1059089
1078390
1083000
1074525
1094238
1094415
1090316
1079107
1115082
1073698
1070800
1061368
1069351
1044329
1084977
1091903
1070309
1065124
1083332
1069601
1073758
1066121
1078282
1086184
1065436
1081136
1070077
1077351
1094543
1065804
1064505
1068071
1081020
1093560
1069767
1074042
1068660
1068936
1080947
1069025
1072431
1060861
1080362
1087913
1060630
1082497
1057859
1062516
1082200
2827054
1085643
1123941
1061624
1075316
1065380
1071555
1060199
1084672
1097406
1074369
1096813
1058974
1066001
1143557
1055486
1054885
1062120
1056453
1060297
1052942
1078660
1035966
1017174
985303
1080037
998856
1073080
1122814
1055774
1059424
1086472
1050839
1055455
1069515
1056676
1060174
1078509
1072656
1063914
1105389
1069942
1063826
1053840
1066189
1053784
1035154
1043435
1065807
1117903
988368
1065338
1092138
1069608
1063121
1057384
1082726
1051210
1065415
1054339
1055372
1086350
1060943
1059680
1109316
1018271
1111838
1082277
1051672
1058592
1058410
1075015
1085960
985951
1102448
1051046
1036721
1102655
1021570
1188505
1064152
1048634
1068665
1077836
1047890
1050838
1044508
1060650
1055932
1048130
1058665
1052541
1098250
1067202
1058774
1049573
1051911
1069340
1046225
1080267
1112666
1046761
1088632
990145
946657
1179999
1054232
1063528
1052487
1049884
1069092
1046360
1050266
1057817
1033792
1035939
1070325
1060384
1051852
1042000
1064541
1047798
1057527
1070237
1048872
1045264
1048931
1047173
1056993
1030331
1077850
1039485
1045620
1057563
1090488
1054413
1083904
1079028
1027766
1150628
1004085
1094578
1058411
1026724
1125987
1044047
1047851
1059107
1045345
1072379
1107278
1041869
1067242
1080300
1046613
1054592
1059615
1056732
1066554
1043718
1054145
1043819
1056691
1072510
1083831
1039434
1051764
1046678
1097264
1040301
1048527
1085479
1036198
1048098
1042592
1038158
1037593
1035340
1057094
1044548
1056076
1034869
1016000
1059537
1091248
1057184
1014985
1050340
1038359
1005412
1343797
1041118
929478
1008326
949858
940314
1070212
1061552
1046063
1047532
1047426
1041872
1034301
1033777
1141516
1043764
1031316
1082859
1026947
1032903
1048792
1074146
1033580
1148412
1048297
1027801
1057586
1052246
1056241
1045587
1043012
1061792
1208279
1048851
1070722
1034797
1040029
1108255
1027867
1072599
1069798
1028910
1041147
1041983
1030322
1036501
1106379
1135500
1105530
1084180
1096008
1085736
1093450
1367496
1083601
1111952
1113540
1085758
1094720
1119185
1080945
1090450
1102727
1086877
1094511
1091498
1095775
1081027
1094020
1131920
1078605
1098771
1128950
1080996
1080704
1122768
1078063
1085880
1071326
1103417
1127506
1079312
1092526
1081964
1089313
1094976
1076080
1088461
1155963
1078867
1077191
1082240
1089874
1080619
1075693
1092127
1080689
1114933
1092350
1086807
1079148
1078381
1077622
1077810
1083866
1135089
1072129
1070550
1092822
1092263
1097315
1088846
1083744
1118022
1086291
1083989
1084091
1095433
1078296
1097353
1102514
1089897
1075249
1080216
1092047
1080975
1072378
1083731
1071688
1106254
1082199
1072747
1069501
1069082
1083176
1066441
1067496
1093312
1054091
673069
672996
757486
723232
728568
713065
706115
727830
695869
741087
714773
725780
724881
715833
716210
715852
731328
714626
711791
712155
717192
730158
715329
716021
694533
733492
695230
698236
731660
713896
727679
721557
711106
712251
712266
732029
720014
713526
736422
734897
737718
733404
732937
738515
756970
733702
735354
734300
734420
732269
702527
708755
702937
717239
706471
708945
701689
704540
690778
702460
688457
687552
717327
687876
690261
688962
710205
706082
687156
688590
698389
698768
696782
679678
682023
687655
683888
697637
689242
719151
668930
673074
721700
710682
681853
693317
696955
683515
684476
687781
678258
767588
641488
664192
681604
687528
708843
669915
669878
668404
669752
687567
698175
680055
685220
665289
680857
678844
694302
678602
701341
689869
662910
677122
689695
623064
699492
653193
692908
673918
671657
666749
669885
675148
691566
691972
668034
678222
675095
670943
679244
675179
669680
673370
680693
666049
668954
673462
667660
684323
680597
669214
687796
687611
680272
666296
666108
668339
674887
677398
671344
679391
665017
672009
679001
675256
670253
666420
668916
684378
665840
666863
685754
672673
685677
667842
673340
673343
674063
679014
675721
671509
668994
663714
677959
675331
668980
667682
670581
684826
679804
670302
671528
672858
689905
665711
671579
673577
668811
695909
671997
674833
677552
674426
689766
675039
686635
670983
682203
671545
673174
699512
669189
684140
671831
677979
693333
719758
707172
672959
677486
671614
685449
669196
669328
668599
686800
685753
694309
695961
670141
664728
668094
663799
665283
609845
707182
668734
671596
657828
660708
662871
684711
662173
671257
658566
670538
682105
663430
664534
660484
669150
672259
660069
663530
661562
661657
673623
667377
659772
659768
660245
670705
664803
660320
659922
663124
674633
667565
663095
660052
670584
677060
660725
660908
674420
649304
701961
647273
651462
679607
670712
685613
678016
663880
659424
656025
698543
685670
678498
677627
677160
692293
675768
681802
674558
691001
672351
674119
676471
678513
685135
671426
683810
677125
680051
731273
679410
683137
673823
672694
688830
681125
674740
677217
675569
689988
671847
674254
674709
674905
688916
673966
675614
680962
689880
671678
673101
680978
678261
673364
676280
678685
683372
710361
722170
708582
737392
705275
707902
746606
714797
710517
708278
727827
726115
708321
705437
716024
817139
703659
702068
703795
710203
727483
704242
704574
702678
702938
718406
708127
704697
715159
656706
692334
657166
658379
657637
658729
673597
680531
658667
660943
694583
694002
638146
635147
710247
681405
654686
661136
669522
656333
668271
664974
653817
654955
659278
671826
636556
673481
629862
668546
694819
617224
661319
667736
672825
669527
660693
663857
659959
655966
663925
658524
655628
650128
652216
660393
654073
651884
652021
648585
704706
626788
644066
639971
656283
667019
650958
659783
648202
656281
4739246
669283
742734
652042
662516
690695
653726
655955
634457
538868
541822
538641
866423
675234
612308
550291
524733
525465
522563
524036
522047
532665
520611
522017
545904
529391
541750
524563
524224
535202
524094
521326
535075
523178
554835
524241
522575
526905
555195
502623
502031
527994
517313
533081
542935
521445
550901
537568
542277
518258
510786
515605
517247
529251
519819
516632
532247
536855
524553
524169
519024
522997
529461
517895
520869
516946
519749
517768
517752
519586
519531
518413
519040
528135
519046
531031
518161
519223
517203
521429
515866
573957
520834
517734
527040
517798
515729
530579
523313
516308
525345
519121
517351
528804
516107
517906
515989
514187
517041
530980
517115
753997
748919
750776
733644
1192999
536033
523408
522763
520953
527239
522971
519724
532513
524153
520007
523091
517834
520663
528697
644321
518095
517865
523984
526493
537232
519266
515343
521331
518143
516764
530794
514393
514466
517007
517182
520769
527470
517101
515770
520234
516793
535115
527787
514153
549058
536425
518157
534512
584706
516164
515872
520927
517161
517112
527249
516410
518110
514188
516045
513838
532400
514291
514300
512029
512497
520262
512880
514050
514798
513893
540261
529471
516498
514792
520563
514065
789637
608895
523370
586098
550086
517629
525373
523146
516708
533763
546109
515387
516283
514662
515785
520925
527560
518482
519341
517551
545108
522132
543246
514551
514308
515085
515201
515516
514962
513521
520197
529853
514839
516162
513439
558395
529416
518240
516490
521676
517269
539198
511735
509771
510684
508524
509745
519457
510073
512911
518339
536299
519006
538433
510440
516559
514928
509630
511565
521462
511299
515804
511600
511668
527576
510665
521941
523460
510906
507537
514020
509208
524642
507616
508699
510996
524513
509316
536302
507651
565658
516248
537318
520351
534118
513296
527035
526158
514473
517212
519351
507284
506440
518522
513441
522760
530423
509520
507686
505922
519524
520999
520088
494090
509641
509363
519066
518839
507781
506649
506292
504953
543903
507178
505735
513709
505375
510946
506195
503929
526913
505952
507731
504199
505698
505021
520970
503693
528782
514923
505664
509408
521883
505523
504805
505627
504708
510514
507499
505692
520553
503540
516716
516437
506316
528467
508489
502857
508369
503901
505108
521196
502630
505167
502929
502569
535629
511976
501682
520008
519169
503460
503609
536389
500262
501582
499439
507366
514354
502728
500269
498678
500095
504513
500669
521522
522747
501029
502680
505798
498838
499665
514857
501328
506113
500687
500161
499718
499163
499321
498766
520038
505069
504815
499539
517484
499076
500432
500104
499874
499707
513479
501371
500493
505619
505450
532813
499753
504339
503567
500703
505815
497164
499092
503949
511025
498400
512907
497692
521299
498073
500208
506395
495695
496983
511292
505257
498036
496096
495386
502076
514990
522670
523488
498527
497501
498518
513601
497093
495548
508258
511004
497209
498448
513578
498916
497977
498479
495600
497129
523149
498007
497008
542869
514844
504497
520240
498273
498326
498568
499809
500134
495746
514134
498127
496378
500642
496965
501477
553028
505593
506377
508075
496868
497877
511719
494663
501661
495267
492863
496007
494218
499202
494393
532782
527150
501999
493742
518574
493447
494624
493183
491275
494938
501111
499620
507799
492322
492613
490778
493125
514918
507220
491938
501325
494074
494851
506881
493518
492169
490238
505842
503000
526903
507507
497225
462312
516478
473174
513582
462436
461015
489046
529646
512043
505672
502039
492448
492676
495789
491676
491162
502028
517801
507564
491570
491829
491403
492855
498531
494316
489802
506758
492360
490125
502650
474717
484609
498617
474504
490130
471185
470523
469187
481534
469235
479220
480383
458461
453266
475435
472774
469972
487962
468625
465554
469723
478620
477201
467620
483556
467268
469759
469324
469077
481090
478713
469362
468372
468043
466364
497502
471293
485221
466716
466356
470692
485134
486006
468033
486003
461101
451033
506392
467926
466918
476747
467702
500378
477308
465771
466741
467453
482606
465051
465451
466828
465852
465324
465853
466841
466375
464959
467436
467912
471144
1002917
1887879
2706978
1547848
1167896
1132622
1125958
1148966
1103829
1098448
1113533
1085225
1075440
1082688
1083677
1056011
1054655
1060999
1059783
1070060
1065844
1063881
1126335
1049933
1085146
1081531
1086553
1064197
1054248
1121516
1109305
1058886
1058613
1067404
1060871
1062186
1050553
1063799
1074485
1060016
1142989
1052068
1085427
1047301
1050644
1049142
1050092
1111170
1047596
1053105
1060218
1044501
1052307
1047656
1053694
1081136
1049717
1056094
1049984
1045453
1071948
1049366
1046685
1070380
1087079
1049509
1182423
1053628
1125373
1054136
1052362
1047187
1044856
1048165
1043049
1161108
1055197
1151711
1169712
1063868
1057699
1037914
1074961
1039734
1036449
1042263
1051607
1034678
1041167
1047934
1041884
1059342
1036385
1031731
1034874
1145430
1388384
1092841
1077500
1098125
1183355
1070728
1092238
1075798
1612325
1089231
1081275
1066087
1177104
1085518
1083117
1090187
1065585
1075472
1076531
1093559
1231683
1107891
1153523
1077864
1086849
1075518
1079511
1065310
1169980
1067848
1085852
1095991
1067248
1066428
1084422
1938811
1088055
1905397
1097571
1899559
1097756
1898362
1109816
1891306
1133157
1883068
1093136
1904132
1163706
1916791
1096454
1894191
1091061
1882117
1125118
1879909
1091593
1905748
1087653
1899082
1098941
1901279
1092728
1918309
1130759
1946996
1102087
1878790
1091115
1922681
1112595
1902292
1091797
1893736
1087269
1899730
1110568
1871542
1095691
1974060
1082178
1891634
1096359
1902420
1090769
1882766
1174413
1893121
1109875
1886903
1087551
1886830
1079821
1912435
1073938
1884345
1080115
1900738
1096113
1882182
1089592
1898962
1104883
1944937
1087190
1972092
1097162
1875335
1101502
1950891
1109561
1884970
1107596
1885453
1083518
1892066
1074989
1912166
1078812
1895505
1076934
1875606
1117848
1882860
1077965
1873129
1075923
1909118
1083346
1909819
1071775
1888234
1100790
1897828
1093283
1893942
1084556
1910904
1077618
1986020
1069525
1933110
1077454
1894975
1091185
1881456
1081359
1947519
1071534
1895425
1074247
1907667
1073415
1865816
1154070
1866091
1103815
1869883
1081944
1887820
1074364
1942382
977208
928033
907853
909621
922944
917588
940755
917525
926591
921190
932290
914355
924248
921947
938166
924713
919293
927768
916272
914133
913570
940527
914463
914567
924475
940022
915660
914158
935144
927002
915030
919993
918105
931528
919063
913552
933467
925863
916684
916111
934347
912475
953045
921497
940354
914025
912374
913942
931960
914294
919557
937717
912995
923874
908010
928904
914266
911015
929771
933455
957007
909467
920121
923225
906109
904498
910120
930777
904205
910685
903016
907989
914471
905205
937753
907031
903883
900844
931394
903672
905958
915088
928093
899490
899702
917022
910827
1189407
1066129
1157351
1217000
927387
905694
905000
938972
1047775
901288
898576
911429
914696
893547
901631
900604
899545
926238
960494
908012
945819
905178
922878
919514
921235
897010
904696
927074
894764
904823
903181
935328
913349
895006
896490
1060413
1179884
1286407
1295434
1294456
1302159
1290024
1285014
1302337
1270583
1284668
1170746
774012
774277
778201
767567
763311
776417
764232
776917
769343
767156
771948
773499
769960
765275
763211
760779
776452
785093
758668
770342
780196
763361
764458
758293
762089
762032
761730
766249
760747
768785
779861
766142
762561
772892
759615
760516
760204
767943
778818
757926
760863
766745
773555
757637
760156
759437
770030
767324
757759
762600
756190
767188
762918
756612
757448
756384
767893
773462
755050
885887
1043631
1056107
1064541
1082805
1059045
1064735
1084261
1043114
776147
758073
774013
764768
764095
756890
767790
754280
561685
556737
569695
553853
4084257
554677
553680
553018
552924
555701
561461
550415
549791
555811
550392
566703
568632
559000
560474
549578
553053
562918
556176
550227
551289
549527
548808
550351
551292
548158
548857
554740
547248
529938
531639
530138
530416
534065
538943
529753
533127
533039
529770
530108
536892
528718
533411
534306
528962
531638
541536
529019
539938
528513
534986
530481
544012
529719
528215
528359
529817
494429
488775
485033
484750
482230
488394
482201
483111
493358
525457
483212
487473
493546
483671
482691
481867
488187
482017
484686
480403
477704
486484
479223
483342
480794
479969
479597
478944
479863
477897
477940
478495
478167
477470
490884
481459
478148
480766
479569
483406
486951
483387
478787
479443
486957
479602
505655
491189
478102
478089
484157
478139
478870
478200
487875
482390
480866
478740
479575
478948
490087
475705
476256
466705
466939
472051
464268
480999
465825
465705
469453
467716
472225
467282
466119
466939
465173
471747
466072
464220
474641
464737
469580
464952
470090
468763
464930
466206
465620
475535
465368
463781
474015
463386
483972
465308
464095
465560
465137
476587
465582
464529
468963
465042
468160
464583
464345
463205
463758
468290
466475
464755
479969
463665
470888
462116
469615
462469
464294
475591
464770
469382
465236
462954
464582
463907
476889
466429
461357
462919
464267
467124
464033
461939
465121
463838
464250
465871
463914
472953
465547
463533
462856
464157
462104
465965
471259
461214
467840
466277
464523
464842
464040
464920
466523
462801
463681
462699
461753
479845
464622
462762
462694
462199
461701
460684
476314
459289
473943
460928
460310
465160
460418
471732
460040
459514
468039
459154
462968
484765
472193
466939
459364
466279
461924
459118
470509
461511
465181
459534
460049
460017
484198
475943
459600
459704
469006
341918
94969
95398
85700
80812
77832
76297
75060
74009
71903
71750
70276
69064
69000
67758
69944
68292
68206
66947
137517
129019
119435
125006
127330
125069
87040
88776
87399
127259
115363
113165
126743
115558
119993
83984
103274
94413
89923
87100
81692
78279
76129
74494
75869
129708
74373
72680
73464
71561
70761
70072
84204
70243
69966
68910
67738
78406
69104
69167
100655
71461
70972
69556
71084
68538
67172
68209
67146
67265
67944
78728
69272
81122
67669
66163
66682
66972
65728
65841
65298
67319
65851
65462
66172
64503
65215
64968
65031
64365
64464
64214
63937
64155
65077
66396
77626
66514
65635
64676
119678
66557
66643
65624
66990
105284
66118
85260
65773
67157
81222
70055
66883
66554
65163
64083
63055
61759
61964
61829
61439
61269
60422
66603
61175
89076
61593
60388
63805
62919
61307
61846
63947
63613
61753
60705
60013
59188
60584
60106
60265
59614
58161
59601
59756
58320
59130
57510
71072
67601
79439
64336
64262
62639
61964
61156
60177
61596
59994
59888
59391
58646
61708
60991
60189
60232
59312
60101
59610
59197
58667
76575
64049
61426
60834
60078
65125
59991
58851
58791
57971
59907
58347
58308
58137
57286
59310
57886
57365
56885
57982
58478
82127
58682
57800
56576
59059
57961
58000
57327
57009
58566
57818
57227
56861
56118
57386
56762
63569
57403
56114
57612
56543
57149
57429
56486
57681
57152
57055
56593
55193
56144
55086
55573
60759
55470
56835
56757
56565
56246
55884
56296
56004
56053
55642
70098
57165
56316
56653
55422
55629
57492
55999
55658
55504
55085
57069
55839
56252
55712
55070
56275
55132
55495
54965
77532
59096
58300
57040
57260
57158
56518
56740
56088
56270
57072
62772
82695
57187
56076
57538
56781
55912
60201
74515
69595
66685
64181
63275
61508
60915
62581
58158
59469
59734
58431
58293
58583
58944
58304
57260
57330
56924
58178
56874
56776
57463
56550
57642
57350
57756
56945
55457
57053
56673
55814
55812
55924
63428
57559
57533
57155
55954
58098
57003
56324
56180
55407
56151
56084
56508
56100
54966
57205
56979
57324
56190
56251
56400
55645
55943
68008
55938
56928
56719
57974
60501
59745
61297
59914
64605
58516
57555
57972
57403
59573
59484
58049
58624
59322
57994
57689
56122
56865
56298
55923
67238
55768
56149
59421
57948
57348
57409
58072
56705
56760
56182
56231
56305
56376
55518
55369
54836
55777
55322
54784
54633
54722
58281
63026
62093
59524
59420
60729
59273
58818
57401
58353
58696
58034
57553
56276
55885
56114
55691
56712
56181
55996
57452
57693
57242
56059
56925
56380
56756
56436
55920
55511
57249
56318
55449
55682
56572
55466
55232
61240
55056
91921
79710
73180
71062
67236
68642
64488
62268
73547
63551
62793
60523
60199
59640
58992
59242
58717
58128
58781
58868
58152
56513
56847
57375
56640
57247
56032
56335
56826
56038
57035
55593
55099
55809
55491
55002
54691
55858
56392
55306
66963
55279
54953
55673
54885
55058
55097
55310
54765
55052
54523
53955
54445
55721
54510
54895
54081
54148
54434
54115
54048
54180
60975
55801
54841
54512
53363
53670
55424
55411
54847
57158
56712
58243
57018
57575
56101
55025
55799
54848
55675
55012
53852
55361
56899
56763
56099
57512
58405
57169
55983
56671
68294
59011
57431
57337
56325
55599
55893
55024
55662
54295
54617
55075
54599
55213
53525
53525
54622
53581
54164
53463
54357
56211
54543
54139
53777
53698
53180
52667
53125
53076
56605
57040
56337
55172
67137
54542
55427
54302
53771
53964
57651
54792
53630
54598
53140
51975
53965
53516
53604
56731
62566
62939
72391
66477
64617
62217
60590
59954
57742
58241
57221
56335
60921
55090
56293
56214
54306
55051
53494
55169
54941
54497
54694
54130
54305
54462
53279
53714
52681
79704
58735
57070
54957
54392
54424
58285
57947
56840
55707
55432
58848
55309
55016
54138
52887
55700
53999
54251
52321
51877
53050
53145
54250
13226
11683
11444
11187
10373
