17958832
10365909
9350565
8988567
8957480
8991084
9025663
9105268
9043298
8968199
9013974
9041612
9076840
9101890
9680374
9089216
9127523
9013199
9062450
9082960
9045877
9120623
9126657
9048192
9090330
9110605
7177014
3709850
3640890
3595220
3592355
3608262
3610925
3663408
3592573
3634683
3603293
3609144
3591205
3656989
3754190
3623062
3586821
3638953
3624732
3655244
3686773
3633484
3603489
3637546
3622419
3666717
3667479
3627384
3646469
3612271
3628994
3618810
3635712
3674197
3663385
3640374
3604698
3621322
3585810
3704455
3711542
3666003
3602943
3626452
3611906
3588633
3626933
3576220
3590577
3564921
3611399
3572547
3640485
3578024
3575675
2798598
2672775
2710406
2679774
2704476
2702853
2734872
2734654
3312473
2688081
2741612
2690014
3446131
3762693
3547202
2714000
2703778
2691386
2683843
2671635
2707227
2731578
2688739
2666833
2656498
2700048
2669640
2654210
2696904
2673313
2652320
2663962
2666220
2641767
2652762
2664354
2668755
2651380
2663172
2662895
2670936
2654668
2656386
2677707
2662463
2675215
2660808
2654579
2641070
2657589
2660679
2648452
2650783
2647430
2714250
2640089
2675101
2674554
2647506
2672853
2677339
2678435
2640648
2731465
2682471
2695087
2660850
2697167
2647327
2659582
2679805
2634001
2652913
2657730
2732231
2692196
2660727
2708543
2754665
2685783
2672401
2698368
2650332
2637421
2632345
2638693
2665298
2660927
2613418
2646529
2683443
2632532
2696925
2631981
2622892
2680122
2672656
2704421
2634841
2662715
2645192
2623520
2638461
2647099
2632421
2752159
2652143
2657009
2658453
2679771
2657779
2627475
2656109
2647080
2647421
2611857
2641321
2624493
2604559
2619571
2655473
2612497
2625505
2639137
2609672
2644256
2617522
2640840
2610619
2618837
2631890
2614411
2634649
2603950
2601620
2617291
2609064
2614698
2611291
2625852
2614457
2602443
2614683
2652189
2638507
2598561
2604869
2624835
2624144
2603559
2610447
2607367
2608372
2595737
2613216
2579262
2630498
2630414
2645123
2595050
2604460
2603731
2894594
2576182
2599396
2649691
2619705
2639815
2600908
2592552
2601522
2618676
2590067
2622743
2617054
2594604
2579449
2606097
2654779
2578373
2609867
2592975
2590622
2588333
2593540
2583352
2600418
2590908
2577990
2583204
2593787
2578362
2589382
2596266
2581284
2593696
2587881
2588344
2573636
2663811
2652771
2667865
2631902
2736175
2656126
2673535
2647004
2643489
2668483
2659836
2637727
2635344
2657776
2645855
2652208
2642858
2691440
2651116
2642688
2654737
2637482
2654640
2660161
2665687
2640351
2651999
2646114
2639635
2639723
2649702
2642525
2669546
3037628
3107555
3114225
2638951
2636717
2635990
2663779
2665771
2641244
2638647
2636204
2645010
2644838
2635211
2632407
2642187
2616501
2629793
2640059
2697306
2661230
2711535
6717538
2665991
2796696
2666079
2661991
2625722
2670289
2690820
2641318
2616318
2640954
2624682
2616498
2628957
2632541
2622093
2731450
2626987
2633334
2625488
2634784
2674041
2615316
2646478
2630549
2676595
2621119
2623549
2617714
2618146
2612473
2606624
2642897
2630072
2640626
2617876
2650431
2618202
2655217
3252613
4087375
4107446
3887470
2657504
2614567
2616913
2647507
2618096
2671037
2600047
2605576
2628628
2608650
2625885
2606445
2635784
2575859
2615487
2600949
2605807
2609731
2608084
2642681
2609165
2595963
2602215
2599840
2601368
2573046
2618541
2599536
2589529
2605210
2627554
2588290
2610005
2600196
2585118
2593166
2570254
2652464
2621266
2602177
2590760
2599430
2590908
2589452
2585170
2590073
2592061
2602286
2598180
2591159
2591126
2591568
2589330
2591366
2626758
2621720
2573508
2583998
3116426
2581978
2570289
2597122
2591480
2574147
2575466
2594513
2574262
2583500
2580095
2566389
2586781
2650341
2583126
2576923
2579401
2568677
2578899
2581206
2585986
2667120
2570079
2608840
2611812
2575311
3159852
2593165
2569004
2581265
2580652
2604751
2584399
2590162
2567894
2573592
2568381
2570628
2576764
2572576
2569648
2590595
2630459
2575380
2567612
2573726
2568422
2577343
2571487
2560242
2549968
2562101
2567476
2556280
2568160
2569368
2540488
2555498
2562347
2558314
2581540
2564946
2550493
2570359
2525877
2545750
2558335
2550824
2547612
2549519
2564386
2553168
2551208
2557158
2574841
2549414
2561891
2627065
2572682
2546297
2537008
2543386
2568355
2531989
2556005
2538548
2520586
2589394
2534651
2536381
2580439
2539342
2558011
2588668
2562170
2531214
2546169
2540844
2519999
2539226
2530986
2524715
2591065
2536065
2537512
2537299
2524633
2540464
2551875
2541825
2523026
2542500
2526155
2518953
2557882
2530824
2514242
2521285
2777377
2589282
2511799
2541494
2519665
2506696
2523383
2596918
2579295
2531250
2532925
2463097
2585992
2528793
2514570
2522183
2523771
2512430
2514839
2530231
2514285
2532023
2570040
2506976
2510752
2509912
2498685
2514576
2502827
2515920
2512492
2570840
2524005
2551205
2514309
2563906
2542012
2550302
2556963
2475866
2502070
2508784
2534832
2494451
2508243
2496211
2495333
2502766
2529458
2495077
2510799
2503781
2485316
2511939
2497373
2585723
2596379
2598099
2537577
2620733
2537663
2569046
2554777
2544386
2646473
2535182
2557123
2532496
2615247
2525994
2571004
2870668
2507928
2522719
2633170
2556665
2556999
2551921
2508761
2503960
2578596
2533388
2569112
2531122
2512956
2529672
2582939
2512546
2563536
2526748
2585854
2517971
2601642
2539677
3085355
3215276
3582669
2591194
2538263
2598207
2532328
2502830
2557237
2533730
2515022
2516183
2510566
2496970
2562885
2509505
2515831
2509132
2528866
2501428
2589726
2517550
2500194
2508095
2510223
2504604
2542625
2500994
2493025
2504992
2505447
2503020
2651688
2524668
2503687
2513877
2577854
2503846
2575350
2502564
2541373
2526494
2485960
2490895
2605547
2546941
2497434
2511925
2485919
2525765
2502601
4368057
6089732
6334585
6242519
6133748
6050414
6079418
6107851
6057615
6486086
6043158
6117536
6169272
6069185
6260315
6132201
6113051
6139642
6092978
6127905
6036915
6184639
6151386
6039221
6248368
6031024
6169036
6434499
6070535
6096158
6085542
6117295
6025398
6155289
6167045
6015035
7545060
6053232
6118325
6014655
6095575
6040458
6015942
6318702
6005165
6103102
6028628
6028012
6226508
6107629
6104972
6131662
6010755
6515876
6100705
6014792
6217212
6116255
6128885
6092802
6103998
6154768
6107422
6069191
6181212
6367106
6204249
7175328
8985037
6105112
6092995
6126302
6342759
6402265
6227203
6097722
6176438
5758017
6232882
5821410
5861247
5719380
5533095
5920523
5514070
5665635
5540220
5517353
5501348
5582808
5497193
5640174
5481988
5541217
5513439
5643762
5517039
5524582
5519337
5523425
5516496
5492228
5535774
5486806
5498746
5533294
5464833
5499959
5519406
5485620
5517431
5545040
5502516
5484803
5507460
5487296
5509816
5468544
5471096
5477939
5480273
5480168
5462408
5481679
5544588
5471047
5464870
5471854
5456033
5467997
5466019
5460628
5457399
5454388
5480417
5448987
5459013
5473088
5491825
5480365
5462644
5493796
5435903
5456204
5456968
5481816
5455694
5517455
6493513
5685996
5521548
5446582
5467851
5520728
5546105
5444485
7161719
8012921
6738329
5440217
5521694
5062071
4707074
4784157
4711236
5086507
4883470
4755937
4684395
4789856
4710155
4703770
4711878
4712681
4687526
4705659
4714433
4669941
4686228
4760833
4665275
4688440
4751149
4687216
4717282
4681029
4653001
4655670
4727722
4662035
4651041
4649789
4638269
4662596
4663564
4662186
4630341
4664971
4649671
4649621
4638070
4646063
4642947
4650673
4662015
4652282
4637811
4643286
4642821
4624605
4655640
4690134
4657393
4645887
4647466
4656447
4629647
4903153
4659842
4619974
4659726
4623807
4627938
6033676
4769720
4760435
4673504
4677844
4727274
4687005
4680510
4675432
4718352
4692103
4624802
4632593
4614939
4686628
4655119
4628669
4840029
4651597
4718184
4749794
4644951
4712891
4819032
4793612
4627202
4754221
4643398
4673178
4695520
4672122
4615021
4612534
4670287
4597616
4612429
4602035
4596117
4611567
5777838
6040785
5952442
5783471
5945614
5823314
5752888
6191742
5755044
6158461
5737657
5766118
5822291
5743644
5839402
5785387
5716870
6141575
5769594
6135725
5750288
5732127
5860491
5827975
5874594
5744240
5774678
5786341
5757914
5730990
8252805
5720624
5838155
5767394
5812137
5732954
5737948
6087341
5743714
6037925
5728593
5717665
5872910
5769440
5701202
5971604
5699361
5846747
5700557
5701640
5941821
6389969
5861484
5808701
5804034
5730797
6052038
5780987
5743284
5740090
5711890
5688327
5830765
5710217
5706607
5918251
5957408
5697137
5705810
5698864
5695854
5685004
5726791
5698678
5719371
5697804
5706288
5743687
5705158
5684004
5932421
3219577
2338843
2357163
2355994
2343386
2342698
2337265
2376381
2346496
2326698
2335531
2344794
2336515
2337374
2332454
2343007
2271297
2340672
2330229
2343445
2323664
2366668
2255201
2339548
2308030
2306587
2321514
2305489
2315314
2324815
2338539
2309477
2307811
2313044
2308382
2303021
2306623
2325612
2336961
2295567
2312861
2297733
2308207
2312632
2314112
2308205
2301490
2327334
2311447
2291722
2314057
2296670
2314492
2303860
2293178
2302608
2292037
2293322
2298327
2296829
2272578
2367333
2297894
2309438
2298010
2313969
2330484
2314624
2300445
2293170
2302596
2298167
2285297
2306260
2286923
2299632
2311266
2296206
2308644
2272545
2308485
2299478
2304756
2300477
2292468
2291296
2204255
2286246
2302366
2323864
2273754
2297599
2274226
2289835
2289045
2275136
2334618
2292260
2326530
2197186
2313801
2329821
2332567
2285849
2341893
2304362
2297897
2276266
2292450
2303235
2305161
2285012
2265638
2273294
2289746
2268873
2399376
2323062
2168736
2282707
2291235
2281888
2273014
2297856
2275554
2271685
2277270
2310555
2273981
2299695
2324720
2333865
2318449
2269615
2330334
2304738
2285220
2271404
2297158
2290711
2271965
2272287
2281108
2274457
2277920
2261772
2273822
2279414
2281323
2145829
2156453
2230003
2283175
2264468
2270416
2253969
2217607
2134865
2277107
2262378
2287240
2262777
2367740
2273134
2325590
2264343
2263813
2246110
2353038
2257272
2320300
2966323
2540508
2280223
2302807
2270437
2251552
2288161
2246041
2276876
2274913
2266574
2258390
2210719
2270211
2356500
2329823
2265975
2274449
2229179
2305378
2270215
2248771
2210741
2412435
2232882
2251671
2241851
2275699
2268748
2210644
2264913
2331158
2284911
2423455
2261428
2233236
3046439
2259111
2256469
2292788
2296947
2286720
2310400
2242988
2228668
2244796
2344242
2229933
2243041
2337860
2275748
2242887
2289411
2250459
2207823
2274322
2248808
2327197
2264190
2249371
2243569
2263437
2258691
2229264
2227209
2259628
2239550
2244176
2245908
2233110
2244462
2244777
2267379
2249067
2234061
2260782
2225382
2243011
2269185
2222704
2229586
2217229
2225271
2230951
2239092
2254940
2295475
2263659
2223015
2217932
2230571
2207203
2234484
2260337
2207727
2223517
2264155
2269999
2222875
2173988
2273567
2280946
2232269
2228634
2257798
2252342
2221906
2245062
2227089
2217645
2212314
2212648
2222505
2168542
2238465
2229165
2212209
2221748
2216266
2217482
2159333
2239405
2215827
2198680
2230260
2254371
2192515
2109119
2236599
2206561
2206525
2214501
2211091
2240263
2240672
2202346
2261169
2240703
2335142
2229028
2275279
2309471
2282651
2316773
2267800
2265885
2289824
2295584
2285297
2306559
2284859
2290945
2290092
2276721
2265259
2277099
2290521
2280910
2292254
2294641
2342650
2382746
2279085
2285626
2283500
2285254
2290449
2301843
2278764
2284692
2313882
2298376
2286518
2258632
2273321
2277335
2298950
2275277
2284714
2259761
2334529
2371913
2375997
2302954
2340960
2355763
2359278
2314098
2305063
2344022
2309558
2311411
2296675
2305669
2315233
2370228
2174450
2187119
2286326
2292935
2308414
2303604
2329248
2325346
2295553
2311682
2323086
2285317
2301172
2174887
2239615
2238909
2315621
2306138
2294531
2331615
2321891
2272495
2357506
2318405
2314651
2578198
2324200
2328340
2368310
2386634
2365447
2348471
2270184
2293075
2251205
2331287
2358166
2320179
2334257
2274591
2271716
2368116
2321439
5713920
5597440
5657440
5787447
5703908
6141552
5729534
7528189
6478460
5989681
5845398
6177658
5677194
5702664
5936908
5626193
5764784
5656724
5696087
5633194
5756145
5714084
5692420
5673537
5698990
5646128
5673176
5810627
5659484
5727300
5644517
5682558
5778864
5747567
5770327
5722814
5676597
5976025
5684847
5708208
5837300
5687777
5733137
5673247
5680387
5747610
5675000
5708460
5752708
5665867
5722698
5691121
6798954
5690360
5671484
5705670
5683437
5699361
5704198
8240905
8768186
6359896
6083834
7663879
5620447
5707111
5644677
5612520
6831704
6047895
5733004
5686807
5658264
5618433
6048985
5623147
5692081
5773207
5695004
5812281
4815136
2505902
2325127
2310650
2373433
2306366
2301301
2320165
2352801
2297648
2319439
2303370
2316854
2311749
2301005
2309304
2292820
2297738
2319707
2289930
2309976
2258161
2350501
2333662
2313355
2325009
2321849
2305903
2315253
2286564
2310816
2311835
2282546
2307653
2284172
2297818
2292167
2288581
2312317
2274020
2288041
2312219
2278933
2334405
2311689
2314148
2317363
2352099
2327225
2333125
2345456
2335375
2294029
2367261
2311469
2345621
2322939
2334732
2307038
2381844
2314806
2283616
2389720
2325063
2314457
2356379
2300057
2375179
2349752
2327616
2311154
2348009
2345424
2312760
2305421
2347515
2293583
2301015
2632807
2355982
2325244
2509540
2286363
3006236
2263006
2308254
2268075
2273078
2279411
2257829
2270856
2266765
2259717
2300737
2304336
2290649
2822642
2388890
2346708
2353212
2300934
2486149
2315254
2264207
2294188
2474798
2382872
2481537
2520766
2321298
2319526
3631415
3050943
2393040
2265100
2275026
2280104
2242628
2264825
2259715
2233046
2260002
2238372
2240379
2258080
2253284
2245942
2444739
2240516
2253361
2239965
2332015
2325455
2241348
2247921
2230323
2326298
2244598
2230791
2239465
2332951
2245765
2231575
2346867
2372969
2231493
2242941
2247624
2480010
2385599
2242921
2228535
2340587
2226997
2240858
2241736
2237406
2266591
2232747
2232680
2245626
2323087
2251878
2222556
2221859
2347402
2255329
2234888
2303870
2354630
2234944
2224976
2231344
2229495
2230777
2218854
2220298
2228913
2209778
2235140
2219596
2262625
2280268
2219325
2223239
2213391
2224898
4146338
2361819
2232635
2225840
2251473
2248887
2225593
2281060
2318015
2218833
2219340
2309973
2270527
2294300
2307840
2249739
2462163
2434765
2234395
2189397
2326320
2259747
2255872
2258749
2257341
2195161
2267048
2259306
2224814
2183808
2181542
2200597
2199129
2187286
2174211
2196796
2188854
2241441
2170823
2115292
2221375
2199952
2234893
2179943
2181327
2210148
2168558
2173963
2175006
2162687
2204286
2160774
2172850
2184069
2198828
2257976
2161965
2192250
2191398
2177360
2171128
2169577
2177215
2241809
2191607
2172849
2214856
2287710
2202058
2164854
2156656
2188353
2163450
2153042
2199124
2177548
2173556
2166308
2161464
2167482
2191602
2180509
2149303
2162630
2201179
2173707
2163177
2191811
2188216
2159856
2148120
2155679
2138597
2227236
2260612
2158174
2188139
2191649
2167558
2140794
2141675
2157269
2188112
2185402
2178127
2237287
2207595
2161111
2151831
2159825
2191098
2147758
2156294
2142255
2259200
2300727
2192347
2147985
2136264
2191942
2144211
2145370
2143030
2161649
2252604
2135077
2183926
2103655
2206005
2153443
2151005
2150912
2158388
2112957
2177620
2161190
2139580
2178351
2141568
2128318
2137221
2163517
2138284
2248606
3016545
2184643
2140565
2152671
2134553
2174569
2183856
2162318
2140665
2149199
2149596
2147284
2135295
2146365
2137604
2145274
2140367
2246602
2181511
2141636
2139647
2116460
2126492
2194118
2111091
2129829
2110484
2144320
2209127
2158346
2125970
2114995
2149683
2117069
2122832
2114097
2124805
2231001
2124485
2115178
2112703
2147313
2128677
2122735
2117305
2119297
2133504
2117757
2105523
2114464
2141628
2119926
2134809
2107120
2154302
2148755
2080810
2091845
2084968
2109837
2098475
2123275
2106647
2133287
2116080
2104749
2100232
2104261
2110764
2170068
1994842
2124536
2125976
2142451
2118615
2176179
2168125
2043111
2125393
2096786
2105406
2128011
2100592
2132851
2139043
2122236
2092715
2132965
2184465
2229922
2144616
2103015
2108730
2211771
2186123
2124070
2110662
2160165
2090530
2142067
2131177
2255969
2168879
2228465
2178369
2160649
2188251
2182392
2198010
2167182
2188084
2183335
2193885
2200848
2168883
2200567
2227316
2185341
2173327
2159245
2212054
2184929
2195702
2208812
2226737
2217787
2165072
2230699
2157507
2181213
2177967
2157210
2214065
2158108
2165391
2179061
2170026
2175401
2134937
2156453
2176670
2260185
2164509
2155613
2168315
2135685
2152674
2197308
2131332
2190692
2119852
2225971
2177278
2098368
2190347
2148741
2153468
2147533
2163989
2153632
2160449
2203568
2131012
2115193
2164131
2166260
2182022
2119635
2153681
2153208
2151660
2140259
2143285
2133144
2157515
2133610
2144078
2239163
2203206
2178924
2169798
2212681
2120524
2107245
2203647
2110927
2188206
2115385
2221779
2121979
2132124
2132125
2167347
2128483
2151473
2118386
2151229
2144948
2158580
2053270
2123097
2124645
2131394
2128199
2111808
2123537
2111849
2123390
2102706
2111693
2116146
2227080
2121669
2142232
2129238
2124973
2367127
2144254
2100228
2143608
2099103
2131646
2118146
2122713
2131677
2102348
2141050
2003582
2100333
2076620
2117761
2108592
2121302
2142869
2099017
2132821
2088433
2119005
2089953
2111277
2097047
2112300
2124733
2093139
2112230
2101136
2110002
2119277
2097275
2105959
2096828
2131980
2086679
2112306
2086378
2060904
2072478
1976251
2381613
2094484
2103581
2126431
2110960
2091423
2106813
2092604
2099191
2172670
2138098
2104099
2084469
2125048
2102326
2116777
2111429
2027832
2170291
2093362
2096763
2084492
2138793
2088841
2088053
2096013
2085067
2094461
2083737
2104575
2080439
2104414
2088336
2097079
2059619
2084196
2096665
2082855
2063133
1998930
2128311
2062097
2104606
6198584
2105608
2087970
2154647
2130254
2178284
2092679
2087326
2073897
2079502
2108368
2085062
2125920
2084626
2095664
1950393
2111582
2159759
2090540
2075584
2076059
2076126
2341359
2092305
2104214
2083253
2095744
2133780
2003631
2077722
1880020
2020535
2103517
2073430
2104370
2075525
2072483
2252938
2101262
2103221
2059027
2118079
2140911
2154978
2037500
2081768
2066894
2072821
2126704
2067254
2068061
2060325
2070195
2060614
2075056
2065890
2071431
2056839
2464757
2091354
2055376
2089153
2062217
2068445
2061816
2325744
2095874
2050249
2111870
2054603
2089178
2118351
2024749
2082585
2069617
2066830
2052520
2070570
2075403
2135080
2055515
2061527
2058124
2065236
2065745
2050692
2089428
2062379
2058755
2051674
2059424
2076238
2066223
2056251
2059653
2060463
2045953
2058337
2045656
2051928
2078566
2057125
2044457
2057190
2052172
2058901
2054709
2058060
2048910
2050798
2052961
2043548
2056550
2048262
2069075
2045679
2056824
2060110
2052649
2045171
2047981
2066351
2044025
2056577
2040980
2052788
2039588
2048444
2053029
2043935
2054309
2038099
2057739
2061434
2050224
2036717
2064112
2042971
2055465
2049413
2036379
2075239
2035692
2074619
2055784
2051862
2033902
2052419
2044782
2035689
2065587
2031831
2090533
2086164
2076763
2056278
2037999
2583093
2002287
2049867
2030931
2063946
2046636
2028732
2055864
2027755
2044398
2018438
2060777
2043195
2038858
2033553
2011877
2029508
2045272
2029506
2027250
2034706
2021748
2035587
2034615
2037795
2033943
2040739
2022386
2034564
2020057
2034412
2047584
2031712
2069526
2052415
2029479
2018839
2028243
2022528
2024207
2016856
2023654
2020193
2050897
2027380
2033063
2027822
2035052
2045267
2010614
2010551
2011192
2019726
2016750
2015396
2036145
1942220
2038278
1855673
1995169
2003778
2024325
2006361
2036799
1986802
2024293
2014537
1977587
2014252
2036579
2013607
1998651
2029633
2001279
2037764
2008448
2066522
2003338
2021120
2007903
2015721
2089394
2414132
2076520
2038051
2017159
1992320
2002776
2048984
2011647
2001903
2004499
2351350
2028060
2017583
2034137
2072063
2012145
2053513
2014707
2019706
1982144
2026730
2004731
2145443
2138604
2127526
2134324
2129028
2188584
2186327
2133303
2148284
2122494
2175510
2113619
2197696
2127459
2114112
2146761
2126820
2136274
2120520
2131723
2130924
2186526
2136408
2126657
2131345
2258841
2169864
2125316
2116955
2147536
2124245
2138204
2136613
2118880
2158788
2092388
2145749
2145434
2144245
2121289
2116907
2130692
2094248
2111082
2095264
2110369
2097816
2091715
2084416
2123930
2112200
2077269
2103433
2080774
2090837
2100746
2151665
2095838
2094068
2091801
2069442
2106344
2106008
2088814
2066833
2099028
2094727
2082668
2080657
2068467
2085294
2084923
2073129
2091559
2089691
2083794
2072183
2088817
2072973
2086148
2068019
2079110
2091164
2107751
2076003
2044661
2107278
2061081
2079020
2071925
2074180
2103398
2066613
2095832
2114291
2078377
2066638
2084161
2099446
2106688
2072260
2075413
2091395
2056471
2070165
2065336
2076489
2060689
2062316
2099494
2083431
2070473
2063776
2079723
2059648
2083983
2050834
2078431
2057024
2068927
2069981
2074077
2073284
2047633
2104486
2049393
2065423
2088005
2126457
2120834
2128244
2123217
2165112
2184875
2125264
2139562
2112413
2132190
2126874
2079925
2124142
2134027
2134218
2057948
2110903
2123935
2110889
2175102
2112050
2113544
2117450
2110469
2121859
2094669
2138636
2125514
2122090
2099623
2117548
2120851
2104413
2133650
2102958
2104318
2111730
2144698
2115928
2118987
2147849
2109620
2121531
2107441
2136968
2128429
2156898
2156051
2103610
2112537
2067876
2104552
2113587
2139656
2145889
2102449
6220513
2617011
2127728
2536456
2114769
2129317
2385236
2221759
2311592
2097829
2105972
2131419
2113420
2123485
2109989
2102000
2168695
2105477
2094910
2117297
2144019
2105256
2112186
2105889
2099960
2094669
2105530
2111011
2118645
2091676
2101112
2105832
2121443
2072567
2111339
2077894
2067391
2066024
2092945
2067193
2057402
2097002
2068680
2102936
2075086
2050287
2060591
2056073
2105997
2059286
2133081
2093497
2054881
2066008
2045398
2096864
2057125
2180735
2101027
2071555
2055170
2043169
2124649
2056965
2097019
2099984
2058231
2044655
2141785
2450731
2508502
2754642
3101599
2592824
2761101
2053506
2030137
2149926
2244103
2114897
2061469
2091443
2047218
2053276
2112044
2048509
2031439
2006061
2033402
2051452
2046163
2052402
2029231
2087363
2045161
2031608
2048824
2048851
2048204
2027124
2037928
2034387
2107069
2044658
2056144
2042001
2089950
2048433
2024920
2051374
2025317
2087908
2050923
2040154
2045499
2029379
2053151
2018266
2019961
2008337
2036403
2016537
2035668
2006436
2019923
2042589
2217661
2039046
2006429
2013677
2046527
2030786
2005068
2025937
2031895
2057477
2004193
2020333
2000399
2038627
2033076
2000446
2043887
1998125
2043443
2004393
2019680
2033895
2055369
2057389
2051758
2000970
2019004
2059370
2004106
2014657
2002848
2035451
2036839
1996260
1993576
2011551
2000409
2014331
2013061
2048239
2064521
2040910
2007999
1987070
2020427
1987915
2039190
1997387
1946958
2032793
2017313
2008581
2054063
2017252
1983658
2049019
2052233
1999087
1991610
1991483
2020036
1999501
1993149
2022981
1985494
2000640
1991164
1998746
2000657
2002849
2066945
1985264
2060979
1996082
1990547
1985031
1986327
1995440
1980294
1992995
1973585
1996311
1975030
1991931
1982934
2008229
1978481
1993993
1970100
1995660
1977235
1984404
1948837
1971791
1981737
2059095
2073511
2046297
2052142
2047264
2059527
2020388
2067697
2066191
2053833
2047323
2083159
2047903
2144970
2071416
2039979
2048205
2039610
2054978
2314301
2083079
2055066
2029332
2054823
2065988
2061017
2040597
2047747
2043153
2100644
2050391
2140903
2054858
2031513
2045850
2035078
2050027
2351905
2841173
2066542
2037955
2067293
2030494
2042981
2049074
2049856
2035876
2020740
2059805
2016909
2041532
2029764
2074757
2029275
2036609
2034762
2064061
2052205
2023874
2061064
2017041
2030971
2026187
2029792
2048952
2045881
2056012
2030919
2049235
2017760
2031205
2038750
2025157
2019662
2041759
2011992
2024983
2018553
2028903
2029448
2013677
2145671
2023451
2024538
2019519
2023731
2024650
2025189
2030871
2034718
2066234
2010750
2091349
2013806
2020902
2057422
2023750
2016272
2016353
2067377
2017578
2029418
2039556
3125221
3180380
2942545
2027250
2046580
2081845
2019649
2003202
2235519
3104622
3231162
3198047
3241783
3208180
3213967
3018158
3248513
3231836
2146070
2009806
2006287
2017724
3090556
2651361
2697034
2025960
2011856
2015173
2921972
3130919
3120886
3272200
3102292
3129691
2990670
2344234
2955638
2944249
2868327
2436200
2110586
2167130
2851882
2982457
2970195
2968526
3017248
2991127
2617260
3085109
3145460
3055037
3089128
3112440
2544563
2032765
2077496
2014329
2249517
2709591
2024653
2019745
2038679
2873051
2826349
2014857
2018056
3148312
2622208
3074455
3164114
2645302
2033238
2227189
3168315
3182525
3226603
3028158
2074034
2077926
2092857
3085263
3162654
2317144
3398918
3186973
3167895
3168490
2199303
2261366
2012675
3079861
3185483
2481315
2136530
2006586
2017043
2212359
2245967
3004873
2071779
1982175
2003392
2203309
2063342
2001793
2009723
2021769
1982245
1994247
2015200
2005425
1983997
1994214
2033669
2009457
1971994
1981696
2068446
1973571
2037976
1995803
1987427
1977230
2001588
1970560
1981243
1975583
1988549
1990403
1993951
2007414
2001030
1979331
1986992
1984542
2154458
1982188
1971603
1990649
1974253
2017283
1970550
2012112
1961782
1985285
1971895
1978265
1999842
2086872
1973140
1949801
1957262
1954792
1965719
1950147
1975091
1951223
1957595
1951931
1957939
1952388
1963389
1946846
1968047
1987035
1973567
1975438
1952990
1947963
1943517
1952108
1948973
1962140
1946176
1965765
1946525
1961953
1949554
1953987
1955735
1957120
1949520
1962547
1949760
1965339
1993902
1962195
1954367
1970651
1946817
1948196
1953587
1945672
1957766
1945988
1955267
1948228
1951522
1948119
1956547
1947058
1951096
1942007
1960425
1931881
1953455
1941939
1978385
1945081
1958028
1938830
1948481
1958812
1929270
1958564
1934792
1939130
1947720
1947820
1931639
1948823
1936701
1944048
1937136
1940258
1930272
1944619
1932185
1942517
1922417
1941567
1934271
2012274
1968830
1950770
1954947
1929272
1935955
1941226
1940029
1921223
1940299
1922658
1939918
1929997
1960263
1936530
1942120
1921811
1931189
1927568
1927133
1917164
1932366
1919944
1936900
1923111
1985114
1921917
1914597
1926168
1907764
1951147
1938046
1932344
1917109
1923035
1918472
1947618
1922254
1943115
1915534
1938603
1917557
1923051
1919066
2476089
1953419
1934458
1955654
1916916
1957702
1953151
1927123
1921512
1924354
1915308
1947606
1928525
1954003
1908733
1932175
1913925
1921943
1918174
1930723
1918624
1918602
1909649
1937652
1909292
1918911
1918294
1915747
1904317
1942652
1917932
1925290
1923516
1915879
1911948
1921124
1915883
1914260
1907550
1931290
1902970
1912846
1912688
1901123
1917915
1901015
1912172
1952956
1916301
2038888
1915092
1900650
1915568
1921347
1926400
1918418
1919413
1903707
1906464
1914990
1897733
1981589
1895097
1915500
1920159
1920188
1908345
1903189
1902079
1935145
1894093
2024646
1892040
1901456
1900839
1897233
2267909
1925636
1907060
1918927
1893879
1901936
1913827
1896099
1929263
1900588
1895219
1904341
1890224
1909482
1899876
1972373
1898453
1882503
1895992
1913747
1911604
1892768
1892507
2072346
1903987
1894513
1901973
1881422
1906042
1900452
3124810
1892764
1907471
1924741
1932671
1892687
1891718
1897895
1945429
1895883
1888418
1905776
1915909
1929165
1881652
1984841
1889802
1897141
1906283
1888177
1885851
1891182
1879245
1963902
1884603
1891392
1879970
1917211
1880258
1883451
1892827
1903984
1869791
1892503
1853927
1884482
1884221
1882566
1876751
1882335
1881876
1882424
1902965
1885839
1874060
1935527
1890563
1890484
1882620
1885149
1869455
1865424
1872170
1880979
1876957
1861596
1868610
1869756
1867566
1874287
1876695
1876468
1891287
1854569
1894085
1889833
1871034
1888082
1873688
1975477
1880407
1875461
1876457
1854151
1879944
1865658
1875777
1977748
1874891
1859774
1865254
1859912
1914478
1964055
1916571
1864144
1868873
1898158
1871968
1866923
1900455
1858613
1965569
1854851
1903098
1900100
1875773
1827053
1875379
1855028
1904878
1853246
1900211
1860885
1929555
1826605
1880726
1889486
1992740
1851426
1872340
1867187
1914615
1857837
1862380
1896618
1873237
1905902
1862906
1911389
1817497
1934504
1887357
1851479
1885967
1845292
1861499
1904318
1858822
1859152
1866659
1845502
1904784
1848084
1850849
1943976
1838860
1905937
1845965
1842480
1856810
1837410
1925858
1866886
1867684
1872910
1855127
1888680
1853804
1856668
1870851
2102815
1917038
1898360
1836902
1838911
1839383
1884517
1847234
1832583
1862037
1868046
1835131
1856502
1846731
1841220
1845840
1842869
1825118
1840923
1856785
1859444
1901071
1850358
1834407
1842843
1836544
1870197
1906728
1864244
1840362
1848852
1826899
1836329
1821736
1846764
1826567
1835921
1848627
1831487
1823571
1825203
1841454
1823883
1847155
2093754
1831276
1835584
1826545
1859921
1846254
1839744
1795654
1848531
1813546
1838789
1818293
1871145
1843449
1932926
1843382
1829216
1836858
1868016
1832381
1886841
1848264
1835254
1908727
1821107
1848488
1814519
1827791
1832560
1836566
1810295
1857446
1817457
1817003
1808873
1819800
1838303
1827076
1820301
1826631
1807610
1812345
1804344
1831714
1946577
2047821
1895325
2109220
1827789
1827569
1821300
1880570
1818166
1824584
1829954
1826482
1833167
1840415
1820777
1916631
1818359
1948840
1851622
1888899
1838836
1857261
1806527
1902899
1825752
1818767
1835129
1815296
1839171
1833184
1809946
1817782
1840354
1826929
1848290
1823449
1824444
1819718
1802340
1849709
1826948
1822019
1808539
1811491
1823808
1815779
1808456
1808382
1833445
1820581
1824762
1842888
1852964
1847483
1808260
1809388
1819581
1873908
1805855
1823869
1804530
1798135
1751840
1831223
1863277
1801688
1810943
1876292
1773473
1855419
1815590
1799035
1813544
1816404
1802398
1799240
1803714
1844761
1807357
1793946
1836481
1788653
1801227
1786610
1797933
1794770
1800042
1796185
1820980
1799003
1803464
1790508
1809664
1797136
1798736
1789314
1804423
1793815
1796126
1793931
1787752
1787866
1793777
2082819
1893604
1789716
1790773
1793065
1790802
1794368
1783099
1905125
1823952
1801223
1792407
1803915
1797941
1802312
1786400
1809096
1840767
1810113
1782660
1835415
1779202
1800720
1791419
1794762
1851678
1741231
1797053
1791638
1764282
1811969
1794836
2399247
1812311
1789073
1782644
1785379
1791540
1799024
1778086
1817923
1781610
1791105
1777063
1782371
1784310
1784305
1784670
1787308
1789136
1778084
1796038
1812556
1807551
1758067
1706387
1813149
1805773
1774528
1857272
1802352
1760797
1849337
1788438
1770262
1874611
1775480
1788120
1776988
1783757
1770788
1788387
1785296
1779719
1769195
1800467
1768673
1781458
1791070
1768303
1782355
1776369
1892903
1772462
1776395
1770334
1778724
1767851
1773615
1767140
1794082
1776564
1781571
1767869
1781971
1788652
1783437
1777382
1789779
1785275
1764349
1769837
1772205
1773820
1770907
1768360
1764188
1787445
1707701
1783521
1820476
1774796
1765796
1770606
1770674
1761379
1747170
1762409
1750304
1782132
1752685
1753401
1776772
1849152
1761491
1744031
1758629
1746911
1750709
2165722
1786548
1862720
1784471
1804039
1764678
1744237
1750021
1767945
1760119
1749251
1793823
1746863
1750817
1744434
1760103
1769941
1793858
1786885
1778284
1767703
1774184
1758787
1738252
1773907
1742310
1848086
1756171
1770605
1739399
1755275
1743363
1751063
1788710
1745784
1737516
1814207
1730718
1755880
1730986
1744222
1750599
1737109
1763430
1804197
1756421
1743285
1757500
1764398
1801317
1737034
1765537
1772353
1765514
1769422
1756378
1749965
1727626
1730833
1738244
1727027
1756448
1744434
1733697
1759509
1732831
1765489
1724400
1768729
1843288
1754377
1731101
1739569
1734127
1773685
1738423
1720066
1749178
1723358
1745468
1788577
1751418
1750470
1767653
1743612
1745172
1737391
1736638
1722319
1785793
1722200
1738326
1751789
1727574
1740525
1722244
1736913
1765907
1744493
1734642
1753818
1801489
1795355
1724546
1731682
1749498
1729901
1770147
1745641
1715103
1700323
1709791
1712915
1702572
1715859
1715270
1711634
1715748
1716394
1708447
1693678
1706505
1731902
1733928
1700667
1759525
1749819
2106895
2463328
2460893
2564080
2017130
2195787
2215415
2295804
2328442
2281338
1716519
1680021
1700800
1681127
1760725
1715085
1737336
1680949
1689432
1710922
1717088
1706444
1717485
1732862
1676374
1702134
1677696
1683526
1679657
1699936
1688723
1664703
1725987
1671587
1719375
1676757
1730191
1675496
1682078
1677078
1715512
1678886
1678695
1670315
1705353
1749111
1695171
1693168
1677165
1709222
1705944
1705964
1701239
1702163
1726904
1703065
1712889
1747470
1709012
1698433
1722881
1702157
1707816
1771146
1712086
1703180
1722587
1719895
1699575
1739256
1694800
1711958
1702645
1707338
1747354
1709746
1692507
1688039
1706636
1695832
1708341
1697542
1699961
1725423
1717133
1694769
1725276
1717667
1725678
1847449
1819012
1687052
1711115
1734440
1738445
1726238
1699222
1698617
1685673
2186814
2068779
1977128
1955805
2003730
1822466
1701174
1734097
1683773
1702682
1688250
1794766
1696237
1728617
1697744
1709866
1744415
1691226
1694628
1705406
1739792
1688398
1721369
1680512
1718760
1696615
1681705
1714999
1733687
1720765
1757874
1706576
1693942
1727320
1679021
1694796
1684885
1679501
1705622
1697651
1735439
1692889
1691339
1673370
1718235
1680765
1679463
1679938
1678274
1690720
1680169
1683261
1667951
1683359
1672317
1737035
1672010
1678974
1838216
1673352
1705859
1699298
1704069
1674876
1684006
1678494
1705740
1704955
1708259
1676988
1680394
1670885
1698880
1681354
1671851
1702187
1667385
1704937
1675491
1727123
1673430
1677008
1684009
1693508
1702477
1688847
1756360
1685619
1719766
1674293
1693827
1753417
1823662
1673023
1667556
1662608
1790811
1661535
1726388
1830760
1773784
1657139
1659623
1657812
1723436
1683808
1698718
1654123
1626444
1731777
1703057
1695530
1675973
1752942
1672934
1656006
1801112
1737246
1712341
1702826
1651133
1768770
1665285
1660510
1662580
1675497
1685011
1662056
1652193
1670521
1687426
1664886
1653361
1673063
1681821
1674119
1741858
1651862
1675023
1669191
1686356
1606000
1732859
1673860
1734377
1672100
1773996
1720398
1708194
1710020
1711527
1732103
1716858
1680425
1712393
1699064
1730422
1793568
1734255
1703851
1687145
1726419
1744567
1689805
1742688
1690414
1706964
1679547
1704597
1715760
1719661
1711856
1752866
1677383
1681678
1678058
1684691
1691164
1679941
1712736
1680582
1747167
1679907
1692844
1716533
1698731
1740181
1751779
1686233
1746904
1701000
1708159
1766796
1681642
1742813
1700568
1706728
1713793
1715529
1705563
1723344
1703697
1717615
1698122
1716854
1689607
1694580
1705246
1695583
1763613
1742771
1700303
1705331
1707308
1686569
1708537
1689958
1704441
1694658
1694620
1711281
1709405
1704270
1725813
1718377
1684924
1727641
1684320
1703374
1684865
1689367
1705708
1694595
1704656
1682000
1701107
1696165
1703795
1681839
1702562
1729211
1761665
1733242
1687499
1730477
1682038
1772923
1681957
1755141
1679792
1705068
1683315
1720039
1689106
1716225
1693187
1714478
1764158
1692590
1700044
1686763
1688453
1687588
1727412
1723063
1734776
1696820
1678835
1685067
1684556
1691389
1690182
1709130
1679372
1710840
1681692
1683131
1676777
1696851
1674996
1678742
1688830
1685266
1753390
1676630
1683127
1688472
1684748
1867667
1680237
2111513
1678313
1662430
1704584
1686474
1677990
1679836
1707603
1675050
1749963
1937394
1873309
1795859
1795751
1789207
1793172
1817988
1887450
1810410
1789865
1822967
1848148
1868516
1797556
1819284
1830971
1808100
1793885
1860605
1954705
1806365
1787413
1803398
1838715
1830476
1794139
1862847
1904083
1799187
1789201
1799334
1807967
1838237
1792269
1799162
1917136
1802502
1791966
1794862
1811716
1812654
1784826
1808707
1897238
1806369
1844083
1838544
1818163
1847817
1807775
1835924
1875454
1803961
1790786
1804260
1778707
1804510
1784220
1787208
2081500
1805838
1798077
1817217
1779101
1782304
1798957
1784468
1793720
1785143
1797352
1783358
1828666
1789308
1790871
1781527
1794534
1775813
1791511
1787243
1843211
1779766
1809769
1784249
1799369
1778312
1791939
1832175
1802262
1803523
1801244
1886331
1789428
1844451
1799805
1776595
1824954
1815158
1798147
1783013
1830596
1783792
1804406
1767844
1842142
1895703
1810041
1774292
1787617
1808797
1800775
1806124
1763175
1797257
1772167
1784434
1772539
1805915
1790950
1824888
1769649
1860871
1840605
1786236
1788414
1785289
1806093
1801299
1777027
1800491
1779841
1774636
1770084
1793513
1781652
1819358
1763106
1797112
1761182
1789234
1760286
1760758
1776807
1747975
1770267
1759820
1802015
1761844
1802609
1761474
1788311
1755676
1775098
1762408
1777114
1755172
1777999
1755564
1853270
1752307
1785625
1796806
1825858
1743463
1767631
1744017
1750392
1757756
1747917
1760355
1746037
1765280
1745826
1748326
1735205
1775494
1739513
1760591
1740565
1761720
1748645
1749470
1746937
1778497
1748167
1750570
1750493
1774700
1755465
1773993
1756532
1855992
1759331
1776689
1755702
1747162
1769347
1778658
1771431
1762900
1779533
1753538
1756178
1757833
1761340
1753507
1759436
1746606
1765372
1745293
1764222
1748098
1753688
1743472
1746688
1750090
1743807
1744159
1741632
1741832
1728588
1740532
1753869
1748358
1748421
1740938
1733572
1740163
1730029
1759568
1724407
1726973
1731746
1729380
1739128
1738666
1734561
1725160
1737260
1721393
1751213
1733441
1735055
1722389
1726614
1719927
1721138
1719218
1731999
1756177
1728364
1731990
1723769
1729994
1732402
1731372
1738828
1728064
1721468
1734543
1714466
1889392
1779221
1778720
1780143
1787287
2178159
1828779
1808427
1796908
1785367
1788193
1804009
1795148
1789795
1799429
1803405
1782264
2003484
1840438
1782721
1793619
1950365
1796300
1896610
1819639
1784526
1794786
1816216
1785889
1788839
1784973
1820548
1821458
1801803
1779663
1857948
1782112
1775598
1770691
1776994
1806000
1816000
1776709
1871658
1787710
1785670
1771655
1783366
1817512
1838566
1775313
1827226
1773320
1784180
1775903
1776969
1836705
1802622
1791104
1820213
1764832
1832378
1768905
1784305
1774996
1890812
1829634
1807073
1781000
1792007
1828246
1834486
1809177
1815274
1762121
1782560
1767977
1789400
1814990
1779005
1812397
1794824
1786206
1790695
1794850
1777564
1778951
1769930
1814388
1842683
1827534
1776284
1850026
1756366
1789449
1770012
1774416
1767469
1770755
1763074
1815234
1763289
1782193
1756350
1772634
1754417
1825590
1768185
1853672
1803048
1785084
1788708
1946886
1761587
1773004
1760262
1884525
1816946
1797270
1754040
1787181
1756320
1775744
1799242
1793900
1765993
1771406
1757410
1773561
1772765
1775994
1755769
1846951
1756476
1812709
1750475
1779842
1785984
1756903
1761333
1753877
1773059
1749190
1761990
1748182
1956355
1777273
1765728
1751907
1752187
1740408
1764680
1738046
1864951
1818450
1768545
1739085
1758038
1759728
1742746
1737955
1744565
1733167
1741057
1743662
1752197
1745714
1740274
1760392
1772178
1748798
1734652
1748159
1730970
1753879
1726046
1759193
1735547
1744559
1738315
1741740
1738488
1725746
1749467
1743718
1746084
1734344
1739004
1737399
1752043
1746166
1742699
1730096
1742723
1728605
1773703
1727523
1738730
1726854
1732180
1742362
1733434
1742636
1725751
1752185
1754916
1718693
1739361
1726513
1732590
1734287
1734974
1727655
1723178
1724729
1723114
1750874
1724304
1765746
1726045
1732861
1742756
1732248
1728630
1740859
1724091
1732253
1713521
1735645
1739284
1737141
1720026
1723339
1747163
1733017
1739759
1735986
1734251
1718716
1842235
1721928
1726286
1719200
1746374
1717483
1726522
1716197
1789781
1717593
1752759
1746197
1742772
1752682
1760677
1725908
1865319
1739473
2132434
3757468
3733872
3921699
3768374
3775568
3704094
3830761
3736129
3844284
3733954
3795625
3743522
3730468
3735931
3796348
3743141
3731438
3820854
3736338
3756358
3779445
3813131
3743488
3719711
3746504
4137459
5689144
3921715
3841464
3810155
3789621
3729942
3770294
3755458
3756495
3725631
3751241
3751889
3853438
3733422
3728362
3765914
3740424
3773661
3729068
3742328
3711061
3732994
3720688
3714014
3747145
3729801
3992335
3721201
3688065
3712611
3748838
3685048
3686328
3693807
3710981
3683078
3697764
3681182
3684094
3716581
3703134
3708768
3702888
3742191
3700752
3751428
3721144
3692648
3690051
3706845
3680661
3676931
3861405
3727679
3689081
3728704
3720624
3695777
3676851
3696744
3714261
3703941
3703048
3701228
3736728
3680894
3757358
3689865
3696108
3707801
4103213
3706997
3709778
3818128
3783252
3817358
3703837
3787589
3724687
3768902
3930199
3720155
3673718
3834538
3670508
3667601
3709454
3751008
3749088
3672007
3711114
3905312
3780578
3779601
3765088
3671371
5616004
1522645
1519004
1517427
1591532
1578018
1505340
1501993
1503234
1523092
1552027
1504973
1581936
1537177
1701985
1508396
1518035
1506898
1497361
1516955
1496682
1513246
1530271
1529691
1495837
1513593
1520297
1514906
1511581
1503972
1496930
1557792
1502283
1764934
1496145
1521824
1491771
1539192
1525540
1501586
1510553
1506237
1502037
1534264
1520439
1557657
1489224
1583740
1492603
1556154
1508031
1503812
1508332
1499634
1516017
1536682
1519418
1510926
1491611
1496328
1499095
1495268
1509492
1512287
1489054
1517930
1491318
1509877
1487592
1499666
1487911
1489352
1513279
1468425
1543518
1611953
1484550
1535182
1490568
1501974
1484289
1489633
1499651
1483743
1501107
1572448
1498246
1493632
1486076
1492557
1488765
1521553
1481432
1487786
1528152
1492196
1529196
1495506
1499592
1490402
1478570
1490048
1491712
1550709
1479242
1512603
1500060
1489917
1491593
1480201
1485583
1484030
1482161
1506589
1485762
1500348
1486106
1482661
1498441
1473427
1485725
1473631
1494707
1483232
1516351
1489350
1547809
1523717
1497584
1516003
1494002
1500576
1499860
1477490
1478243
1486757
1486777
1494049
1527156
1472602
1517332
1468842
1553742
1512721
1480859
1517334
1472999
1535357
1466974
1463564
1503962
1494409
1482680
1466000
1472274
1658238
1501985
1506730
1489530
1482561
1583139
1465933
1489357
1462591
1560753
1466166
1473021
1479204
1466370
1480825
1492726
1474170
1498288
1490783
1478627
1469085
1472045
1471819
1468901
1495329
1499456
1478312
1468802
1485668
1461177
1487148
1471038
1454688
1470927
1511323
1459913
1501658
1457645
1488228
1461244
1452496
1469538
1455919
1467723
1525481
1459613
1472546
1457357
1482450
1461283
1459684
1544750
1478854
1485242
1474413
1451868
1491011
1446743
1453815
1437823
1442349
1448975
1457328
1487324
1437006
1430761
1449667
1446373
1450516
1454919
1433666
1457161
1434914
1500713
1441684
1467833
2024203
1428453
1472887
1464667
1364236
1464714
1536638
1461598
1447729
1439328
1433379
1431037
1453154
1433934
1439145
1436395
1454673
1444891
1432694
1424819
1492317
1427908
1441650
1533052
1428748
1455033
1423957
1442078
1425957
1475733
1547972
1587279
1581537
1617441
1447053
1431493
1430530
1645391
1428846
1654845
1419306
1582589
1422320
1423149
1449314
1421049
1442029
1421818
1497606
1450487
1426855
1437910
1421595
1425104
1432889
1427083
1434153
1419968
1531183
1439874
1459149
1445023
1423622
1426981
1434702
1633108
1472026
1433952
1491183
1442751
1425064
1580115
1472103
1483043
1434150
1424876
1427501
1415645
1495375
1460985
1451334
1435825
1417685
1491726
1490163
1410835
1459087
1414070
1450128
1425078
1424082
1412374
1425270
1420110
1436270
1433082
1429497
1426222
1446957
1503105
1410243
1409654
1439876
1420006
1422103
1423144
1411957
1471226
1412487
1432416
1421639
1446646
1448803
1472157
1447362
1409737
1415024
1422391
1413432
1412641
1416674
1409345
1453582
1437965
1431269
1407934
1449133
1436929
1408280
1434073
1414284
1407920
1431848
1808523
1897587
2082379
1780649
1857974
2057938
1715202
1510554
1413031
1421546
1403379
1406380
1414233
1412554
1422633
1436897
1445627
1421093
1462697
1407085
1421289
1484317
1481515
1410959
1418904
1501965
1406680
1431020
1413828
1443613
1442965
1432457
1439071
1447441
1427136
1471016
1424043
1434433
1430711
1421400
1427545
1424941
1423137
1495763
1505371
1529547
1407476
1410492
1413529
1401898
1440202
1402980
1404250
1412490
1406821
1554471
1423822
1398731
1390767
1520112
1457641
1408025
1388706
1402420
1450005
1466228
1426352
1413890
1411800
1517203
1395001
1410015
1384767
1387765
1374506
1469254
1402700
1383907
1413848
1363442
1372604
1405165
1386711
1371515
1364741
1379109
1446648
1395001
1349665
1335690
1335184
1414722
1358984
1382535
1364900
1358910
1373888
1368239
1340867
1368657
1344458
1378096
1357829
1335992
1347275
1353349
1411072
1398504
1352810
1354283
1336226
1328829
1340643
1324002
1356487
1350579
1326829
1357168
1324928
1333445
1336644
1462036
1331085
1347584
1406718
1338151
1346567
1355314
1373802
1345678
1334192
1358164
1334333
1335761
1351064
1366513
1349408
1327531
1327842
1364240
1322031
1329611
1426981
1325493
1348957
1323111
1350141
1334274
1328634
1358993
1331940
1319129
1331763
1330611
1340478
1336437
1342003
1395745
1321527
1367393
1357892
1317673
1319661
1329287
1419096
1343587
1320297
1335088
1341789
1435590
1357178
1341606
1372194
1334770
1318841
1327354
1338170
1320559
1311174
1359697
1332223
1315307
1360198
1315301
1352172
1321259
1320862
1333044
1336228
1330488
1345262
1341635
1331909
1337339
1335134
1352813
1386163
1387174
1398041
1371136
1380284
1378762
1376302
1380568
1373421
1365801
1386327
1366607
1380527
1364984
1343204
1419623
1392233
1365763
1375012
1419980
1373218
1368475
1364916
1376206
1362694
1404543
1380641
1362720
1378005
1380896
1383667
1371297
1383406
1359702
1398986
1309138
1411498
1358464
1294562
1396836
1334289
1390136
1370159
1358123
1371888
1380174
1375121
1369124
1357062
1389256
1359828
1366635
1407297
1371524
1405652
1327428
1395768
1383269
1378467
1386815
1418040
1372950
1380034
1361832
2320482
3545341
3314550
3377541
3436330
3320330
3313200
3304864
3332680
3327336
3318677
3317034
3318266
3342781
3290092
3343054
3913289
3317587
3307137
3309533
3305783
3295746
3341000
3307693
3649637
3315644
3285403
3297730
3299310
3307997
3318037
3311673
3305893
3449461
3295570
3574760
3348037
3397253
3320667
3360710
3325863
3337587
3562441
3625054
3352793
3320280
3428417
3330533
3322100
3362760
4066549
4116706
5082388
5161805
4953485
4906198
4974442
5222892
4959145
3351527
3324243
3394147
3467647
3417990
3719744
3552630
3343946
3554634
3375533
3389764
3390003
3321497
3415080
3379796
3306157
3349924
3343167
3320857
3324400
3344720
3493311
3730458
3637245
3318696
3374740
3397173
3333933
3335523
3366393
3323597
3310104
3327650
3324314
3283520
3288747
3325357
3327927
3304957
3333206
3469084
3433780
3954489
3514234
3307670
3281173
3298047
3250183
3290423
3294786
3315994
3351560
3482348
3300343
3382670
3290676
3263357
3283976
3243316
3292637
4159409
3516804
3374907
3484208
3407959
3371014
3395247
3391780
3402770
3481268
3576507
3485868
2089075
1415091
1397552
1418316
1402941
1410454
1394456
1592560
1391808
1392972
1387281
1378439
1390475
1394772
1375919
1384594
1400893
1381149
1386634
1376883
1384076
1379940
1379082
1375259
1388653
1374661
1390130
1374396
1376066
1380097
1388297
1346439
1452020
1390524
1400431
1396924
1386496
1419287
1392226
1411807
1371872
1379509
1388455
1378722
1371479
1391897
1381757
1400108
1379666
1370785
1387632
1370112
1372693
1372887
1372292
1396181
1388963
1370449
1397482
1380065
1370844
1376494
1367164
1389463
1370888
1374167
1406452
1367995
1382512
1368755
1376977
1378168
1375652
1370323
1382325
1369837
1374348
1365575
1334786
1400520
1368437
1369284
1404614
1388963
1389640
1481472
1392623
1455244
1417319
1424128
1433831
1564216
1405799
1421836
1419215
1411896
1404452
1410608
1516263
1502266
1415938
1407120
1417286
1425303
1500245
1394613
1479345
1550128
1470434
1420103
1475858
1400326
1429976
1564935
1409735
1402619
1394676
1515245
1399912
1451568
1396973
1403304
1604950
1997231
1412454
1400807
1395318
1399292
1393015
1499047
1483154
1442306
1428742
1418967
1414229
1416171
1403941
1411273
1405149
1412373
1394649
1397294
1412941
1416882
1402533
1404536
1400043
1404290
1400221
1398690
1426821
1392894
1398296
1433643
1447242
1399312
1455728
1355501
1408340
1379890
1414107
1380538
1398817
1423000
1407751
1384642
1432121
1387665
1416067
1404294
1389588
1382746
1385195
1435585
1380110
1391770
1377728
1364954
1408922
1361271
1381417
1391427
1369447
1459567
1451347
1359426
1403065
1367110
1461345
1366641
1307764
1284756
1258364
1260753
1307626
1255225
1258867
1278676
1260032
1311496
1267591
1278063
1286355
1259158
1256225
1345844
1248004
1279805
1323285
1248861
1264878
1266535
1251605
1267147
1313670
1254669
1259928
1294454
1278133
1252430
1261250
1252956
1274706
1257189
1289853
1290296
1256832
1282044
1263858
1253955
1267911
1265633
1258859
1264615
1270653
1248692
1283983
1249399
1291001
1334690
1250452
1251374
1295500
1275716
1250707
1268885
1248559
1250248
1258474
1248791
1278397
1247395
1251063
1348246
1249576
1250559
1259346
1250093
1281600
1264115
1302569
1269339
1269467
1256127
1212693
1317270
1245972
1248615
1253457
1244966
1242417
1258635
1257688
1251421
1243348
1239267
1254022
1247213
1238521
1259058
1240894
1237765
1254124
1243766
1240966
1263586
1243552
1242244
1275284
1265228
1245614
1269269
1244578
1241541
1273692
1238589
1240493
1236376
1240930
1249610
1240173
1244801
1245637
1238071
1234253
1257947
1234820
1235208
1257329
1230221
1235123
1246851
1291835
1252877
1230597
1239465
1289870
1357437
1226357
1256992
1232132
1305719
1287390
1231568
1293044
5364562
1244385
1231443
1253440
1230621
1238025
1236213
1326086
1305234
1275884
1275710
1284969
1275702
1277896
1281150
1287330
1267239
1282531
1275335
1270250
1285383
1268194
1283669
1280460
1272615
1284763
1283919
1285999
1288707
1275007
1278751
1296141
1313465
1268138
1283735
1268673
1269440
1279606
1279604
1291117
1268026
1281394
1282541
1318160
1278337
1291451
1278730
1270440
1288964
1275986
1278853
1293354
1270920
1338775
1272620
1351793
1284373
1272631
1271946
1281932
1281130
1264646
1280774
1267808
1292592
1264405
1267900
1290301
1263645
1266533
1277100
1263912
1262914
1277101
1270032
1263305
1281590
1263699
1275808
1302582
1311535
1315748
1274721
1268948
1271506
1281133
1344315
1272343
1262284
1257883
1352821
1266235
1261824
1263924
1255077
1267061
1300734
1299461
1266783
1323302
1358614
1311780
1310028
1255653
1273128
1253428
1259362
1259772
1250746
1266960
1252584
1256064
1263327
1254498
1260135
1260969
1251611
1251907
1268941
1252178
1253595
1263205
1249674
1254984
1252933
1242421
1243755
1250830
1243596
1239831
1244901
1236214
1234372
1242890
1233158
1260375
1233967
1239237
1250283
1238753
1251094
1249128
1266426
1235964
1237500
1236965
1246659
1402760
1244831
1279039
1239518
1243455
1248387
1240895
1248128
1259661
1243875
1242276
1265530
1243706
1244804
1274639
1247355
1237167
1251435
1233981
1241624
1235177
1242990
1246879
1245826
1242650
1252032
1248285
1238147
1254476
1238417
1237530
1260199
1236511
1251788
1248929
1235189
1240205
1244868
1238723
1238094
1243108
1240514
1235496
1249213
1235826
1237730
1249646
1234358
1234184
1239449
1247714
1233279
1230272
1227905
1236205
1229943
1233921
1242785
1221725
1225587
1241072
1233439
1222784
1246476
1222301
1227851
1232774
1238282
1229914
1240655
1246384
1348021
1237193
1222504
1239165
1234379
1221498
1238445
1222506
1287164
1845386
1264258
1262387
1219633
1227353
1230989
1250085
1218918
1254360
1217412
1219854
1236704
1219075
1227833
1228714
1224510
1223200
1231089
1320169
1292126
1233276
1223712
1220181
1233456
1219040
1224714
1229183
1220177
1234531
1339365
1227491
1217318
1276296
1395432
1232942
1235088
1215365
1234040
1279806
1234174
1249079
1217546
1216723
1227108
1250272
1228637
1227317
1267253
1217892
1246144
1211143
1218588
1227204
1211223
1218825
1266278
1254093
1212488
1226861
1220870
1209669
1227430
1212621
1219095
1266311
1209278
1299275
1216162
1216289
1226697
1219234
1213630
1228728
1220929
1213368
1218904
1214455
1208697
1278800
1211603
1233240
1217027
1212878
1232796
1219470
1218625
1221944
1217406
1232303
1243770
1214699
1228230
1233903
1217176
1215021
1249912
1220253
1217048
1224151
1214503
1227451
1271745
1221456
1217266
1223087
1216773
1214367
1242396
1215703
1235945
1239235
1217973
1222744
1229858
1217445
1217143
1224796
1222649
1216833
1227974
1214048
1215022
1322275
1219633
1276358
1214643
1209926
1226526
1213395
1216817
1220111
1221589
1214776
1224812
1216953
1234682
1247857
1206409
1293414
1230471
1216607
1215185
1220011
1218196
1208218
1226764
1318578
1505715
1232185
1272024
1222299
1228683
1254243
1235632
1210488
1235486
1221171
1268110
1207159
1230813
1248909
1211469
1219644
1216121
1208691
1230606
1204093
1210920
1225310
1216268
1212627
1229212
1205581
1204693
1207259
1209927
1203550
1205932
1209632
1202276
1205692
1439671
1297616
1214575
1215403
1215437
1209682
1214062
1231428
1218106
1221758
1222335
1207974
1203937
1324029
1224308
1210844
1224360
1198082
1199895
1224733
1223655
1214790
1215629
1199687
1199318
1215500
1196014
1198332
1212236
1200214
1224263
1241333
1216424
1223365
1223927
1206162
1226215
1218469
1514115
1317048
1313376
1374147
1320733
1466018
1358737
1374224
1225457
1199719
1209959
1221844
1194664
1198124
1217549
1219543
1267225
1251066
1190643
1197945
1210316
1194147
1195608
1211314
1194419
1196781
1320131
1203306
1267819
1592454
1202534
1191421
1219058
1198303
1195509
1291365
1271814
1305364
1276115
1419254
1780055
1759746
1304420
1321941
1344650
1361752
1243494
6490464
1208575
1195758
2382573
1210034
1237309
1190708
4604253
3207254
1232079
1222728
1193619
1187350
1258473
1232021
1188121
1205081
1187023
1184243
1190414
1185828
1193167
1202857
1184102
1190815
1184294
1193921
1239720
1194081
1194698
1263830
1203010
1183270
1203151
1182516
1201723
1233249
1180153
1186622
1188754
1179935
1192910
1216441
1187924
1185828
1191815
1184277
1180285
1196421
1179707
1203428
1210246
1182629
1190624
1207792
1183049
1188392
1192041
1185604
1188520
1194988
1189940
1178887
1192308
1179344
1181546
1196796
1179768
1177452
1193973
1178458
1183056
1187461
1182415
1185584
1193729
1203983
1178956
1211495
1177005
1183313
1193635
1203849
1173360
1192619
1176337
1178030
1188222
1176253
1182087
1187923
1261009
1190640
1191516
1173749
1176239
1187002
1175719
1174877
1190192
1175814
1178206
1184299
1194918
1178294
1169600
1183002
1180527
1186500
1170490
1169622
1185538
1171640
1174152
1178793
1169264
1172696
1213258
1167974
1180695
1184090
1174209
1170648
1182306
1169804
1166488
1184857
1167692
1172943
1188839
1168032
1174859
1175669
1203138
1385608
1356567
1347408
1338362
1366018
1335772
1427415
1395582
1394797
1464137
1344812
1339562
1368534
1343901
1352565
1371070
1364040
1363486
1337526
1346270
1360381
1338839
1422344
1376262
1347370
1380633
1344456
1345523
1366235
1337372
1352788
1342592
1339024
1361480
1378973
1347448
1464518
1364924
1366170
1336011
1355500
1380832
1345094
1336859
1373253
1339357
1359071
1334911
1336119
1373562
1456851
1405832
1338563
1412317
1423779
1336401
1350180
1361224
1334096
1351315
1385160
1338180
1355866
1336774
1342436
1331918
1335526
1445721
1436269
1334647
4958504
1334543
1336324
1356679
1506821
1379720
1353677
1396032
1349529
1336925
1333073
1344908
1334492
3215483
3204656
3203196
3288954
3213220
3222133
3194106
3281196
3209806
3188123
3259270
3234716
3182133
3217066
3219269
3194079
3187956
3186326
3166456
3225916
3174656
3178733
3152857
3268930
3178986
3266650
3201513
3234644
3279487
3200733
3164557
3190549
3205803
3192903
3183326
3160764
3183780
3181206
3189069
3201610
3209970
3178000
3197417
3198507
3213876
3179343
3181323
3195363
3160033
3143014
3171602
3167943
3173472
3189239
3186920
3152822
3166580
3168872
3136562
3165830
3180482
3151613
3159469
3170706
3138540
3144746
3160093
3177049
3161826
3159103
3180606
3159812
3141513
3158124
3176936
3171523
3159500
3153712
3157846
3129393
3137213
3164034
3176543
3227620
3252560
3228090
3190407
3156410
3182426
3219829
3158319
3150979
3150082
3129066
3237320
3106970
3136930
3173203
3190596
3208419
3138996
3131113
3113769
3633961
3106017
3136200
3135946
3149867
3138596
3131496
3108117
3113372
3492634
3127780
3167652
3158729
3166586
3127696
3094447
3232084
3602032
3145093
3142566
3103383
3182983
3549855
3129796
3123969
3115849
3124386
3096579
3184104
3122459
3118963
3099326
3108629
3107112
3093110
3147703
3134679
3148723
3235996
3103593
2851094
2871129
2979647
2967486
2882906
2882323
2907008
3002897
2889037
2880951
3080684
2853635
2963711
2893735
2868900
3171895
2888803
2918796
2880626
2860297
2939095
2882665
2941032
2874886
2866492
2858038
2894057
2938103
2941140
2870552
2849677
2824460
2984681
2871037
2922421
2860949
2865260
2982283
2861631
2859720
2838463
2879636
3015232
2862497
2848019
2844029
2910538
2859095
2853461
2866658
2829573
3155407
2871337
2823042
2857268
2885057
2956120
2843251
2950775
2911909
2900912
2956977
2819374
2879323
2840914
2932823
2843235
2823928
2868735
2847798
2905882
2852154
2807306
2858645
2848120
2892034
2809380
2870646
2830308
2892326
2898032
2866829
2898285
2907920
2944509
2877670
2872914
2912117
2887266
2922194
2934017
2973923
2882223
2901126
2900166
2914144
2951929
2901163
2921626
2963387
3036777
2864929
2889132
2889066
2959526
2961455
2877774
2884711
2879265
2890903
3254233
2856894
2967003
2891074
2920594
3160513
2882532
2837611
2885814
2876689
2873214
2860526
2898129
2870091
2875772
2989790
2867774
3087012
2934151
2921474
2886675
2873017
2863091
2866394
2957254
2875556
2945652
2962960
2850312
3060612
2877725
2908096
2872606
2856649
2914032
2860291
2856991
2870640
2850835
2869171
2897014
2880697
2881531
2922812
2871929
5535007
1296818
1300444
1279976
1273322
1326188
1332148
1271021
1266233
1291562
1267459
1269648
1320852
1283220
1303053
1264759
1283103
1289938
1269738
1270923
1279734
1265794
1272282
1274687
1266492
1266395
1284126
1293603
1296214
1261524
1278731
1289966
1260149
1273951
1278157
1268855
1264095
1278826
1257045
1263542
1281767
1262137
1269302
1270180
1293067
1258395
1277386
1264233
1261745
1271651
1283516
1275580
1289550
1262429
1274476
1256973
1264673
1284760
1266454
1302108
1269810
1267526
1270123
1278619
1257154
1271046
1266597
1269833
1288907
1263797
1270275
1298654
1273182
1416489
1465903
1469040
1499950
1394108
1252628
1252892
1249077
1270899
1259802
1246814
1267717
1252964
1255559
1302960
1255240
1252413
1257061
1252156
1247711
1262299
1249727
1236129
1262764
1248082
1253294
1257604
1255894
1244920
1251064
1251170
1253474
1251107
1246236
1284753
1246430
1257265
1276769
1242740
1313925
1285371
1256918
1278524
1254452
1254687
1244101
1254073
1249429
1243565
1260860
1247366
1248515
1246584
1244525
1260894
1239614
1249266
1257033
1242812
1243215
1251512
1249895
1242704
1267044
1245468
1250084
1256235
1243786
1247257
1240885
1259010
1248114
1247501
1259559
1258207
1245674
1247019
1254175
1238235
1241146
1254059
1239492
1241663
1272515
1239730
1245340
1259003
1241813
1235243
1249787
1240957
1259495
1259731
1238125
1240356
1241574
1236190
1245837
1277506
1247047
1246854
1245025
1240463
1248782
1239123
1235739
1344094
1275479
1281772
1266943
1237726
1243308
1258861
1242256
1234654
1243491
1270119
1233792
1242169
1247700
1244917
1239681
1233543
1247364
1261989
1260626
1251757
1228495
1236356
1245625
1250546
1231015
1243741
1230471
1239173
1238181
1231150
1243605
1232345
1229435
1241500
1216640
1260278
1270769
1239227
1271971
1240421
1256147
1230752
1247842
1227986
1260327
1245787
1228262
1242539
1278838
1239620
1266131
1321070
1239118
1229606
1235260
1229464
1238232
1244661
1228780
1246235
1228657
1229812
1279204
1224628
1262799
1209027
1212758
1266588
1206222
1205482
1236053
1242406
1226790
1229582
1242210
1264824
1269101
1240606
1223472
1224509
1235065
1230182
1224740
1243057
1229454
1267143
1263020
1224750
1229090
1237950
1224447
1203451
1326622
1254438
1286804
1229955
1228955
1232157
1227889
1224463
1466111
1377608
1237401
1222622
1351912
1234928
1251870
1230749
1240002
1311589
1294907
1260159
1347264
1230022
1293365
1233042
1234961
1574020
1242942
1250733
1316046
1226183
1280384
1233292
1244851
1271119
1236956
1225105
1298834
1224043
1222914
1280067
1224935
1282209
1273420
1226413
1263503
1205250
1237272
1236818
1239859
1227623
1269673
1238370
1241252
1308285
1222850
1227365
1390111
1219806
1227347
1237852
1232058
1271820
1246874
1225380
1266807
1263449
1180078
1309978
1306866
1258677
1232787
1235270
1226388
1258082
1246607
1249522
1230885
1227093
1288018
1236636
1224735
1325371
1234784
1221185
1239599
1231080
1231626
1229813
1221367
1370554
1245045
1219585
1216020
1306885
1214415
1234530
1247411
1217012
1224260
1225495
1217932
1223433
1230162
1220085
1222851
1225471
1243870
1220190
1236187
1217270
1222228
1229150
1216660
1237056
1226040
1217814
1215696
1227679
1259040
1212355
1223414
1212948
1216142
1236092
1223769
1238508
1229373
1225725
1242411
1239385
1236188
1233261
1232780
1228096
1232016
1227641
1224375
1242119
1222098
1222377
1240943
1230949
1218862
1229951
1221620
1225062
1207849
1213138
1202654
1218328
1200381
1197615
1226801
1197575
1204452
1212622
1202214
1199313
1223435
1214627
1221436
1222999
1224710
1240786
1223335
1215460
1222206
1213870
1212774
1239697
1215931
1209995
1228721
1212667
1220477
1226023
1218368
1215249
1219559
1214590
1209704
1226522
1154405
1157547
1182733
1156395
1157822
1179425
1158144
1160760
1167177
1160663
1161851
1155189
1158863
1154829
1170956
1162857
1158313
1175008
1175951
1155164
1157684
1180847
1159363
1152849
1162430
1155854
1152671
1169219
1158561
1168234
1172760
1156925
1153754
1178159
1159698
1154472
1221554
1153090
1176509
1170219
1157337
1155609
1159374
1155605
1150209
1161671
1156823
1152336
1155436
1159788
1157587
1157443
1162151
1167939
1150203
1173835
1184139
1163090
1155059
1151002
1214966
1147266
1153372
1229408
1166564
1121005
1154538
1117115
1122887
1116517
1127865
1125848
1118486
1128326
1120645
1117471
1150254
1115151
1118961
1130229
1120548
1118587
1132827
1118753
1121553
1118567
1119333
1120020
1115876
1128474
1123486
1113923
1143641
1116326
1117770
1160393
1138061
1144222
1156133
1144060
1148533
1187239
1145332
1145146
1150993
1142814
1138306
1140294
1163077
1139162
1145618
1153341
1139214
1145373
1207040
1135666
1136207
1154178
1143353
1141699
1156763
1140596
1137159
1154435
1135191
1138723
1174780
1136790
1136647
1178226
1136757
1141781
1166167
1134797
1148634
1150816
1142027
1226953
1186607
1134738
1133131
1148805
1132106
1133935
1148604
1129132
1133509
1145139
1137149
1142693
1131403
1128002
1126328
1129400
1143467
1123552
1132541
1146213
1130312
1151988
1138240
1130671
1156624
1117829
1108002
1108431
1116910
1105923
1104460
1102388
1121947
1118543
1103556
1119342
1108310
1105604
1113252
1103326
1106750
1110441
1109349
1108347
1097803
1105169
1102242
1099041
1118235
1124577
1105757
1122563
1100128
1099823
1110811
1099914
1105089
1148931
1106405
1101244
1095966
1107135
1105756
1100819
1118529
1099747
1102997
1113755
1099051
1097413
1115120
1099200
1106288
1114958
1117890
1112278
1111820
1109532
1100014
1115054
1105055
1096647
1100789
1118552
1098441
1101257
1231497
1096263
1098887
1128095
1092265
1099991
1117643
1100951
1089783
1091653
1095048
1083506
1093430
1116645
1087476
1091386
1097962
1087016
1092605
1103852
1091907
1089540
1085312
1084252
1096956
1090195
1157375
1085580
1100993
1105903
1084931
1089430
1107071
1085258
1092113
1083607
1087048
1090101
1083791
1115614
1088910
1088282
1103114
1087655
1086376
1098281
1072010
1068437
1080704
1087328
1084594
1071982
1127082
1085275
1078567
1124162
1076048
1075921
1083294
1075908
1071251
1150901
1075030
1073740
1090246
1074770
1075007
1072469
1082289
1090369
1068812
1084589
1073190
1075386
1084829
1070026
1064216
1083198
1072671
1072418
1070292
1086564
1069581
1075773
1096198
1076075
1072708
1115350
1074936
1071361
1081414
1102449
1083735
1086814
1099575
1080785
1086087
1101793
1113573
1083075
1078829
1086845
1081150
1087631
1104049
1081660
1074998
1102823
1082154
1081504
1123843
1072434
1083622
1085945
1075310
1088073
1074900
1102912
1081691
1081196
1095017
1116274
1078151
1095301
1075071
1075003
1090367
1116416
1078533
1077609
1093524
1077188
1082354
1088409
1080134
1108345
1086762
1077406
1121180
1178795
1202298
1086806
1102430
1073515
1080811
1077545
1078191
1081527
1078882
1087724
1125370
1084637
1094231
1097637
1069907
1076852
1065594
1056332
1056676
1075862
1066314
1067094
1092249
1076337
1066014
1146073
1127788
1067035
1058064
1054495
1064775
1053871
1071415
1064168
1061524
1079594
1058615
621588
622300
626339
641358
620622
620762
628611
619789
630121
622093
624153
625263
619285
909190
621515
615539
615129
621622
637195
614569
614515
623392
616096
630699
640757
617816
615578
613180
620614
629633
613640
616439
621720
618584
642368
611140
618593
617626
618896
613581
618939
612084
612509
609695
628125
611665
609958
613692
616462
624054
610495
611962
614423
612166
612321
612241
611170
609676
610298
613842
636771
610500
610446
612167
628686
642996
607811
615095
610769
631376
655965
607924
606721
613355
607119
605867
633240
609386
607723
608587
610078
621724
605241
606454
658840
610586
609622
598435
606529
619936
599695
600555
619436
597375
631927
600777
599619
628778
599891
598035
596462
597319
597449
616710
597032
598169
596189
603142
630156
596049
598402
603294
595927
596754
621916
602058
599523
597262
623679
598361
600195
596321
594885
597110
600890
597203
594509
595221
600598
613895
594933
595092
594203
599945
593654
117400
261489
278170
217247
213902
229650
116226
192516
186977
187251
188387
72155
68636
34992
32180
29645
28223
30762
27625
27314
26888
26678
27922
26183
26391
25887
26239
27688
26105
26194
26136
25805
55080
25884
25879
25885
25535
27331
26101
25821
25626
25580
26757
25570
25801
25571
26219
26665
25570
25607
25680
25529
26368
25246
25100
24911
84950
45029
36947
31768
28402
26781
25797
24725
23925
23842
24288
23812
23744
23284
23092
23260
22788
23179
22880
22797
22747
22589
23120
22918
22637
22426
22696
22720
22299
22558
22636
22372
22121
22120
23221
22749
22307
22311
22524
22159
22296
22131
36222
22697
22367
22762
22412
22634
22635
22139
22479
22160
22395
22784
22324
22353
22064
22039
22050
22106
22389
22492
22562
22052
22141
22330
22237
22089
22028
21984
22065
21927
22033
22653
22262
22590
21963
44668
36004
30805
27821
26021
25499
35280
24619
23932
24010
23549
23958
23065
22900
23007
22860
23240
23147
23800
23127
22881
22996
22679
22372
22383
22393
22363
22657
22021
22231
22006
22059
22126
22090
22376
21995
21895
21876
22250
22442
22646
22081
22212
22403
26571
22468
21401
33518
22223
21921
22209
21974
21898
21838
22102
22370
21927
22024
21809
21920
22202
22053
21917
22025
22183
22154
21811
21885
21844
39227
22719
22227
22078
22001
21873
22085
21825
21850
22189
21718
22041
22296
21914
21912
22147
22387
21908
21702
77542
22278
22260
21931
21818
26861
24061
22869
22334
22233
22045
21817
21710
21692
21610
21647
21835
22257
21902
21753
21724
21496
21580
21744
21714
21544
22091
21598
40411
21963
21755
21832
21682
21645
21985
21671
21650
22953
22490
22222
22402
32625
22153
21918
21848
22147
21706
21813
21573
21620
21744
21840
21791
21542
21909
22595
22056
21554
21752
21603
21647
21694
21592
21793
21819
22022
21630
21841
21797
21494
21776
21894
23468
22960
22242
22240
22419
21611
21411
21692
21523
21512
30901
21662
21337
21433
21276
21381
21233
21190
21352
21125
21358
21446
21045
21729
21325
17428
17504
17186
17458
17397
17122
16988
16993
17139
17129
17244
16895
17062
17255
17100
17092
17078
16907
17085
16999
19407
17619
17515
16738
16622
16643
16666
16925
16616
16640
16779
17230
17025
16961
27595
16958
16928
16952
16828
24332
16890
16914
17036
16871
16746
16900
17069
17074
16768
16780
16641
16764
16742
16845
16777
16994
16887
16970
17403
16799
16966
16701
21877
19730
18582
17943
17636
16918
16850
17129
17247
17168
17034
16958
16858
16852
16689
16710
16962
16704
17116
16952
16746
16851
16873
17109
17160
21962
16763
16823
17210
17195
16795
16761
16783
16912
16794
16945
16802
16786
16967
16851
16660
17174
16943
17166
17010
16920
16982
17242
16943
17291
16987
16873
16872
16826
16757
17106
16858
16949
17185
16711
16778
16918
16652
17219
16982
17020
16964
16971
17086
16738
17093
16685
16729
16760
16730
17179
16822
16819
16870
30832
16909
16871
16915
33825
17043
16774
16635
16719
16689
16966
16885
16690
21257
18434
17573
16976
16870
16656
16743
16656
16701
16624
17133
16853
16815
17812
16962
16701
16829
16921
16777
16534
16766
16953
16959
16906
16926
16846
16978
16541
16570
17150
16909
16828
16960
16826
16871
16977
17047
18249
16732
16740
31289
16863
16564
16704
16589
16838
16592
16638
16603
16852
17248
17397
16586
16489
16899
17137
16860
16666
16783
16820
16872
16685
16736
16596
16608
16934
16575
16720
16700
16878
16989
17336
16858
16991
16554
17156
16671
16921
16640
16471
17410
16886
16951
16834
16582
16611
16630
16519
16538
16526
16562
16607
16565
25944
16646
16717
16595
16530
16493
17079
17048
16957
16808
16616
16549
16532
16841
16836
16785
16635
16529
16990
16827
16602
16531
16587
16601
16589
16674
16448
18557
17629
17223
16792
16594
16740
16772
16480
16512
16522
16413
16743
16586
39192
16671
16563
16849
16531
16505
16384
16533
16962
16491
26085
20984
18510
27631
17384
17067
16957
16847
16993
16719
16690
16689
16495
16534
16547
16702
16402
16919
16615
16531
16594
16486
16533
16893
16579
16504
16509
16484
16503
16664
16670
16611
16593
16823
16487
16735
17070
16856
16761
16575
16563
20686
18378
17370
17455
16679
16754
16549
16355
16324
16311
16638
16475
16424
16602
16519
16487
29646
16614
16415
16199
16659
16912
16813
21161
16526
16638
16276
16368
16374
16191
16381
16295
16134
16224
16359
16401
16133
16515
16697
16303
16717
16307
16164
16227
16412
16410
16229
16199
16349
16543
16732
16240
16222
16444
16282
16437
16155
16579
16869
16271
16462
16676
16219
16184
16637
16299
16176
16412
16357
16303
28693
16290
16149
16659
16222
16417
16686
17066
16357
16161
16350
16159
17250
16336
16199
16529
16245
16133
16104
16508
16301
16613
16378
16085
16160
16160
16267
16130
16184
16120
16127
16138
16392
16641
16428
16596
16191
16315
16152
16296
16738
16604
16302
16188
16072
16719
16360
16188
16191
16154
16433
16663
21035
18086
17262
34486
16796
16434
16372
16261
16365
16210
16559
16337
16202
17075
16178
16184
16172
16067
16021
16171
16363
16251
16563
16375
16472
16351
16218
16296
16153
16219
16250
16229
16261
16260
16489
16542
16780
16170
16406
16264
16477
16377
16461
16276
22447
16588
16201
16357
16274
16358
17035
16358
16468
16393
16429
16344
16410
26332
16641
16513
16625
16577
16504
16428
16921
16742
16281
16440
16318
16308
16389
16418
16331
16373
16474
16605
16574
16294
16386
16301
16605
16575
16434
16388
16496
16488
16469
16298
16284
16166
16304
16431
16255
16140
16234
16474
16290
16185
16362
16128
16401
16282
16195
16513
16171
16389
16074
16230
25278
21466
20097
35238
18444
17716
16965
16770
16622
16464
16364
16409
16533
16277
16421
17576
16554
16422
27829
17009
16414
16434
16747
16378
16573
16424
17410
16741
16503
16326
16259
16489
16375
16176
16256
16251
16429
16199
16382
16438
16721
16343
16598
16413
16572
16349
16407
16526
16210
16225
16579
16674
16237
16260
19396
16914
16316
16344
26245
17809
16277
16118
16308
16070
16362
16592
16406
16213
16268
16567
16020
16476
16338
16098
16255
16230
16021
16089
16050
16081
16151
16199
16064
16188
16194
16413
16814
16594
16304
16253
16725
16007
15976
16228
16316
16142
16122
16225
16373
16446
16223
16106
16401
16067
16228
16153
16202
16391
18267
16669
16206
16091
16089
29582
16340
17201
16336
16249
16177
16209
16009
15910
16095
15957
16323
17785
16160
16265
16052
16201
15947
16152
15911
16332
16297
16466
16166
16079
15977
16149
16244
16046
15960
15963
16134
15929
15891
15986
15943
15966
16044
16239
16341
22229
16063
16051
16108
16080
15903
16096
15960
15970
16158
16009
15907
15990
15932
16039
27483
16447
16017
16045
15957
15932
16439
16046
15967
16110
16059
16315
21595
16095
15966
16062
15999
15949
16047
16003
15937
15963
16217
15863
15947
16083
16009
16610
16007
16080
16230
16580
16867
16528
16022
16086
16145
16599
16274
15958
16148
15951
16028
15976
16136
15809
15987
16125
16025
16081
16446
16461
16486
16079
16586
15986
30719
16556
16265
18290
16437
16229
16680
16142
15993
16079
15927
16422
16108
16110
16024
16086
16406
16359
16057
15937
15967
16431
16285
16000
16171
17632
16478
15977
15951
15980
15956
15944
15843
15900
15921
16202
15818
16061
15883
16145
16606
16297
16072
15999
15910
16066
15999
15984
15938
16157
16081
16674
15977
15937
16270
30495
16087
16053
16142
16004
16035
16073
15808
15944
15945
15942
16605
16296
16203
15962
16450
16120
16125
15913
15915
16314
16022
15815
16004
15935
16078
16157
16154
16046
15846
16368
16091
16347
16138
15984
15988
16139
16154
16118
15950
16193
16141
15974
16069
15932
16035
15866
16037
15978
15855
16017
16262
16024
16167
16089
25015
16043
15866
15844
16072
15982
15864
16019
15873
15957
16405
15966
15973
15853
15966
16020
15976
15988
16280
16147
16130
16111
16040
15932
15970
16168
15957
16081
16139
15900
15894
15912
16318
15881
15806
15912
16033
16273
16305
16076
16084
15824
15949
16477
15945
16387
15814
16089
15945
15866
15798
16166
17814
16542
16144
16062
27238
16298
15853
16006
15946
16275
16658
16057
16392
16304
16553
16076
16438
16161
16048
16110
16034
15926
15920
16106
16074
15991
16204
16038
18025
17504
16638
16254
16216
16268
16217
15831
16058
15858
16107
16158
16139
15960
16000
15881
15836
15662
15649
15754
15629
15702
15757
15599
15656
16123
15949
15852
15651
15768
18334
16211
25847
15903
15789
16468
15960
15642
15534
15823
16321
15841
15548
15820
29870
16125
15713
15517
15515
15502
15856
15631
15866
15702
15564
15628
16018
15850
15662
15722
15705
15755
15564
15568
24235
15781
15765
15666
15758
15617
15861
15854
15532
15515
15499
15857
15567
15460
15461
15579
15555
15894
15719
15881
16018
15796
15821
15724
29759
15714
15712
15906
15812
15694
15542
15858
15519
15476
15540
15636
15893
15793
15474
15638
15926
15736
15958
15983
15973
15861
16280
16064
15881
15686
15743
15823
15672
15624
15514
15459
16507
15689
15539
15430
15315
15643
15495
15382
15508
15392
15472
16118
15544
15393
15439
15551
15949
15706
15550
15583
15748
15507
15657
15472
28558
15585
15585
15475
15549
15353
15492
15864
15405
16140
15416
15290
15385
15701
15383
15529
15381
15411
16189
15479
15476
15523
15404
15401
15669
15329
15526
15656
15675
15564
15498
15743
15787
15737
15440
19442
16087
15350
15555
15552
15362
15542
15374
15400
15253
15722
16304
15932
15380
15324
15697
15478
15425
15590
15639
15231
15175
26679
15383
20157
17762
16565
16596
15803
15692
78634
16025
15430
15700
15561
15376
32715
15650
15334
15190
15323
15140
15768
15463
15358
15594
15281
16191
16300
15881
15785
15979
16895
15450
15570
15421
15297
15660
15259
15208
15337
15246
15979
15361
15433
15271
15306
15969
15386
15425
15144
15217
15726
15408
15133
15213
15795
15834
15351
29534
15329
15226
15123
15115
15072
16917
15603
15221
15183
15247
15414
15330
15151
15129
15122
15566
15748
15219
15045
15263
15278
15215
14941
15072
15008
15239
15130
15041
15106
14993
15054
15087
15272
15459
15023
15256
15153
15184
15013
15006
15149
15058
15491
15863
15913
15443
15483
14985
14891
15118
14971
15090
15110
15048
14905
15142
14882
30610
14823
24006
30725
16462
29083
16766
28561
26088
26056
25069
25254
24863
29041
25041
24694
30242
15226
15094
15256
14880
14947
14844
14963
14710
14679
14732
14707
14772
14849
14786
14817
14931
25059
15134
14972
14704
14802
14971
15011
14913
15184
14888
14851
15086
14935
14999
14767
14874
14964
14873
15084
14813
14840
14975
25365
21770
19840
17908
30421
16597
16280
15664
15234
14970
15171
14832
14988
14874
14750
14852
14956
14743
14952
14776
14701
14534
14543
14656
14606
14624
15180
14650
14652
14518
14454
15003
17574
15861
15039
14631
14356
14515
14614
14435
14507
14950
14624
14385
14636
14540
14735
14524
14454
14354
14286
14269
14358
14345
14421
14379
14482
14360
44074
14389
14554
14404
14299
14590
26471
13478
13622
13393
13168
13188
13157
13081
13110
12904
13304
13091
13066
12993
13276
13118
13064
13020
12976
12918
21277
21446
2466
1967
1950
2071
1816
1850
1932
1875
1868
1959
1799
1804
1818
1819
1958
1827
1819
1915
1836
1810
1846
1801
1822
1804
1871
1770
1752
1845
1930
1760
2047
2082
1899
1817
1902
1925
1876
1797
1807
1861
1807
2325
2031
1843
1803
1810
1890
1789
1752
2044
1748
1757
1883
1882
2095
1880
2098
1813
1852
1838
1873
1812
1808
1914
1836
1800
2054
1854
1756
1816
1870
1801
1767
1760
1935
1845
1926
1796
1803
1963
1823
1884
1765
1775
2084
1889
1794
1785
1776
1705
1764
1886
1830
1730
1741
1801
1870
1755
1786
1766
1801
1963
1912
1951
1839
1825
1907
1765
1783
1824
3357
2235
1904
1821
2069
1888
1918
1922
1862
1827
1895
1836
1844
2075
2035
1889
1851
1892
1907
1847
1845
2171
2133
1897
1845
1742
1886
1805
1840
1784
1748
1795
1917
1769
2057
1997
1888
1850
1955
1868
1891
1831
1933
2000
1916
1869
2005
1791
1775
1891
1766
1791
1810
1871
1771
1829
1826
1751
1761
1766
1880
1731
1829
1802
2229
1994
1905
1814
1793
1841
1810
1799
1756
1776
1999
1730
1712
1829
1938
1725
1783
1828
1716
1776
1851
1976
1724
1787
1975
1942
1843
1792
1822
2029
1891
2168
1972
1842
1908
2004
1851
1751
