38189058
24312733
21695446
24559761
17976040
18711216
18106649
18135938
18240943
18005222
18141926
18159749
18171243
18136192
19144371
18262812
18103031
18435090
18346352
18273843
26905050
18085569
18067571
18128611
18101215
16728682
7526994
7475157
7512754
7426211
7389848
7524814
7551528
7629958
6436793
3564605
3549789
3651031
3601144
3546520
3571412
3536641
3554666
4515133
3545186
3571569
3549797
3574050
3548691
3536996
3543575
3545864
3527228
3629747
3518277
3540957
3535187
3531764
7725702
3615352
3550276
3567220
3533123
3550626
3543834
3525566
3533055
3534133
3487512
3562004
3518982
3519855
2693809
2668223
2674817
2623068
2734067
2663889
2620685
2520031
2684788
2662647
2642632
2643979
2669629
2635301
2694247
2651863
2694108
2701204
2681662
2650403
2678388
2770833
2642454
2619426
2632089
2637548
2654329
2649122
2622086
2655282
2628369
2657724
2735413
2666994
2623828
2645218
2624984
2647510
2678635
2754082
2646071
2672446
2661014
2888665
2656631
2703518
2637140
2624184
2679736
2704469
2682110
2709687
2638678
2683356
2732752
2670327
2664022
2669890
2667978
2657019
2697909
2690848
2651540
2676852
2700266
2667816
2617628
2669264
2703169
2659741
2680298
2710335
2620560
2658383
2697648
2689283
2640142
2662666
2645453
2675682
2658555
2643863
2658695
2614186
2671627
2650149
2687464
2539087
2646655
2587576
2647318
2683433
2661317
2753854
2630268
2595013
2669912
2652104
2641713
2657053
2638326
2636159
2705468
2711052
2627877
2657466
2624827
2591944
2650215
2658451
6675621
2659491
2684224
2660340
2615862
2708440
2723446
2621169
2676995
2683901
2599240
2702024
2642112
2713043
2624335
2667455
2732206
2634368
2675909
2674399
2631572
2595691
2680299
2744517
2645573
2650350
2617946
2614573
2620760
2683018
2626669
2622967
2610883
2644573
2753290
2618294
2608602
2607471
2615983
2613389
2652962
2629145
2653052
2605685
2606414
2639157
2767522
2627768
2601405
2622448
2600304
2654256
2606559
2634166
2613337
2600082
2600030
2701978
2646991
2608115
2620559
2634283
2597568
2590297
2638447
2631554
2592713
2607371
2592461
2592026
2594401
2604484
2600271
2589036
2601923
2604123
2589735
2600338
2608724
2581027
2585994
2596063
2590624
2657152
2627763
2596512
2598015
2592367
2576038
2590173
2598929
2587016
2573825
2594203
2590022
2608710
2645596
2611362
2582412
2590564
2593959
2527576
2602366
2592683
2599571
2579644
2572428
2568172
2601030
2577550
2574449
2615046
2580110
2569756
2564788
2589867
2579066
2560011
2585541
2582232
2572235
2584920
2584647
2582149
2640700
2580420
2568994
2574302
2571092
2577246
2576886
2570821
2567783
2522071
2610811
2567010
2576810
2560478
2571380
2580515
2570018
2575613
2572665
2552044
2564709
2538830
2498933
2622570
2576057
2544809
2559770
2571153
2547772
2566676
2565224
2557490
2601976
2572936
2555059
2581784
2559641
2558623
2575000
2345188
2675230
2543206
2596985
2546552
2554569
2549478
2544046
2544686
2571015
2578308
2584737
2625992
2584213
2573554
2574582
2572817
2557118
2585387
2568446
2561484
2573649
2572606
2572542
2608227
2585818
2573104
2587833
2591381
2564557
2609710
2583118
2644271
2572376
2525599
2555073
2926708
2637095
2599517
2566662
2542287
2605078
2749062
2598502
2558653
2555049
2564273
2621324
2568081
2603900
2655676
2482755
2441752
2596470
2591476
2569837
2561370
2553470
2556737
2559932
2621309
2550214
2572511
2573036
2535833
2553660
2568966
2539247
2562873
2611022
2515975
2570305
2556709
2756125
2574220
2554658
2549790
2570920
2547313
2563258
2566174
2574817
2471014
2779768
2596213
2584896
2547612
2578005
2538254
2560730
2552036
2552609
2541319
2566637
2554602
2607570
2564644
2499043
2330236
2564278
2512204
2580135
2540968
2568746
2562612
3365993
2561967
2608472
2480436
2365086
2439775
2485083
2564944
2523535
2545874
2533191
2521041
2531439
2642040
2557273
2515502
2707917
2552328
2876601
2581274
2530907
2502757
2592850
2604743
2567258
2531954
2526084
2580776
2531408
2537312
2573700
2516530
2582036
2530221
2572229
2523403
2620283
2548329
2557203
2523620
2509143
2532836
2507835
2516033
2561232
2511527
2591979
2568932
2513627
2516058
2509669
2508038
2556271
2523473
2509372
2511906
2517365
2544564
2506656
2516914
2529388
2532300
2535166
2542827
2510944
2522480
2519346
2506981
2513780
2503180
2508223
2548398
2523787
2502855
2521284
2537570
2549729
2519981
2515537
2510039
2524616
2492116
2506305
2533943
2524604
2507816
2499626
2521437
2515361
2522833
2503822
2505199
2498415
2521683
2515158
2500315
2534017
2538360
2477577
2568305
2553807
2769479
2524569
2512047
2546323
2507522
2509805
2526685
2574099
2512938
2591903
2507246
3011340
6242783
6165942
6367789
6215575
6133225
6105689
6235842
6220535
6117231
6187805
6080646
6214802
6048875
6255662
6073801
6096422
6103458
6089135
6185411
6039146
6041635
6023904
6003994
6048789
6003481
6057132
6090975
6011038
6118821
6043431
6053041
6169202
6054818
6051592
6022771
6157421
6037621
6031398
6064705
6025785
6279512
6092491
5999784
6008871
5979014
5981168
5978198
5999837
6262013
6055728
6057295
6137692
6093069
6021238
6033178
6319339
6024248
6123582
6100568
5975231
8811780
5986192
6087934
6280222
6084802
6000955
6145868
6152369
6080755
5994775
6001097
6029949
5999965
6029385
6221885
6129838
5950138
2478315
2461471
2528263
2512515
2460696
2527200
2473464
2444845
2578805
2514247
2461878
2463999
2526168
2459294
2469465
2509255
2508123
2481398
2507206
2465065
2460065
2505010
2402876
2459915
2478407
2454043
2463435
2549792
2469100
2457780
2484333
2469216
2480089
2505555
2459722
2448701
2484694
2467275
2456422
2499481
2474310
2458665
2499188
2478807
2460014
2497388
2487476
2441267
2510712
2447438
2429656
2516558
2479937
2432996
2556877
2369601
2413260
2458566
2433271
2455775
2496725
2444927
2452133
2537765
2408683
2473083
2536192
2389517
2475554
2498120
2463193
2438050
2461393
2437773
2443552
2472741
2431696
2460595
2436890
2431256
2561004
2604231
2449175
2453153
2439264
2461939
2448031
2439369
2596407
2440274
2553762
2442950
2441314
2427827
2474292
2441239
2438370
2429840
2422678
2447459
2480284
2416058
2427152
2431105
2466850
2431494
2501437
2411876
2436046
2444059
2427087
2420757
2425647
2425297
2421246
2408267
2433471
2437048
2415319
2424298
2422600
2429389
2756915
2500415
2417474
2404651
2506737
2417544
2410349
2418541
2386551
2387277
2417401
2416234
2414208
2444532
2429995
2441205
2461408
2422156
2473980
2369524
2488714
2425147
2421697
2461893
2462045
2427910
2443071
2413533
2427170
2424143
2400069
2388486
2480547
2410998
2400935
2409881
2449773
2417692
2452437
2393705
2413527
2417779
2410816
2362783
2353175
2439164
2402946
2400309
2377074
2470110
2465787
2448814
2408611
2394968
2514516
2423767
2429414
2474430
2466134
2415413
2399779
2404013
6555523
2418399
2399951
2469247
2405101
2412556
2410060
2501129
2390975
2426175
2388968
2404979
2315790
2413835
2410194
2398314
2388341
2466586
2427603
2394876
2407047
2393436
2397436
2403397
2405207
2429368
2429813
2403058
2442652
3527971
2540905
2576136
2544836
2492389
2474083
2497982
2461054
2467806
2504979
2483462
2505105
2407875
2451021
2476463
2467481
2457794
2454697
2471157
2438378
2462468
2461358
2487888
2460958
2391798
2416398
2443916
2444746
2449536
2476217
2428963
2446499
2449908
2433892
2432075
2519776
2469956
2482793
2481299
2437458
2445157
2484563
2408669
2457509
2460250
2437984
2450685
2408564
2391075
2452362
2434538
2447705
2418668
2470344
2431776
2457456
2451924
2470647
2423676
2451456
2475269
2426876
2456749
2455976
2429592
2455487
2417961
2435357
2431754
2418236
2455451
2513924
2439834
2317332
2451122
2467416
2416449
2445014
2395812
2342847
2416031
2377931
2453046
2287934
2411299
2435718
2411112
2372696
2397395
2420179
2430799
2434115
2427079
2332469
2393819
2387862
2344807
2434736
2405035
2386757
2368747
2463053
2358664
2421198
2375389
2399303
2377054
2407182
2380245
2412053
2410526
2375339
2384229
2362952
2378659
2352010
2370500
2448579
2400132
2415400
2366184
2386629
2378531
2433754
2394566
2374398
2369952
2425155
2397575
2375225
2360593
2388548
2417795
2358368
2436283
2380852
2370130
2436952
2622871
3162642
2408503
2445746
2347853
2347227
2367880
2396311
2429610
2354055
2389637
2375383
2381166
2391849
2484992
2335426
2392176
2396870
2362686
2357072
2396192
2386000
2350378
2354484
2359334
2332600
2359240
2394471
2361537
2383909
2225812
2350693
2380714
2455136
2437172
2382674
2333528
2388622
2395760
2541326
2572291
2355656
2349390
2377215
2343334
2369362
2349813
2347055
2400107
2338954
2331401
2382594
2365573
2372812
2319434
2329805
2415703
2374719
2395710
2371092
2330250
2349616
2357862
2336831
2388794
2333837
2343077
2345752
2335323
2344703
2337449
2359120
2350494
2317732
2341079
2360436
2356753
2379342
2323864
2345851
2330426
2350078
2324916
2380403
2339979
2330270
2324597
2343576
2333062
2395960
2362467
2335459
2428907
2294736
2360010
2363292
2317952
2348735
2316664
2334334
2241408
2329544
2343652
2314058
2417853
2327135
2236564
2253699
2308055
2309769
2316397
2343238
2316179
2453097
2338898
2318827
2324848
2336850
2347915
2245294
2427408
2312394
2304435
2361112
2384434
2297313
2331565
2321775
2360707
2548302
2334270
2197415
2392985
2359629
2436711
2393429
2375843
2311062
2410098
2412638
2358972
2375331
2382922
2395350
2384440
2399672
2357382
2388927
2373941
2403368
2373674
2382100
2385717
2423477
2359746
2422368
2456226
2375339
2406197
2369532
2417076
2426629
2350222
2368835
2566022
2378452
2372019
2364915
2344477
2422056
2360779
2385950
2370248
2272597
2339950
2315199
2511328
2409014
2344675
2356321
2355322
2343186
2375737
2428667
2391050
2388253
2392060
2403483
2391336
2368241
2349281
2371115
2388422
2391348
2345861
2442990
2385744
2365569
2346928
2343193
2346135
2341753
2356557
2351955
2353338
2351461
2344930
2342504
2366188
2361192
2338390
2368963
2341911
2329309
2370862
2349736
2327972
2339425
2334419
2345589
2388999
2338869
2341656
2354754
2336858
2343168
2335110
2354064
2341346
2337707
2337163
2232318
2375299
2378242
2406759
2357012
2334937
2386359
2735139
2359967
2322736
2342507
2336622
2317422
2324877
2346541
2335122
2338422
2321001
2340947
2327700
2315602
2343678
2371887
2317570
2339377
2311954
2324845
2332297
2318657
2339332
2317056
2324840
2316020
2338007
2337688
2322965
2314595
2378595
2309431
2326715
2321511
2317641
2322870
2302549
2361567
2315548
2354796
2321977
2339547
2321613
2327794
2304048
2313700
2309450
2296508
2308735
2311872
2401998
2887899
3011737
2867690
2321087
2340783
2304782
2313476
2299305
2309174
2317260
2317440
2310497
2361387
2343434
2330769
2307484
2304493
2358094
2308309
2312403
2298460
2311211
2320056
2303743
2309839
2292052
2313533
2305757
2297191
2312568
2338901
2275522
2324257
2314666
2301933
2321206
2304747
2293313
2293077
2330066
2321818
2300277
2330006
2308268
2338681
2296728
2319179
2319592
2300035
2307727
2323249
2282068
2293773
2286259
2274545
2345903
2306987
2310256
2290958
2286030
2326264
2306340
2360926
2318568
2334439
2182307
2386008
2281899
2313727
2307417
2320544
2300617
2284189
2358369
2275608
2301539
2290159
2290607
2280653
2281861
2272881
2334089
2319080
2282549
2285293
2276248
2275086
2318303
2275935
2286473
2413502
2326737
2362788
2413594
2321777
2293709
2290246
2279133
2299798
2274905
2329808
2331987
2305892
2302834
2315365
2288891
2278405
2282983
2311901
2328749
2284915
2312520
2317704
2444810
2311316
2280130
2295619
2265583
2262162
2850119
2840462
2270637
2263999
2258951
2265250
2254490
2302283
2259251
2259877
2308093
2245169
2259665
2316183
2252751
2265437
2256547
2260747
2249244
2254841
2252348
2258615
2264814
2250352
2254315
2328211
2284658
2266802
2528405
2422356
2430521
2430157
2493371
2436628
2435827
2432191
2424498
2418706
2419828
2423246
2410826
2416770
2428148
2405196
2413837
2423248
2402393
2415315
2424299
2413179
2414824
3378983
3597090
3633679
3592947
3578356
3565757
3562407
3576532
3579703
3567132
3548596
3552231
3543681
3550605
3545860
3540932
3547014
3543013
3548601
3547039
3524661
3577961
3555846
3569134
3587895
3624407
3682816
3004965
2422648
2380354
2412365
2384240
2386882
2407646
2388008
2407259
2418690
2402740
2452731
2435788
2391516
2440421
2439714
2439623
2442139
2395320
2394271
2432732
2413570
2462154
2474305
2450927
2468163
2456591
2451181
2468279
2467212
2454140
2455716
2437694
2438643
2471158
2460274
2434810
2442009
2435518
2441814
2441631
2440290
2430245
2443033
2459052
2433920
2444083
2445967
2447704
2435819
2422245
2427880
2433648
2419785
2451867
2433502
2439161
2435478
2462261
2428319
2470328
2458785
2418050
2441931
2475150
2474567
2475830
2570068
2428570
2479230
2457451
2418192
2446064
2423794
2477611
2453742
2415500
2425462
2444250
2437696
2432218
2437447
2418523
2444520
2435455
2407937
2433378
2424356
2423985
2432210
2415115
2420432
2446078
2406489
2435178
2421813
2428633
2429662
2417987
2452111
2460434
2466980
2461059
2439383
2415828
2489251
2416651
2403933
2408513
2426765
2402607
2443412
2422782
2394477
2415880
2406256
6600030
2419262
2418001
2409635
2450013
2571344
2554138
2433370
2471262
2455355
2458727
2519973
2797146
2298428
2220705
2250456
2308227
2815930
2702550
2487683
2222769
2243306
2251248
2534289
2270538
2316431
2493367
2244862
2235561
2249398
2239448
2243941
2261849
2256852
2239840
2264896
2283353
2259140
2239407
2217317
2282113
2204733
2160557
2233851
2246654
2233676
2251031
2228821
2227493
2241688
2245698
2226636
2271832
2259371
2235829
2241871
2302972
2283200
2272137
2266786
2270894
2476349
2254781
2272055
2366169
2392521
2283449
2290072
2280140
2296491
2254689
2288288
2232238
2339031
2275521
2270143
2355807
2517596
2454258
2405206
2325356
2323773
2373293
2499569
2273400
2206935
2354773
2329494
2335793
2298652
2319728
2275801
2304966
2283006
2343788
2297826
2296139
2276709
2382380
2311959
2311327
2294657
2281080
2288535
2270628
2334808
2295257
2299905
2283982
2298454
2279513
2339957
2282298
2320251
2308734
2274156
2295589
2321444
3244144
2609679
2272482
2268990
2257573
2267932
2464565
2332700
2278864
2375086
2282527
2278649
2378060
2268238
2284778
2260179
2278024
2281178
2266330
2324560
2284773
2255674
2266331
2310500
2303218
2338599
2328749
2345413
2314537
2298092
2291182
2331738
2315292
2285575
2320695
2299854
2282958
2289054
2339016
2295957
2303611
2283105
2300803
2385044
2354517
2305617
2291886
2291732
2344550
2338108
2412030
2310960
2295950
2289007
2279315
2424328
2275728
2441583
2300998
2272144
2432083
2363718
2310618
2439852
2284844
2296672
2552020
2315112
2319219
2272793
2282885
2309206
2408762
2323215
2305546
2300001
2297859
2281206
2560632
3224481
2282769
2276934
2405687
2313608
2275052
2273829
2286832
2291567
2307109
2260650
2294069
2260582
2303449
2226208
2271528
2240264
2278965
2289644
5603207
5587753
6230515
5559343
5597044
5652044
5555473
5669003
5640306
5673848
5629736
5556911
5577077
5648253
5531071
5563417
5643790
5556264
5579457
5535676
5563894
5595500
5525800
5624990
5583537
5666521
5700300
5572156
5538937
5802458
5571880
5600500
7467435
5790454
5649593
5545834
5720231
5499990
5534306
5490373
5485550
5501644
5508563
5491463
5472703
5467173
5598913
5500466
5515417
5536207
5552163
5482393
5570266
5508850
6375553
5935905
5523103
5510540
5525710
5491327
5561371
5499459
5498860
5755061
5596559
5567557
5994495
5483663
5565784
5505406
5481229
5543267
5487939
5502387
5482680
5593100
5467244
5686834
5508423
5540204
5433229
10312184
5701920
3937178
2244998
2237993
2227789
2291065
2291825
2302435
2247866
2230907
2235373
2235426
2232092
2236859
2236737
2229919
2222237
2239581
2298079
2226854
2239724
2223876
2235430
2224099
2238545
2234360
2222367
2247717
2283606
2226125
2231641
2229140
2236502
2217407
2238939
2256336
2219585
2258550
2248356
2216849
2229464
2241691
2231387
2219616
2217060
2224120
2222083
2266352
2257654
2212446
2242869
2212781
2228777
2210567
2223876
2230570
2215950
2224679
2265421
2250557
2250373
2203616
2260043
2197621
2220129
2232106
2204094
2244251
2193553
2216200
2256112
2209454
2238757
2211182
2261006
2221828
2300072
2256396
2219280
2257196
2236365
2224722
2234906
2213915
2229408
2302320
2211342
2215081
2201122
2204255
2221257
2285464
2226725
2226360
2221875
2259037
2212036
2224850
2216489
2248222
3402953
2502429
2529387
2361190
2204963
2213092
2236256
2234178
2228023
2317370
2239525
2293742
2240888
2215356
2194760
2191792
2200545
2204966
2183058
2215622
2216377
2182512
2192127
2179533
2201429
2395937
2179270
2224486
2181605
2189862
2208611
2188571
2226061
2171504
2201659
2179068
2206685
2194154
2183486
2181719
2179477
2216063
2179044
2179188
2233057
2167740
2204844
2203340
2193924
2181603
2168272
2177297
2162532
2190416
2189619
2177768
2180002
2228189
2184850
2179410
2180441
2181835
2179346
2186479
2198833
2196003
2162267
2201254
2182020
2169365
2301934
2190258
2191403
2204955
2201062
2263729
2181566
2285478
2231741
2261075
2171398
2157118
2161517
2237426
2155219
2203665
2159386
2182065
2402412
2150702
2778828
2226711
2184642
2155127
2143771
2171472
2265141
2185169
2185718
2539529
2165775
2146477
2158593
2235559
2175102
2194234
2137181
2156364
2182408
2157129
2325748
2282990
2257403
2179661
2156701
2166671
2387954
2281752
2385166
2193650
2166431
2133422
2212364
2235660
2216654
2250831
2129352
2188590
2143247
2316515
2171210
2182483
2166011
2170928
2217173
2132891
2267838
2189856
2250912
2335340
2587937
2239415
2322139
2189136
2181822
2174567
2160123
2151164
2132354
2328967
2152884
2257540
2169501
2196350
2164764
2119032
2345524
2152371
2174308
2175222
2183389
2139901
2185571
2193087
2179323
2133171
2134415
2139199
2176813
2213577
2157263
2140160
2176339
2133900
2118747
2124034
2212828
2219907
2177217
2110883
2148069
2114455
2115623
2239838
2170563
2306535
2129150
2134228
2104248
2140956
2260435
2275030
2225885
2112827
2119461
2134505
2202444
2353264
2136061
2246639
2187931
2150186
2215315
2239273
2144526
2183612
2208556
2152099
2141481
2156105
2155528
2209031
2140240
2178734
2170526
2156748
2279572
2149151
2202882
2169299
2172694
2167186
2133368
2178418
2249678
2193013
2169802
2172489
2181399
2150409
2173045
2138536
2182464
2152475
2140729
2241650
2201218
2242012
2209682
2408233
2513904
2138278
2140301
2169445
2198356
2177460
2194066
2167278
2130822
2162568
2153839
2130188
2190677
2168038
2167545
2132972
2149540
2187223
2146457
2233137
2204472
2184468
2148129
2177343
2164391
2124103
2167935
2179592
2159359
2143983
2153333
2157592
2134907
2172290
2133166
2175709
2148808
2188807
2170553
2157932
2193261
2144568
2160581
2203781
2147941
2155157
2156736
2143483
2173065
2760968
3389484
3463616
2433031
2132625
2134175
2146256
2153132
2158432
2165934
2145300
2111340
2135212
2338916
2150946
2161503
2124726
2155467
2148088
2162113
2137121
2142930
2140767
2129001
2135252
2112497
6292224
2148799
2140202
2129217
2117643
2260471
2231604
2157458
2339588
2149038
2134494
2105208
2127597
2205053
2188825
2333807
2109109
2113518
2175507
2117444
2115220
2103026
2137576
2107468
2120436
2108738
2121654
2136283
2099776
2161303
2148131
2176435
2096219
2117131
2175906
2102516
2227352
2117724
2121540
2105401
2473737
2121397
2093455
2114429
2088549
2110910
2081371
2121059
2123321
2095717
2117757
2097521
2125166
2095219
2124760
2107570
2176565
2149119
2133927
2167220
2161736
2111156
2085034
2098614
2103190
2080347
2096983
2102450
2109918
2090478
2103485
2083885
2172190
2121009
2090008
2087848
2085101
2099506
2084914
2121941
2084812
2076517
2101818
2119081
2120484
2083570
2102313
2088004
2107002
2111565
2071745
2112539
2081185
2094470
2076390
2097604
2084437
2112252
2104878
2073236
2089966
2085307
2082909
2061195
2079484
2064874
2084773
2100452
2056971
2085230
2068126
2095193
2080052
2114843
2085913
2087785
2091681
2057211
2141577
2064730
2075061
2083802
2069011
2057723
2079115
2058835
2052102
2071833
2061295
2067912
2113090
2124423
2060064
2086189
2062076
2050117
2088551
2064334
2082673
2043944
2067942
2046649
2041391
2075497
2050403
2066465
2072256
2118959
2058858
2079796
2060981
2079797
2085556
2046879
2099028
2050543
2077199
2049457
2085645
2072656
2063789
2075648
2037835
2145329
2042948
2075468
2047106
2065673
2042027
2060454
2074459
2072273
2083517
2096954
2117068
2047333
2087377
2096800
2129316
2086161
2038174
2084833
2051777
2073680
2081306
2090681
2038802
2075804
2096192
2077988
2100564
2066055
2043382
2040257
2088542
2025979
2227307
2036635
2097468
2103571
2026927
2107719
2056073
2063238
2038811
2297150
2050772
2043978
2123862
2035083
2046463
2029521
2111262
2026298
2055149
2041544
2034765
2057438
2036407
2042322
2027817
2039245
2039191
2043548
2038560
2044230
2030596
2031504
2026842
2040445
2035665
2177815
2045361
2028885
2041065
2049431
2031298
2141364
2071395
2019552
2028380
2080421
2030146
2028642
2068780
2035687
2026286
2033678
2077342
2062333
2027456
2081613
2037769
2101424
2035618
2163807
2116116
2023361
2133516
2020908
2065537
2051987
2023359
2053451
2024441
2085543
2050399
2046717
2082205
2019757
2055595
2015911
2146024
2024295
2088692
2018083
2030159
2022571
2030149
2068860
2015275
2063581
2040824
2019399
2031979
2061293
2032578
2066095
2074574
2011558
2023039
2036795
2021095
2015833
2045901
2058189
2045025
2029809
2020538
2010987
2040247
2041396
2023924
2021471
2007495
2038134
2080839
2040356
2016174
2103007
2013703
2009787
2026142
2003524
2071032
2061974
2021932
2019851
2021080
2014100
2020728
1994214
2016768
2007476
2008398
2010842
1996274
2007689
2020340
2010605
2000229
2038111
2005468
1999933
2066085
2067692
2000006
2006092
2032616
2011850
2009769
1971176
1853911
1934802
2009522
2000899
2007515
1999358
2010103
1994607
2125519
1996256
2010928
2005281
1990128
2002808
2001772
2006452
2000900
2008576
2003180
2031475
2007715
2008953
2006940
2040885
2025967
2002402
2009625
2001388
2012488
2005893
2017406
2004616
2009429
2009527
2011333
1999415
2031261
2027677
2048796
2018508
1997387
2009241
2004680
1972376
1990663
2017372
2012758
2048827
2026944
2019918
2015290
1913500
1959462
1992607
2012052
1995153
2021326
1997826
2020434
2002758
2006024
2003144
1994567
2004300
2003137
2014533
1994399
2010063
1996139
2006862
1996583
2002357
1996124
2145884
2002804
2008390
2003606
1987149
1998288
2004318
1893607
2069499
1997545
1991066
2000823
1989812
2031792
1990078
2016654
1992961
1992446
2013517
1987406
1998340
1982104
2000584
2016150
2019574
2003595
2020349
1935106
2012664
1854423
2097801
2041613
2058020
2053746
2039073
2051938
2037425
2055445
2030645
2052017
2028566
2037385
2044191
2045148
2043577
2040349
2050268
2142996
6190442
2042810
2046626
2247018
2365892
2066519
2086269
2039974
2029872
2079458
2045535
2113773
2025565
2024114
2046545
2035047
2044673
2313640
2752084
2142101
2034584
2055242
2029971
2040658
2027085
2107049
2044073
2034480
2043517
2037608
2042217
2064395
2032716
2063856
1989019
1969574
2075620
2019581
2046964
2035639
2031699
2091770
2015859
2041617
1958409
2080691
2034253
2041037
2050410
2062957
1933788
1980974
2001049
2036385
2033960
2020743
2035169
2020958
2030216
2010535
2031885
2023753
2016189
2026064
2013480
2013447
2000630
2021821
2079221
2026536
2015092
2027786
2065526
2014947
2033344
2012419
2024228
2039156
2076798
2032050
2049873
2047900
2055957
2009845
2027382
2011825
2007093
2032561
2037699
2032934
2002081
2010415
2011676
2041697
2027081
2022768
2006622
2020564
2013145
2009957
2022349
2000411
2009279
2041892
2046238
2049892
2037526
2051033
2055880
2002248
2004251
2012030
2023742
2040490
2006365
2024135
1998941
2032553
2036585
2243784
2039693
2021505
2033015
2011175
2009665
2006264
2020294
2084832
1963907
1939295
1948599
1962641
2017063
1941915
1955801
1967209
1966705
1944913
1941696
2000124
1959518
1963578
2144176
1958921
1928453
1964738
1949556
1982515
1933960
1960508
1963018
1936167
1969372
1933783
1962403
1930065
1964418
1944307
1938072
1937270
1940537
1948006
1955079
1923404
1946966
1930085
1949039
1944041
1961182
1979157
1933452
1925395
1948817
1927979
1942780
1938282
2098872
2743282
2194873
1932299
1918538
1928380
1944382
1950110
1941888
1931427
1930284
1934033
1943655
1925089
1915652
1920831
1935717
1926281
1933278
1915565
1931921
1925679
1929703
1918471
1930037
1918655
1935961
1923361
1936933
1914590
1925082
1919074
1938779
1915124
1938866
1919039
1929668
1908896
1928727
1920591
1923851
1912553
1927837
1910156
1926831
1916984
1928854
1913535
1936021
1918967
1907413
2083054
1950638
2006700
2043986
1949709
1969844
1995506
2391471
1982614
2035528
1920855
1950234
1911044
1953773
1909099
1953659
1958666
1961701
1937634
1912071
1934173
1922563
1899914
1912308
1895626
1918718
1908810
1918760
1910655
1904191
1899383
1904776
1912375
1927012
1891430
1903354
1891048
1977007
1985332
1926195
2150840
1898713
1930199
1988491
1918186
2047422
1910704
1986426
1917533
1914926
1965213
1894890
2026483
1891475
1903346
1957551
1960258
2002489
1888278
1893973
1932694
1946609
1888365
1915373
1915170
1894033
1887456
1930712
1882883
1963565
1924710
1902862
1907560
1911767
1887918
1912565
1885662
1900415
1887712
1895497
1882967
1895306
1901184
1929654
1881585
1904580
1922220
1884859
1875407
1926029
1867318
1885516
1921206
1913264
1905230
1891366
1898817
1885563
1987912
1915674
1964391
1900641
1879736
1921035
1889234
1873639
2020212
2020867
2176778
1869618
1901391
1871859
1957945
1877083
1899519
1947842
1886990
1873489
1909843
1868763
1915024
1852837
1902451
1875494
1879196
1870014
1888646
1845969
1859566
1866991
1918769
1922633
1932339
1885840
1863813
1891749
1931779
1858858
2002762
1874510
1895040
1863445
1930444
1864022
1953283
1866676
1937398
1856003
1926208
1859892
1872257
1912161
1902759
1901150
1950690
1862831
1846303
1877694
1911181
1842484
1982570
1866855
1881164
1858154
1885553
1859688
1844293
1867723
1863915
1878315
1851729
1869358
1902262
1851585
1856738
1855286
1838372
1895251
1851679
1855156
1903789
1734706
1898437
1922362
1863006
1870281
1840200
1871688
1881357
1873802
1847869
1888395
1855731
1876018
1853555
1896120
1851885
1888867
1850563
1897055
1852560
1861499
1849528
1917456
1854822
1876922
1842157
1866707
1849836
1873688
1853580
1865769
1850827
1859478
1849773
1859895
1847979
1871783
1840610
1855634
1840231
1871252
1859016
1850085
1847283
1850922
1847224
1851775
1834000
6057557
1865751
2010808
2384565
1839141
1742537
1807551
1921166
1863205
1866127
1856278
1860598
1882886
1899903
1937035
1978966
2426973
4519853
4527164
4869305
4663691
4558041
4596693
4498398
4503006
4618804
4602834
4522177
4507394
4574281
4508558
4614644
4548111
4580887
4665865
5297645
4660107
4610564
4746271
4794054
4446623
5333443
4457334
4527567
4500077
4480957
4506067
4506654
4451840
4460488
4553663
4532330
4460373
4505620
4606670
4512256
4600840
4550477
4520020
4502410
4570474
4453749
4443990
4615843
4451660
4416837
4449680
4593583
4472137
4414620
4522814
4386376
4397166
4462307
4410950
4411790
4504901
4563784
4393483
4437490
4432606
5391487
5051401
4391837
4388120
4482187
4406423
4395647
4376957
4511594
4394743
4400527
4471090
4385979
4452513
4575347
4489357
4499784
4382497
5107002
4370670
4471324
4395650
4610050
4397877
4388726
4411030
4379943
4373336
4377973
4388543
4371447
4380617
4418454
4365610
4396569
4848348
4374676
4368533
4621537
4377267
4398153
4710854
4375067
4386570
4452781
4393980
4372740
4409893
4951245
4385956
4396100
4446367
4372064
4367689
4417416
4383463
4498411
4537474
4443163
4365849
4346427
4393006
4945355
4452333
4424550
4360593
4345200
4437643
4379600
4360320
4580567
4345853
4482829
4383734
4356396
4355534
4337883
4498770
4341553
4346240
4460620
4363200
4334720
4409830
4328896
4339204
4344990
4349837
4324223
4367217
4424863
4338223
4320860
4398147
4347033
4335206
4317713
4364106
4329923
4330157
4429730
4516553
4449763
4422056
4476711
4433140
4410553
4407340
4398730
4404190
4421947
4434873
4392553
4463473
4415337
4440593
4391393
4486763
4392974
4432194
4505941
4404336
4408867
4660967
4458187
4414983
4421610
4402326
4412617
4447743
4394820
4426346
4442830
4405563
4427374
4410690
4425903
4420847
4398484
4433400
4398917
8578046
4756698
3900361
3511026
3514717
3824931
3772604
3525994
3623969
3584940
3527340
3501742
3522954
3562926
3516203
3610462
3572860
3536705
3453209
3443801
3539690
3448615
3460401
3428707
3411996
3453905
3408109
3435887
3425498
3631499
3580049
3666583
3559811
3437365
3436258
3680889
3464949
3473208
3422342
3604998
3958655
3404775
3603243
3422677
3408792
3406618
3622393
3469961
3520393
3383627
3442582
3409871
3412003
3544881
3479962
3443257
3535285
3491027
3509502
3499183
3468573
3444428
3479265
3442998
3420525
3436356
3435106
3456505
3436055
3429048
3432139
3470499
3532681
3434740
3441310
3458688
3691663
3421838
3486559
3519761
3811699
3432908
3426371
3442864
3485171
3463876
3426868
3445522
3421412
3508901
3455817
3406808
3397770
3432393
3422145
3457239
3424333
3431575
3441613
3442885
3428470
3478964
3429416
3484879
3410069
3428540
3440476
3454681
3537696
3526952
3514352
3610886
3559318
3542004
3567618
3520241
3518102
3561580
3525780
3502942
3500587
3495703
3503693
3506390
3508556
3529418
3546436
3506446
3504761
3506260
3512933
3508283
3503516
3559938
3503040
4289040
4419790
4594411
4462130
4409943
4421943
4430477
4428387
4413406
4364943
4394103
4388783
4381410
4421037
4408740
4410173
4458630
4388019
4599687
4661807
4524297
4464530
4444290
4534317
4428496
4410673
4391710
4425843
4464930
4490030
4417806
4400201
4430116
4415404
4456006
4417677
4466576
5076579
4537240
4370853
4458713
4480543
4432117
4405717
4440331
4558847
4451627
4428890
4471070
4428763
4442080
4384286
4391557
4408607
4424710
4415113
4480218
4413313
4472633
4507090
4433833
4415410
4368576
4425210
4440207
4405353
4503953
4684028
4524424
4548234
4444340
4409296
4428846
4365093
4433443
4424554
4365856
4369030
4417423
4345390
4402913
4387730
4380449
4339980
4474777
4403536
4408096
4439620
4313040
4325396
4311023
4337296
4350162
4343356
4306812
4325243
4311343
4384014
4306009
4350410
4398433
4325380
4366630
4317727
4308289
2937294
1849550
1763905
1807153
1771134
1777160
1817205
1773865
1832116
1772556
1766190
1788369
1784455
1767871
1826448
1786265
1782312
1880338
1773709
1792352
1842162
1894470
1785646
1774209
1778897
1883853
1762788
1772704
1767032
1771292
1991691
1782093
1766843
1823225
1766110
1805195
1805321
1830547
1876288
1836076
1765116
1765285
1775837
1673573
1735137
1755180
1794628
1764795
1770032
1762076
1768180
1755350
1769550
1756276
2299607
1752031
1771192
1750474
1766012
1759232
1787334
1742065
1818255
1755212
1754001
1760039
1756761
1762357
1750854
1753132
1747609
1756405
1737182
1764370
1744308
1806668
1741072
1756997
1756572
1764679
1750047
1748798
1751296
1749384
1765363
1792369
1773597
1747198
1756306
1752858
1752699
1747757
1752994
1752448
1768497
1696436
1758260
1754383
1753831
1749212
1725702
1752818
1824706
1823767
1734786
1751019
1748438
1751767
1741954
1758418
1744800
1753701
1740618
1749366
1740685
1743074
1742572
1784158
1784021
1782023
1744714
1755126
1739877
1736701
1741723
1689250
1737450
1790234
1780878
1732262
1758201
1738812
1741169
1741651
1758264
1761806
1777995
1782351
1756375
1807763
1755926
1715154
1724123
1774519
1749664
1757517
1741234
1761638
1735117
1735047
1729041
1745132
1780460
1739607
1764267
1751809
1756052
1693900
1696294
1689002
1727906
1750671
1732069
1746413
1733978
1731681
1746613
1721037
1744325
1724274
1729268
1723075
1737721
1771849
1722636
1743957
1736134
1730120
1712066
1742786
1771251
1752020
1724284
1729052
1758369
1737583
1728416
1732916
1753762
1744087
1718894
1701170
1701367
1755538
1749685
1747742
1719353
1717044
1734949
1716816
1806847
1694095
1767793
1710703
1723232
1713654
1713570
1725819
1711548
1723191
1708757
1727830
1711663
1726082
1709906
1722381
1727743
1723945
1710847
1771443
1706391
1722411
1708749
1707922
1708076
1708515
1738377
1719878
1716389
1706209
1723420
1699525
1718240
1695624
1716950
1755641
1732552
1697749
1721665
1724420
1700737
1725616
1750218
1752871
1705354
1712465
1696988
1715589
1741432
1716203
1701235
1697578
1756470
1716349
1705599
1694670
1728047
1662804
1693923
1657727
1790947
1750459
1726578
1785549
1720631
1749663
1745618
1756442
1729611
1762423
1801307
1755443
1727538
1750674
1740765
1746898
1743754
1743372
1770870
1759192
1771225
1740084
1734525
1708998
1774775
1773721
1759199
1769651
1760607
1769793
1733964
1727510
1657916
1732592
1743770
1767149
1741513
1723717
1733849
1725014
1730652
1774999
1723184
1791087
1721071
1749014
1724415
1736255
1763270
1745703
1774589
1740672
1728006
1734129
1722905
1879713
1718651
1745267
1722787
1741651
1728078
1738841
1724681
1915769
1724702
1715571
1767968
1733806
1736635
1719301
1736050
1716402
1727682
1726679
1734581
1729979
1722011
1719975
1719761
1725650
1719482
1755458
1738684
1744042
1726314
1724365
1725343
1729910
1710926
1723587
1708561
1722642
1691673
1705773
1728576
1715906
1720121
1718244
1728000
1689973
1781337
1759992
1729039
1719586
1722221
1717178
1724597
1721295
1708142
1726772
1735631
1729248
1765482
1791374
1719285
1730657
1720511
1742776
1725010
1725016
1740595
1726883
1749655
1760787
1758108
1753588
1769318
1755543
1755342
1750254
1760519
1746599
1783332
1773808
1808801
1750598
1748404
1746426
1746650
1745029
1752044
1790213
1780160
1745524
1747838
1778155
1740967
1745094
1741225
1768983
1777263
1754221
1733354
1758443
1733400
1663346
1716052
1751365
1739005
1795667
1682298
1748529
1744007
1783080
1713225
1756204
1716936
1762467
1749618
1734953
1762663
1743558
1740707
1719088
1755189
1754451
1808700
1935048
1764991
1734482
1737864
1741983
1735083
1761352
1801696
1766229
1732380
1758131
1765227
1800095
1737486
1756269
1767101
1773943
1733607
1758476
1732916
1688153
1839081
1740617
1787932
1746189
1735592
1741943
1759986
1729801
1749742
1723236
1771232
1781832
1755902
1758933
1728891
1627164
1683304
1742778
1934340
1920683
1947268
2034786
1767183
1725204
1600896
1687688
1718818
1770384
1724310
1809295
1823383
1740896
1727850
1752889
1739050
1755974
1732353
1758188
1724461
1733569
1720880
1728915
1722793
1798475
1747530
1747923
1734460
1723573
1742709
1734364
1714605
1753306
1706242
1730197
1754124
1757510
1733194
1756341
1762705
1731122
1857099
1763453
1761538
1722112
1731316
1735017
1742440
1730747
1735407
1750514
1924023
1760915
1732881
1739106
1729393
1730090
1764025
1726434
1782791
1757459
1778952
1734936
1725274
1679022
1776484
1743129
1770274
1708220
1729197
1701164
1733965
1700329
1773625
1717745
1727963
1702679
1760253
1715235
1705667
1718443
1714368
1757507
1699361
1754412
1696946
1716846
1718543
1718008
1720228
1770603
1729591
1762471
1725948
1733360
1716385
1696918
1733662
1674094
1769417
1703221
1772533
1701100
1740940
1697487
1688715
1634550
1712148
1712654
1725388
1717312
1772616
1690906
1725047
1773132
1733858
1736548
1699593
1815577
1777195
1800961
1710601
1715356
1712202
1699986
1723530
1778673
1709892
1702944
1728700
1704416
1716124
1709082
1788391
1747879
1741082
1716658
1721613
1752432
1817923
1737246
2330773
2521047
2529479
2491287
1802887
1708131
1765911
1702751
1689475
1745877
1686211
1698934
1692508
1687010
1686312
1700426
1709744
1689009
1695617
1687479
1711949
1740775
1880298
1888006
1800221
1676351
1687131
1683833
1687245
1713544
1683570
1707124
1686189
1693542
1684432
1731527
1715016
1733918
1730541
1728272
1712519
1725250
1720604
1711429
1722163
1710853
1864280
1742077
1754750
1710500
1736084
1714207
1721047
1722790
1766172
1726290
1721287
1713356
1738777
1727045
1712554
1717737
1710940
1736234
1719037
1720974
1718264
1719468
1712497
1726000
1713990
1731621
1723834
1735001
2169997
2392811
1812966
1726264
1702111
1716657
1727566
1715735
1691842
1685653
1705524
1688936
1720829
1683494
1712989
1679476
1694224
1688537
1704817
1693001
1705140
1714751
1746619
1725124
1718362
1696352
1680925
1695737
1688617
1638721
1655542
1617583
1719782
1685445
1693883
1686966
1713552
1686959
1718665
1687298
1685083
1674494
1679305
1685934
1681157
1686044
1679564
1695275
1588355
1726803
1740477
1701883
1717519
1680664
1675581
1644318
1697740
1744672
1722989
1666989
1688856
1674084
1708255
1648913
1656608
1712448
1673895
1709731
1680870
1683156
1673430
1684533
1666764
1680531
1665671
1789402
1684373
1754951
1706816
1698314
1744809
1689096
1690736
1698188
1776215
1673090
1701961
1665580
1683210
1668475
1659368
1674550
1707863
1745833
1661440
1670611
1706232
1582011
1648717
1731620
1719710
1816979
1664724
1698445
1773240
1670822
1653938
1739018
1692216
1746193
1688367
1673459
1674243
1687361
1665484
1673621
1661300
1665544
1680961
1800870
1822166
1765459
1658270
1778774
1868995
1756407
1733055
1755205
1694491
1747974
1650784
1603301
1664967
1642265
1768243
1648131
1724769
1656765
1686328
1651219
1660577
1695355
1911744
1730314
1632480
1656785
1682723
1664747
1651950
1701872
1616649
1736457
1660217
1679737
1760827
1660408
1658116
1693132
1683015
1624178
1694040
1693482
1669029
1952486
1752641
1641793
1681210
1676447
1655381
1652910
1645401
1662161
1846155
1731054
1665173
1740541
1660620
1689137
1642247
1662873
1709702
1658749
1656463
1642440
1725421
1667200
1704980
1657787
1665762
1673251
1671442
1649748
1637029
1643124
1742445
1656176
1684358
1789034
1657079
1820524
1640284
1646776
1641438
1922322
1662680
1641338
1700760
1652344
1588423
1617132
1635244
1927723
1661024
1659210
1659704
1652228
1665942
1664059
1645851
1798542
1652070
1654738
1638691
1649853
1658324
1661618
1630624
1662003
1631359
1638365
1634102
1648531
1646155
1628862
1684922
1678265
1641831
1635225
1675081
1629951
1636652
1639610
1634894
1652448
1635665
1650166
1623908
1651126
1628375
1633684
1639363
1632140
1639145
1631125
1625454
1616173
1619427
1638134
1628375
1620522
1661721
1631626
1596726
1686200
1619404
1666137
1624486
1612507
1626142
1613137
1624957
1614962
1622563
1622354
1625050
1642972
1607219
1636678
1599647
1675785
1664217
1635017
1611683
1611693
1626771
1661789
1634767
1625309
1583383
1632089
1629709
1625621
1620175
1670757
1597847
1582481
1689193
1542036
1724997
1623058
1818617
1650420
1689046
1587632
1576026
1574056
1675651
1727873
1631379
1647672
1646760
1627027
1614198
1642008
1563325
1672530
1610215
1628197
1597802
1586292
1580854
1528149
1591760
1523296
1597850
1600086
1471802
1625430
1637556
1535115
1604788
1537960
1565194
1585545
1591315
1578474
1623209
1602667
1617661
1576112
1599459
1634131
1596980
1714183
1570695
1597965
1570412
1592316
1585512
1573039
1595738
1580650
1683472
1577008
1582333
1599657
1560849
1604208
1646766
5746462
1590357
1616404
1600468
1606097
1616181
1682983
1607141
1593205
1654582
1590690
1582913
1593731
1576160
1564954
1577543
1611662
1606582
1614032
2234946
3897072
3937574
3867885
3904534
3811129
3973135
4112142
4018082
3931412
3874918
3884701
3839911
3971835
4053996
4005622
4075696
4026499
3972832
4066599
3960819
3911367
3841182
4099662
4060829
4137882
3897432
3785944
3855032
3976655
4063606
3912575
3995615
3895252
3791511
3879562
3809658
3865522
3808608
3887825
3874725
3836542
3905642
3834488
3816591
4269476
4218356
3927645
3776046
3895954
3820255
4429387
3893605
3958462
3899282
3802275
3792068
3829949
3811955
3844752
3792634
3784198
3788311
3898042
3794601
3779755
3775235
3812392
3842602
3807011
3773375
3780818
3775931
3782321
3798545
3908535
3786188
3768364
3770621
3881795
3802078
3783834
3773062
3787885
3767124
3783825
3787371
3783948
3794114
3780181
3779682
3774061
3887598
3885308
3887835
3772531
3768441
3775311
3905508
3878212
3813944
3808058
3765438
3861708
3770425
3764161
3785661
3758237
3774645
3819441
3754611
4156072
3853926
3861654
3764158
3774671
3785156
3811892
3760301
2816733
1570590
1542558
1553378
1552065
1544199
1549095
1648854
1563404
1551583
1750739
1586614
1560894
1577582
1615512
1538184
1585148
1542749
1549316
1588735
1544251
1546600
1561666
1537426
1591079
1614438
1592860
1604983
1510245
1824320
1543294
1536728
1549934
1470633
1652183
1574692
1585589
1568850
1693269
1564509
1614813
1609189
1548727
1616831
1576171
1578056
1633143
1574393
1586875
1605480
1611813
1564523
1630970
1573391
1571875
1614918
1841502
1598107
1605599
1642354
1525172
1640291
1560679
1570316
1612119
1586943
1573976
1567296
1569486
1587697
1587338
1605827
1558647
1570437
1564387
1549835
1567538
1561204
1564404
1589832
1601282
1559835
1582385
1571788
1554147
1569911
1559603
1556500
1565949
1566629
1570337
1582141
1578204
1567764
1570523
1633857
1598823
1611868
1567108
1574914
1590728
1553919
1560675
1561506
1549336
1488596
1575222
1562443
1566594
1557907
1586923
1564424
1561352
1566366
1545550
1703595
1588691
1578925
1548968
1558812
1549086
1552012
1556430
1558765
1569517
1558182
1556019
1549391
1547637
1560494
1545872
1564285
1548054
1549132
1568652
1557025
1557564
1550654
1554960
1547963
1550647
1554346
1546720
1634980
1566946
1563176
1548715
1556190
1555964
1543877
1555341
1526901
1574057
1548300
1552049
1551954
1558577
1514054
1602521
1487986
1596880
1602994
1572421
1549919
1552144
1542360
1543740
1574550
1503734
1558122
1576417
1589094
1544573
1555830
1542811
1557789
1580563
1534639
1552286
1558454
1543716
1535217
1545271
1543483
1546716
1564881
1532432
1550915
1555342
1592208
1545885
1543840
1545134
1537482
1542167
1548837
1534466
1555689
1539328
1566833
1541807
1539024
1537401
1542714
1545289
1553276
1519071
1555038
1574566
1554715
1554014
1547695
1552031
1575757
1479513
1548991
1542419
1539347
1543098
1538563
1526252
1608702
1556394
1551345
1531839
1470881
1625091
1525017
1545426
1570385
1542996
1530334
1526536
1561214
1518985
1535503
1659819
1541174
1545513
1528093
1531440
1551104
1502617
1575102
1535323
1531264
1537133
1532327
1518843
1579496
1517790
1528487
1531448
1524749
1559603
1527146
1522857
1542058
1520332
1542306
1516311
1555631
1520168
1543930
1520961
1522849
1536211
1559902
1546745
1491580
1515363
1766968
1659945
1530914
1516601
1521674
1520539
1527121
1525018
1463163
1471612
1517832
1546918
1422831
1545635
5530744
1462628
1548367
1481815
1582280
1490704
1572922
1577996
1439692
1541334
1498545
1504551
1465649
1544950
1496614
1471739
1632999
1392625
1613878
1546629
1505328
1521248
1492947
1560735
1554698
1578670
1596776
1536927
1520921
1556708
1512582
1526457
1723778
1970700
1938586
2025638
1518783
1524686
1515386
1501991
1600720
1525540
1517247
1499959
1397829
1489283
1519893
1488706
1504670
1449857
1538869
1502200
1571181
1492409
1513225
1496938
1500310
1530543
1521190
1584725
1536791
1493957
1499962
1607869
1529489
1496227
1536079
1541389
1623859
1553765
1570602
1495756
1507483
1522081
1495229
1523921
1532149
1490697
1545648
1489578
1527288
1551176
1489686
1545116
1498826
1548920
1520451
1576464
1530374
1490106
1504007
1489839
1559378
1491628
1488979
1495811
1493959
1535986
1492995
1481137
1497498
1487395
1540932
1488712
1507948
1498337
1554539
1501749
1537352
1522369
1496373
1523708
1499792
1481067
1539742
1489032
1496996
1527625
1490648
1497686
1480125
1501025
1451999
1547645
1496033
1488924
1490365
1492071
1430688
1408115
1473171
1488498
1470374
1784156
1509111
1501294
1506470
1482016
1509308
1534460
1498126
1453858
1518538
1450010
1483198
1480833
1494181
1475714
1513354
1487479
1490466
1531142
1519447
1853951
1539026
1522177
1596777
1441499
1505225
1422157
1545197
1492456
1478577
1719165
1491005
1604715
1517693
1516312
1517745
1477919
1614504
1461703
1656048
1490066
1614118
1524504
1532452
1506117
1475490
1492602
1484688
1567353
1537224
1507455
1488174
1488594
1538968
1481336
1478680
1570292
1479397
1529477
1471602
1516230
1483253
1587815
1526789
1497034
1476035
1522432
1516547
1513964
1495642
1503486
1474398
1479685
1478364
1471760
1479982
1652703
1570800
1488875
1502340
1503960
1507282
1447177
1460534
1528402
1409119
1424737
1489899
1494612
1498459
1485820
1485393
1510799
1475775
1499685
1476127
1503493
1484820
1493006
1499975
1494357
1454502
1493352
1488197
1509614
1486364
1473877
1514860
1485743
1495862
1427856
1395723
1445114
1444355
1445716
1521227
1490278
1506301
1468044
1495728
1464580
1457321
1398732
1457468
1471363
1520681
1474289
1476456
1466117
1568032
1460259
1472493
1474618
1466631
1526263
1471706
1465792
1476168
1458111
1500291
1456958
1466605
1508350
1429128
1491169
1488617
1533660
1521565
1492055
1467519
1453186
1490339
1460015
1462251
1467442
1456714
1469404
1463416
1481796
1470832
1459315
1466642
1464933
1448852
1818143
1455599
1479717
1449470
1458531
1463334
1481668
1490578
1456751
1574235
1471545
3083112
3651704
3610898
3796762
3900621
3636751
3645997
3839649
3854662
3618531
3566018
3560697
3664191
3565768
3531411
3546361
3788234
3555244
3521667
3568357
3568011
3517224
3583841
3556977
3526703
3547201
3515137
3498147
3997255
3516154
3526104
3571984
3948589
3523817
3636408
3634354
3639581
3636184
3615544
3660718
3843498
3611414
3609371
3616334
3658681
3636735
3648091
3644141
3718108
3602021
3609864
3604054
3628121
3659032
3606041
3607708
3719964
3608864
3604200
3579464
3574200
3565748
3594921
3657161
3644418
3627757
3615767
3591791
3599354
3656951
3599194
3610701
3597651
3620894
3594560
3591284
3596858
3584557
3644341
3599291
3581441
3604427
3605867
3607577
3640264
3595854
3834245
3554851
3599891
3756359
3901968
3627768
3528764
3540517
3593094
3558561
3545991
3570191
3550661
3576391
3665607
3564061
3555647
3567111
3563694
3542871
3535360
3537094
3516604
3886572
3525107
3533204
3514830
3562297
3539424
3572481
3520834
3526897
3485214
3653011
3491577
3484680
3501621
3513220
3510030
3530317
3515116
3005817
3003434
2998132
3005698
3010126
3009472
3020764
3003980
3006811
3005475
3019649
3018758
3010263
3002338
2981229
3007655
3014732
2995040
3017047
2999195
2990252
3008829
3005321
3001709
2987383
2989161
3006972
2992363
2999580
3000600
2967437
2978686
3006989
3004435
3015803
3011992
2959681
3002624
3002094
2989103
2990689
3040680
3005469
2971709
2998970
2986375
2985861
3001103
2974549
2981583
3000555
2993534
2998354
2991518
2974327
3010946
2993558
2984072
2972874
2995338
2985229
2975820
2979371
2967566
2981197
2964544
2985123
2988929
2998657
2994284
2988863
3003740
3010201
3000804
2995618
3015249
3016846
2994366
2984347
3011106
2984089
2980249
2975906
2988061
2990280
3030400
3023766
2981141
2993918
3001660
3028843
2993923
2966426
3072458
3006303
2996177
3242281
3066054
3000669
3039094
3009549
3039081
3186106
3233598
3170281
3168216
3230342
3190878
3188186
3192961
3186218
3181066
3175944
3198473
3184458
3175280
3177584
3198981
3201966
3193898
3228787
3159786
3151890
3200986
3193015
3208224
3188615
3219336
3181824
3177127
3170764
3191735
3270795
3167604
3191969
3180647
3253544
3166167
3198867
3167550
3187281
3290056
3181975
3170198
3170507
3177349
3159647
3217950
3202684
1780631
1541103
1516171
1528005
1534679
1568938
1588194
1621990
1559541
1538430
1549669
1519390
1529554
1532250
1519101
1533179
1552462
1520763
1519366
1537916
1524558
1520660
1519987
1514704
1517073
1529199
1520984
1530091
1513188
1546613
1560936
1519938
1513460
1538498
1517018
1515863
1507510
1529025
1500256
1523140
1521630
1515945
1519166
1513865
1524314
1509547
1503129
1506676
1502591
1565910
1526381
1680807
1577412
1778008
1594120
1545686
1541217
1566929
1522912
1550560
1524167
1513976
1476457
1501469
1529737
1513547
1583842
1529376
1504087
1502919
1543912
1515835
1526739
1530600
1587678
1516916
1566108
1524177
1533217
1511298
1489479
1570269
1549934
1552997
1602496
1536662
1534438
1503717
1444541
1492064
1503461
1487871
1479697
1473325
1500056
1481711
1513545
1473201
1486045
1420705
1399193
1480192
1565971
1488719
1565251
1520518
1554956
1557797
1551811
1525511
1545344
1543122
1554260
1585442
1541118
1676787
1547814
1763901
1556959
1538973
1530521
1519154
1523091
1527818
1623022
1577230
1554928
1635955
1534942
1537679
1520098
1527920
1532015
1518105
1541241
1497140
1525927
1546327
1532959
1527335
1516549
1529397
1537608
1607780
1567603
1516322
1610395
1512799
1535174
1535491
1507002
1527120
1513640
1528087
1514085
1541345
1522397
1511848
1516281
1509626
1512482
1529422
1504512
1524279
1503564
1544270
1505628
1508916
1523393
1511237
1523464
1508943
1506573
1516083
1555248
1517876
1506864
1504164
1515351
1501934
1523810
1526872
1515232
1508150
1524414
1517314
1508589
1508413
1555918
1507130
1560466
1501734
1524644
1499466
1566129
1507592
1510972
1510138
1499699
1545830
1500314
1528782
1625092
1531852
1541119
1493172
1575600
1494442
1531613
1501989
1578595
1522064
1548681
1509062
1498294
1510186
1508693
1547660
1511807
1567222
1494400
1501932
1498525
1507733
1493972
1523636
1499801
1492927
1502801
1528838
1496784
1543398
1492953
1496138
1497011
1501608
1483499
1491772
1565933
1484579
1508161
1482092
1477444
1484520
1512703
1498338
1488104
1552726
1498936
1492262
1537177
1484786
1496711
1486041
1486576
1489702
1488759
1516251
1540520
1483425
1516273
1485035
1529688
1481664
1485695
1492723
1604688
1489739
1499278
1488926
1516289
1490365
1610050
1652611
1767506
1624453
1495278
1473917
1508683
1479276
1503274
1485846
1483887
1521047
1479143
1528087
1493863
1474269
1493082
1497910
1482431
1686445
1823761
1690096
1548792
1496192
2521987
7855449
3818919
3945709
3637115
3679537
3841158
3891485
3689851
3726778
3682934
3599028
3598457
3665640
4746458
3835208
4271903
3720635
3678332
3616011
3703951
3648764
3682394
3604805
3652617
3622484
3709475
3655775
3618984
3633241
3703085
3684988
3649361
3623217
3664851
3666918
3662114
3632724
3679698
3644717
3636977
3629955
3695134
3792525
3813291
3629277
3683721
3660257
3701418
3644287
3812971
3649411
4343147
4072082
3923585
3774778
3630514
3682725
3851018
3699088
3696661
3748081
3643047
3616081
3612298
3699581
3614801
3643930
3621941
3672427
3638517
3635848
3609027
3666117
3642348
3613465
3683631
3668944
3612334
3662848
3587057
3654958
3735304
3645904
3599545
3899765
3667301
3651127
3609838
3673661
3585654
3667522
4682637
5214116
4652274
3606798
3622694
5023055
4103869
3644408
3610291
3609967
3620038
3620451
3644394
3626020
4143790
3632914
3664351
3608244
3617108
3593681
3621807
3618387
3655164
3626208
3634771
3631214
3624804
3625287
3667884
3600944
3385582
3088797
3121218
3100849
3322401
3437651
3114581
3079733
3077776
3068560
3079713
3084578
3095469
3131750
3088495
3102460
3084284
3060160
3095201
3079444
3070580
3136712
3079629
3033675
3042423
3042492
3063120
3046783
3063040
3050972
3041606
3041418
3044672
3063347
3052349
3039709
3058874
3054655
3054749
3044106
3037976
3021936
3045823
3029290
3045297
3045280
3016832
3012806
3037815
3088632
3047960
3034935
3015989
3017575
3041595
3026703
3029009
3045406
3023829
3024786
3029418
3038061
3249815
3064881
3116709
3065769
3102890
3039190
3098889
3034598
3049550
4309642
3163509
3191446
3064409
3043243
3052189
3168524
3048795
3018087
3086398
3082578
3195275
3146932
3034740
3016935
3046229
3038975
3048024
3052477
3068492
3039824
3060960
3023426
3033934
3043663
3123707
3102660
3039273
3014526
3026758
3038458
3019144
3017135
3021423
3031901
3030355
3091658
3048481
3075589
3050740
3071924
3095732
3036540
3024715
3032018
3021169
3029701
3056732
3034283
3021532
3581368
3319302
3034486
3065424
3077975
3146723
3090881
3048035
3030241
3042621
3040737
3014480
3036666
3013092
2995223
3016883
7238648
3357179
3025549
3144530
3020966
3235596
3029296
3009634
3239004
3035660
2810651
2523730
2477947
2540105
2480486
2479420
2516818
2463647
2476771
2539098
2461859
2503530
2486232
2469878
2515516
2484211
2473193
2491813
2469477
2498967
2500639
2473403
2472520
2453871
2473731
2476702
2477009
2477088
2468562
2490207
2477197
2473055
2460763
2466709
2480355
2620326
2497251
2517159
2458305
2491110
2465398
2480908
2458354
2468021
2459633
2460242
2472927
2461755
2456159
2486233
2450221
2447715
2608182
2491685
2466183
2502121
2493691
2451953
2465757
2512658
2489538
2481202
2481127
2462409
2471275
2476235
2430622
2468225
2464055
2453576
2464776
2498622
2477696
2466128
2562252
2446387
2450049
2454599
2521229
2492384
2466152
2444758
2475362
2462694
2465048
2470908
2451787
2438711
2451547
2459439
2447480
2435927
2477011
2438042
2432765
2490055
2480224
2430311
2452391
2445951
2437109
2637111
2463193
2443954
2434617
2466791
2439374
2448264
2447658
2438644
2442378
2502861
2459553
2431859
2507275
2450183
2429544
2445857
2429275
2461171
2450388
2469166
2432518
2452472
2500724
2428503
2444694
2522040
2416389
2464248
2488120
2425411
2446936
2524782
2418545
2508263
2448609
2438805
2444169
2444111
2420785
2448575
2440101
2419741
2427243
2430951
2420877
2460564
2444317
2755358
2780893
2507807
2929960
2427932
2648934
2475256
2413309
3048841
2777066
2652994
2451208
2619573
2789478
2753326
2431880
2446258
2433532
2421392
2428115
2533918
2417825
2431913
2470886
2419693
2413895
2520450
2400533
2412821
2431775
2405127
2413844
2681656
2782864
2503008
2171107
2167681
2141075
2204693
2501891
2364067
2665418
2230563
2171264
2310615
2204439
2173942
2201844
2231279
2186279
2165395
2171343
2142277
2157774
2185412
2140501
2175835
2153117
2221435
2164092
2163948
2217958
2212123
2171479
2157087
2166356
2197646
2158144
2189438
2190203
2171241
2210355
2163196
2170488
2152026
2232059
2169003
2200795
2167703
2221813
2172450
2169925
2176793
2189733
2143515
2165980
2156491
2162911
2208394
2157350
2238745
2144321
2165421
2152456
2147154
2161816
2152292
2160666
2163990
2149496
2165014
2157320
2145396
2162364
2138234
2160144
2155116
2152013
2157923
2148046
2163483
2139057
2153083
2167671
2166059
2171789
2150277
2205621
2209363
2153257
2186537
2152398
2181327
2175588
2155826
2218202
2145889
2171341
2187495
2168207
2184935
2153856
2180602
2157646
2152210
2174367
2163364
2159355
2142691
2151731
2225415
2154633
2159826
2141390
2180221
2183646
2145605
2162705
2156362
2167657
2169479
2154385
2204113
2137267
2173286
2142076
2150946
2156434
2150043
2169795
2139966
2167761
2163911
2142969
2153671
2200789
2158856
2151791
2136767
2167910
2139042
2231285
2184541
2164189
2158379
2148640
2237987
2164491
2142894
2150393
2150295
2133858
2205745
2134580
2155306
2136855
2138228
2158874
2129342
2557428
2820007
2583978
2173977
2165175
2146947
2242851
2140661
2161310
2148698
2130850
2156399
2131098
2180163
2138555
2127716
2174397
2150867
2143762
2173246
2154105
2174650
2126774
2227307
2153455
2148517
2229795
2140690
2153933
2135122
2159320
2127350
2122048
2091086
2078252
2083838
2069156
2187881
2103089
2104772
2089048
2056904
2075510
2094131
2088381
2074128
2077264
2094086
2056001
6288645
2114612
2179453
2247923
2104175
1778977
1699043
1710105
1725083
1733431
1805257
2009958
1720485
1735522
1767221
1718020
1683295
1710354
1718146
1726626
1748986
1706983
1715805
1696451
1718480
1702842
1710279
1689621
1701892
1704564
1708332
1696193
1697263
1696706
1707217
1699066
1710132
1691668
1698229
1689128
1692386
1702414
1688822
1720525
1683935
1709805
1690979
1708674
1691937
1705370
1690006
1705450
1714011
1689511
1686546
1684152
1701707
1683573
1710378
1680303
1702704
1689167
1694874
1685960
1692435
1693773
1684114
1684928
1722874
1702698
1683869
1688346
1694695
1694606
1687402
1692901
1686711
1693852
1679952
1699391
1738056
1717191
1684153
1688352
1692392
1685741
1728231
1738409
1703754
1681058
1734241
1732256
1712149
1734476
1721745
1739559
1695803
1688227
1720722
1685155
1701762
1679687
1720712
1678875
1741696
2066889
1700058
1677415
2003395
1680117
1682751
1701603
1783823
1705764
1671813
1689904
1705557
1686394
1680994
1689807
1678185
1707670
1666720
1676842
1673034
1710909
1697978
1723623
1688482
1673375
1714041
1703845
1689265
1669163
1688954
1673309
1687289
1676207
1688360
1711898
1666346
1689794
1680669
1710204
1685634
1689040
1674720
1681224
1676576
1688309
1674323
1671565
1689495
1674258
1732853
1666954
1689934
1677781
1700245
1676704
1688700
1681986
1672538
1669271
1672266
1694378
1671205
1677813
1841945
1787066
1784358
1670552
1665396
2638689
1698333
1670807
1722295
1726140
1726263
1671562
1676015
1734696
1663242
1701637
1739203
1739663
1660359
1735274
1715405
1674591
1667662
1703863
1799740
1658872
1672148
1717559
1747474
1661448
1675771
1671891
1683535
1672319
1679723
1664182
2278023
2452110
2404298
2421180
1962339
1682847
1713747
1676158
1666542
1683468
1658103
1852670
1667885
1700040
1679657
1712261
1841674
1686601
1676919
1661300
1677322
1647608
1686196
1706936
1684187
1649922
1688133
1655979
1657835
1678050
1652590
1737637
1680561
1703447
1651064
1662718
1669202
1658202
1658101
1684793
1675988
1674973
1657807
1658666
1655333
1658214
1657382
1680715
1658459
1655426
1667603
1651747
1661039
1654177
1664490
1651810
1652270
1654906
1653596
1650880
1689615
1658324
1649329
1657731
1658398
1356217
1369514
1351836
1366267
1353668
1361093
1354306
1355704
1372017
1355233
1404246
1372531
1360506
1350954
1362864
1347721
1362474
1350844
1384342
1371858
1362280
1354752
1358796
1365898
1351896
1353187
1350164
1362643
1343944
1349549
1353328
1385573
1346801
1348667
1361153
1364997
1349276
1342414
1371414
1345586
1345262
1377056
1343629
1363307
1345419
1353226
1363606
1351694
1337979
1337888
1344535
1357487
1359594
1452722
1361073
1342106
1357583
1341754
1431572
1376409
1348401
1366129
1397247
1342059
1430424
1420812
1345981
1364770
1348180
1470111
1742804
1798859
2427590
1365471
1471407
1353556
1381668
1381219
1360346
1350149
1443426
1379619
1345310
1351189
1351798
1344165
1349930
1347033
1354390
1498156
1345178
1383580
1362294
1346402
1355397
1366300
1345927
1351960
1379837
1423529
1359459
1391156
1388200
1346476
1341005
1356178
1338825
1349739
1347401
1343189
1352328
1343369
1345557
1370793
1345643
1334175
1351015
1337418
1356321
1345252
1354548
1369675
1333871
1410689
1346705
1414742
1360145
1342437
1349817
1335138
1344376
1369126
1335155
1331068
1350877
1334656
1339746
1342857
1351718
1342877
1353277
1328374
1346414
1328587
1331946
1351114
1323783
1337836
1326651
1337963
1338270
1333871
1330790
1338125
1364464
1332568
1371882
1334994
1332693
1333019
1327067
1345624
1326592
1331638
1339344
1342091
1337889
1335493
1324953
1336994
1325660
1326863
1405956
1330779
1343615
1334804
1325592
1336632
1342962
1331639
1390300
1325110
1330267
1318678
1312318
1325215
1318675
1312374
1355345
1404542
1419846
1362582
1325740
1315315
1318969
1313773
1323528
1315965
1326609
1354453
1311084
1322413
1329900
1320403
1336031
1325498
1310470
1315217
1314355
1321419
1320089
1314445
1330164
1310588
1319978
1323758
1309390
1311853
1312758
1321115
1327794
1316131
1317374
1329093
1313933
1324765
1354102
1322360
1319637
1308387
1313706
1319616
1315790
1311701
1320208
1313068
1314082
1328335
1314769
1313530
1317199
1312267
1325139
1302564
1316960
1328865
1313510
1315074
1321761
1312364
1309418
1315361
1307324
1322433
1312758
1305728
1321039
1311679
1309766
1318544
1313790
1302658
1316687
1313527
1317617
1312714
1306774
1322714
1308138
1326592
1321865
1310519
1304197
1320577
1321528
1321391
1315368
1314503
1333101
1324694
1306702
1417589
1314405
1345804
1308999
1311411
1319840
1325882
1307363
1393499
1369004
1327197
1315284
1332852
1321248
1308427
1335717
1324573
1321585
1467293
1313359
1271305
1305577
1263696
1311972
1280934
1255053
1273460
1291909
1262067
1369507
1260648
1267269
1275803
1261808
1266088
1267286
1259793
1254535
5256651
1256470
1259482
1268245
1254711
1257559
1268898
1260236
1253252
1261051
1264174
1391823
1264481
2944946
2964899
2964675
2957942
2966419
2951309
2951052
2932022
3027572
2978575
2964992
2944189
2928112
3081270
2955556
2968549
3003882
2947462
3061782
2945412
2966592
2967883
2979042
3151423
2930089
2939762
2979905
3031769
2967706
2950869
2970319
3047880
2929929
2983445
2972489
2978346
3081069
2995339
2942219
3002439
3021316
3075106
2967066
2960836
2931641
2968249
3203059
2962038
3011843
2969392
3189053
4047465
2967323
2965486
2975386
3055285
2965396
2955445
2981009
3019416
3007252
3004553
2971743
2969481
3209936
3015959
2973669
3028359
2953495
2944296
3015680
3025042
2969258
2962345
2990032
2946666
3086839
2990305
3149226
3000319
2929575
2948412
2953789
3364430
3728124
3976538
3623590
3035192
2974793
3464710
2948705
2973749
2990832
3171053
2956026
2962248
3018073
2923329
2816701
2752022
2789221
2801355
3027332
2939303
2810418
2916059
3351340
3564404
2812088
2810608
2821882
2962842
2822035
2817665
3987512
3898442
2835448
2979692
2781419
3008419
2843369
2779412
2794265
2714815
2991886
2825561
2734822
2828586
2756531
2958745
2888549
2861555
2714132
2726095
2824971
2774048
2860372
3426274
2824929
2938446
2860701
2731141
2710791
2741598
2976033
2779442
2704218
2740398
2783958
3005606
3077636
2704642
2730125
2704325
3303660
2710718
2670825
2762398
2683755
3293847
2680311
2686308
2690201
2706108
2926125
2714611
2692902
2722098
2672991
2807498
2765629
2700698
2682258
2671499
2815035
2960489
2790398
2670011
2703054
2894048
2745528
2740661
2691408
2605892
2788862
2923499
2742095
2615401
2611218
3126236
2709751
2688368
2621231
2635004
2665031
2650272
2608477
2623398
2634988
2622491
2721295
2668418
2626925
2597837
2615108
2855685
2670158
2616875
2636884
2658838
2591678
2581110
2604171
2594392
2574497
2574602
2913185
2713165
2579581
2583471
2601721
2682618
2572355
2587214
2596447
2589175
2776375
2605095
2613395
2567032
2566727
2595277
2593728
2608858
2672281
2643678
2582348
2554317
2575208
2615908
2581824
2565965
2664575
2594317
2564138
2568908
2593828
2705726
3047246
2563667
2599331
2579781
2557988
3052433
2601478
2672494
2612321
2993812
2738061
2781355
2757002
2602914
2737238
2562844
2600192
2578338
2572511
2597288
2703018
2565984
2546621
2582985
2583991
2665684
2568747
2579624
2579937
2546391
2554475
2567138
2568317
2540905
2569461
2577380
2599184
2568965
2562464
2569498
2532880
2734022
2578498
2537330
2537518
2556344
2556885
2607337
2550998
2623048
2526418
2535257
2693095
2570241
2534684
2569034
3128886
2559510
2540174
2548791
2557298
2543064
2530887
2696332
2562608
2534447
2569605
2554728
2683679
1793200
1045682
5174194
1051454
1058884
1118803
1045691
1165206
1055747
1051254
1040598
1037638
1067233
1039180
1075280
1076994
1047857
1036654
1058328
1039457
1129321
1077208
1063923
1050064
1035744
1040466
1046402
1039217
1064121
1027776
1041528
1057320
1055918
1060305
1042395
1055630
1045756
1037728
1055771
1048836
1041885
1053260
1039475
1042053
1035677
1058803
1044383
1080377
1062712
1039979
1040198
1011190
1047989
1064699
1032146
1052664
1021236
1041874
1092753
1034379
1044421
1037485
1043825
1040191
1036155
1049658
1055204
1106296
1007037
1002034
1041823
1094643
1043812
1041125
1041224
1044049
1035408
1034804
1035394
1059068
1051776
1043305
1071879
1037123
1048031
1057532
1032703
1037129
1032266
1063779
1040741
1050193
1060918
1039542
1043362
1046657
1043563
1037325
1107735
1085257
1036634
1044082
1048808
1036389
1044573
1083421
1037672
1043592
1043492
1033984
1060646
1042786
1053651
1029382
1032378
1042240
1038284
1030925
1016586
1083714
1040585
1043671
970774
1066867
1084964
1041621
1034051
1040965
1054195
1052554
1032738
1085943
1059758
1058560
1027959
1035780
1042017
1064875
1036814
1048714
1036073
1037422
1049803
1033815
1031610
1022203
1035157
1031632
1032073
1065265
1033596
1024957
1030533
1041843
1025733
1051073
1060271
1027375
1039335
1028452
1030782
1032712
1025514
1036818
1024596
1025031
1044702
1030159
1034383
1039097
1028521
1023508
1026127
1045970
1023569
1031479
1050432
1026558
1018578
1016918
1024603
1019339
1021022
1039526
1017323
1017665
1023700
1014344
1018757
1022907
1032435
1025651
1018637
1029400
1018603
1025219
1014599
1035038
1020089
1018673
1036535
1021141
1018541
1019802
1024948
1020362
1022835
1024401
1017840
1023666
1012904
1025836
1017378
1013286
1013715
1000646
1010001
1001713
1007363
1028836
994073
1049547
1003181
1036353
1019088
1034944
1038683
1034087
1006403
1002426
1019220
989707
1010296
993455
995850
1003406
1032894
992278
994615
1004696
992874
997784
1000485
993685
995602
1210036
998843
1000746
989549
1284768
993220
999055
1014368
987213
974591
1437726
1026636
995795
1198578
1061258
1181796
1019086
993622
1002769
1002918
1061910
988741
1013781
988373
993934
1077862
1090597
1043937
996685
983710
982966
989350
985189
988636
1023555
984377
977310
979171
998617
982283
1083873
1106043
977242
974241
986207
975640
981182
965335
1004270
959875
964690
984548
972447
965300
1003277
1010576
970269
977948
1017871
960446
987969
929546
1066673
983796
948063
979347
995102
1000254
1048744
978163
963376
969421
959899
971228
963817
961032
982851
959186
961101
936999
1216478
949077
980392
948216
932997
936518
931575
945633
938748
985702
931566
955247
929467
928828
944496
949303
967540
928401
1021870
931490
936140
932528
961835
961462
1107692
1037882
928542
928502
929351
953053
928050
1177615
959719
934449
928883
927662
943152
926559
953128
928061
951904
931842
930645
942350
941717
940586
926524
938004
935985
925106
1015551
951948
923830
925839
931707
956928
923761
938087
946429
942918
932842
928341
942741
930074
926642
970939
952989
931720
1142153
956541
939536
932393
934151
955797
943976
941057
956595
937490
934118
928633
927641
935329
932218
942017
944754
959305
1060704
997784
947057
929509
934026
932970
926205
930190
952779
942175
930238
962512
935518
926319
924782
1009393
949966
1175050
2296980
2218314
2263373
2274650
2664538
2285507
2340677
2234683
2303707
2266753
2291277
2272034
2303703
2297848
2488077
2311453
2269771
2278637
2250946
2394551
2383043
2239680
2263410
2315117
2248580
2254834
2253030
2241560
2293817
2245926
2271404
2267567
2259301
2233959
2328637
2251440
2258797
2250706
2234093
2279147
2259957
2239750
2247994
2275073
2246644
2274030
2295180
2302153
2666768
2327226
2298097
2355757
2242826
2270987
2257187
2342414
2262683
2273250
2221151
2246006
2391537
2360471
2257054
2238663
2238383
2253903
2239180
2452011
2288590
2247933
2249743
2251097
2235944
2321774
2241106
2400277
2942896
3201410
3017913
3401874
2508534
2164460
2195613
2201830
2171003
2180550
2180500
2176856
2146767
2260230
2196684
2151749
2173171
2177093
2153806
2157970
2140239
2160240
2224796
2175390
2177776
2157126
2136513
2171626
2140483
2213683
2187390
2135083
2170407
2147187
2145770
2158941
2155723
2179270
2177823
2145036
2187124
2156550
2185627
2306807
2152526
2193217
2200253
2170423
2138604
2166756
2157110
2175561
2207374
2142347
2188477
2159537
2155727
2174177
2160026
2168360
2282204
2142999
2181453
2178933
2173969
2179304
2378143
2358677
2346957
2221586
2175313
2186976
2160423
2172426
2158483
2183203
2173209
2146201
2199507
2155930
2137873
2159863
2171377
2203589
2167623
2141040
2181837
2156733
2145930
2172914
2174739
2183313
2196413
2160910
2190097
2156617
2171267
2173140
2172877
2219500
2146484
2160227
2187597
2152429
2170200
2183237
2162300
2183997
2167773
2154856
2232343
2149144
2171326
2176357
2166786
2232500
2166613
2114833
884783
901697
891818
884252
886805
1127026
1997295
2819401
1706192
1360757
1310390
1379705
1304167
1314701
1333552
1297396
1225521
1250801
1230909
1270561
1255715
1240550
1232767
1244223
1239389
1231297
1232411
1234499
1242615
1236572
1255104
1530625
1229517
1237138
1241615
1233548
1232797
1240261
1231611
1229268
1242757
1228318
1253806
1244861
1228206
1241123
1242195
1226056
1222632
1238717
1236441
1221833
1234025
1247936
1231969
1235545
1225492
1242789
1228504
1233011
1239747
1226413
1226223
1238088
1236831
1230100
1237867
1222193
1224736
1237394
1221553
1219731
1244596
1224361
1222757
1234416
1223708
1221701
1237671
1232020
1254086
1258718
1220465
1247147
1218045
1234579
1293442
1218424
1230023
1232377
1216709
1229246
1233416
1228226
1253740
1252081
1227110
1213709
1270730
1215391
1224139
1222075
1216821
1250441
1217202
1225556
1252077
1205597
1223362
1246380
1286833
1215138
1257503
1215447
1215989
1224298
1289201
2005932
1241495
1977124
1246029
2004838
1429048
1973560
1244137
1959455
1235801
1969442
1236400
2529878
1227458
1985677
1256623
2002048
1217563
1948494
1216828
1945266
1234827
1957258
1245137
1951728
1206622
1985330
1232840
1987115
1218802
1973411
1212666
2041533
1217925
1959558
1218096
1965634
1230687
1956141
1243323
1949686
1239566
1957087
1237955
1993050
1210600
1972972
1222727
1995322
1212155
1970566
1270615
1953860
1245135
1949286
1207941
2012980
1195998
1926657
1199319
1953174
1236611
1941801
1197272
1958470
1200565
1933548
1209166
1943347
1211164
1936454
1191522
1938215
1188090
1937777
1187164
1934638
1186685
1956063
1203455
1936681
1227161
1928818
1228233
1943890
1292033
1983702
1198222
1951293
1175854
1975247
1185576
1961761
1182890
1956519
1205006
1947440
1199650
1945721
1186994
1936771
1195275
1943173
1190885
1934275
1188853
1941276
1069908
1020855
1003071
1036695
1026816
1012304
1076560
1003569
1014994
1002965
1036606
1005893
1014517
1005712
1003068
1044690
996849
1025655
1025125
1010199
1000127
1007876
1002956
1014483
1000057
1000611
1036843
1010187
999744
1046995
1016078
1001718
1004401
1019847
1003734
1006356
1013524
1014183
1015786
998786
1014609
1007964
1004866
998083
1021473
998801
996766
1021838
1009574
999336
1004841
1017358
1004365
1012029
1001863
1013872
1004220
998027
1036437
1001403
1003785
999875
1001548
1003070
999209
1040775
999502
1003890
1005429
997265
1000866
1000083
1008501
997660
994678
995050
1000755
993043
1004593
1008456
994596
1000370
1023438
1019575
999259
1003553
1009298
1002604
1003515
1017057
1002173
997342
1006320
1002917
996275
994268
1008920
997115
999155
1003813
995907
992995
1006481
1006944
1006032
998356
989935
1001289
994517
990519
1005236
989797
991565
1016031
1009443
987863
998107
1009992
991557
994617
987134
1000062
995684
1000001
1031788
994843
986321
1014153
1008597
1069444
991857
1011849
992962
984681
1003706
1010531
990154
994665
1003762
984042
990262
1051607
1024606
1044362
1008159
1022470
1023664
985585
991476
1009783
986122
986417
1003115
983938
1009176
982833
998861
987773
1013714
996431
983040
982795
979048
999460
989089
988098
1000898
991255
983322
999683
982214
1002321
974238
988496
990395
985609
979032
976718
982329
978363
986386
1017237
981169
987481
1012868
1010236
979001
999059
974244
983351
976259
989150
990857
986682
988594
1042897
977620
976206
1000437
1020501
982439
994846
985713
973047
977494
988068
991826
981603
977916
977828
980932
996605
994673
997548
979803
976289
1010257
1031499
1014019
1011571
1007670
972998
983123
986546
970957
977559
1026502
1011830
988147
969936
982428
972266
963750
974487
993192
963232
966276
1063868
964053
966318
1011135
960938
965856
964036
968740
982595
1010749
971223
963574
955498
985428
980578
954763
954118
1150561
955709
953841
962650
974999
956721
962281
1011175
956793
962700
973436
975856
963612
955870
978585
976884
958909
954148
983685
960274
955371
957283
969532
958853
963296
953704
966295
956029
978134
977351
953983
955271
954317
970168
952615
953710
957099
962484
957224
1051395
977491
955837
956229
954363
969571
957604
958743
964495
951859
957150
952576
965543
956414
1200426
1498020
1047838
952635
970832
950532
949008
958260
966217
962808
1039871
1020117
956860
1378669
1046843
955082
958978
955785
968360
972253
1018913
969855
948604
948825
948062
958232
957528
999771
946404
959323
953099
945050
959195
953462
1072035
953216
973753
944730
943038
961314
945431
982135
953696
970442
958162
955302
907948
987606
1017611
936937
895902
874730
876562
879320
881368
887904
922942
902562
961850
875297
885514
874411
920484
958201
902266
887120
890147
889242
874883
874079
898064
928133
869624
875992
894368
871413
870223
892334
883413
1215875
922965
903309
872152
877339
869525
885668
946515
873349
924487
870581
870826
883504
926408
869272
868912
875573
889272
870163
875189
868878
915826
872326
903077
869883
885141
874490
867680
904694
917081
871947
991303
892854
875072
865991
868456
934272
865322
869717
783182
786585
774094
779967
773146
771463
903651
770322
781763
772149
806446
771089
771788
777333
831581
778413
773115
777333
777664
785922
772546
770797
774506
814772
768287
778725
777508
772813
779420
773936
770618
782866
783828
770247
771539
770843
782939
774008
770347
775496
822205
807226
767228
764899
765410
770393
766789
773025
772553
787582
774274
767318
768208
777542
772651
769674
794355
782275
772975
767129
766062
781862
780083
767406
774178
798786
777319
765729
775527
769863
766597
793125
769192
821702
861276
773782
755390
760360
757933
773179
765383
757388
792318
771654
787395
777569
756428
763608
772678
755419
807119
997823
777094
757122
770421
754902
755425
779732
756853
804640
760569
780655
758845
758551
754573
759874
765540
776641
761841
755001
768849
755696
760506
757781
753125
755597
794057
753523
753106
771290
753961
750400
759833
776202
753545
779257
753099
770527
756029
752645
755316
748954
765864
755879
741030
738947
760906
772192
743668
736732
735890
750823
756554
759868
764338
745803
739652
735204
736220
737660
746709
740959
732932
735979
747435
732278
742297
741078
732758
743517
735222
738240
734028
734216
736836
730543
729438
733487
752477
741558
733429
733881
734151
5043309
784586
874744
737920
762280
740802
732337
845654
746845
739109
826297
731720
765577
760323
729546
720362
717203
729457
717702
907092
721405
718990
725389
717581
744982
739643
718236
720381
718170
763952
761105
717886
716207
734700
730605
725167
1045571
720608
719127
734241
720102
724672
716116
815027
724592
720195
720641
739389
751611
715542
714758
724069
715596
717655
716810
714896
714886
730377
719442
713070
715055
714132
726843
711103
712941
769034
708220
711411
713220
710146
709030
729766
709216
715094
707438
708564
727177
710509
712051
707431
716601
725750
705856
725574
724323
764332
930216
751885
708907
707904
728323
707444
703236
705074
717842
704592
713913
703687
703410
717519
708866
705806
707751
719132
710133
707155
654214
657004
666610
651549
654322
656666
651253
672560
680321
660380
657443
651438
670021
653265
665915
654100
661635
672842
657727
651751
650931
670580
678246
660317
657476
652745
652926
663600
669388
653051
658791
655330
670657
653047
658430
654913
657843
677807
696031
674348
676411
676776
700434
660078
676321
678336
695878
861251
932289
931313
925028
937398
664913
661167
652848
667145
697407
655993
651350
651034
666534
648604
668706
648776
656996
676777
720703
646073
647865
646532
664791
651971
645308
826964
715818
661940
715212
647704
648480
746893
644083
659826
670578
684818
660509
644999
674099
820462
715532
696004
666860
658731
723481
668354
684120
657246
646716
642797
665442
640496
671738
640227
685691
698544
646259
651379
738650
640756
663818
682841
641297
640963
646631
655691
640221
662428
666165
639949
661232
721732
894209
874961
701666
672720
661385
648270
638723
684754
640096
644445
725402
711710
734092
730127
727775
727140
755539
744263
742273
738132
690344
679267
887613
841605
838191
887625
651931
643103
646794
663669
642959
702710
639377
656751
635676
692168
636955
636245
634712
622245
617802
617720
615101
619866
667452
613972
613040
635521
620517
624451
614412
612559
619859
614711
624376
610953
644895
612016
611784
613685
615075
632604
617404
614555
666209
638011
612305
612135
613870
614850
700341
619443
614692
611780
612807
650124
611418
745822
619408
612628
618957
612186
611899
610677
617903
672534
622161
608097
610045
617023
627784
623403
609758
614993
609745
628276
620705
704631
658421
612503
613477
617944
609782
610276
607075
613194
629712
609815
645612
622654
608272
628332
607612
606355
607686
614520
605653
638363
635355
608346
613685
607809
621865
612864
607279
607560
607589
621682
607284
628468
606655
614009
608102
636153
609009
608762
613543
607516
618505
629745
668723
607393
607688
624249
610757
605533
604983
603912
618198
626157
613308
608368
606500
624484
626523
604998
604373
612592
605197
629812
640177
612133
607026
630695
604327
626501
606728
613295
607681
609283
652961
608240
607818
605391
607920
631282
615266
604873
604990
625442
625508
636087
605877
609779
604465
616030
603814
603092
615663
627531
745143
799697
940244
636242
629641
607951
606212
601924
602012
643782
631370
601610
600346
601283
603896
612798
600621
600342
599505
601663
635731
601826
601186
602550
605996
600078
615787
599532
605214
601394
628089
615540
607932
601721
599038
599837
602628
625277
602596
599717
603532
639248
610863
597883
600324
599738
599533
589818
590066
589541
594365
592423
617424
601076
589837
593242
588829
588763
586388
591014
580223
578210
607855
583343
590105
583604
580110
577955
581846
598612
581227
579081
609033
580924
592424
579796
583539
579625
582192
578136
589080
577299
580958
608037
578761
588878
582610
577482
577159
579786
581671
587948
582893
576899
620874
579028
593943
576055
575758
586365
582525
579882
614518
591987
597943
598558
584312
575663
589091
578295
582185
575800
576994
586558
611894
577673
598736
568750
574728
580653
564327
566186
588806
565658
570401
569598
565819
599111
567236
566264
576260
581031
564146
561181
577268
564875
863277
593203
566958
569166
567091
577084
564338
570277
565505
563510
586720
583493
599823
565251
561947
627517
561781
559975
560743
562181
556858
584026
576094
556861
540251
508427
506989
518913
508404
521319
507406
506211
505816
517070
527221
505183
524535
510222
507095
517719
510518
506488
509320
507385
503187
515685
505870
511144
510267
511241
504701
505138
517291
505517
509682
566814
504190
503590
517992
634435
631116
648700
508964
520819
513513
505959
507045
507708
523367
551923
669134
512839
508875
506514
505681
521019
505313
504348
505003
509523
504719
504592
505419
506834
510341
505281
526842
517729
504049
506754
503018
508508
502875
555239
504024
509976
622078
521425
521773
533555
527522
523495
522040
523305
535407
538909
521416
522783
520887
524920
531007
532271
526720
531129
522596
624232
550693
536615
525171
558613
523068
523411
523369
533689
520398
523215
521428
534673
547816
533757
521559
522587
521692
521614
526527
531059
521050
521140
552226
536619
552100
535934
520272
525839
528936
520526
519079
529426
521097
527377
520954
544308
526271
530446
520075
520377
517794
517794
522506
528709
521535
518993
548460
526891
534288
518015
539915
520812
521844
517281
526956
519072
520259
518531
579872
521510
536358
518139
519721
516894
514392
513970
528179
514657
544342
515401
515059
521305
527144
516587
528997
515252
514996
518971
524083
513448
513960
540764
518802
513220
526899
515096
517323
512250
517683
512129
521035
510333
516880
538548
508500
508754
522680
515002
526690
509947
512210
507946
512827
517740
528598
510108
509704
509443
510721
519222
507394
508851
507999
506845
506996
519256
505746
511950
509257
513083
506312
516862
516629
524542
511356
506331
520370
514300
506693
506562
508221
507745
515968
510100
507562
505077
504342
503073
509632
504660
504372
505982
519578
506014
503137
528792
516216
503289
530865
504368
500781
536473
504298
522228
503400
512831
503724
524252
506247
509561
514346
504482
509452
521618
509396
502637
502123
504806
507728
526819
504164
502762
503117
509072
506166
514744
517060
503664
504532
511413
503273
504155
501902
503860
508953
502654
502830
503606
510416
506449
502568
501775
502100
508780
513203
505648
501144
499871
502383
501650
511552
506961
504211
503259
502007
509763
502753
503007
504683
507694
502177
504851
524865
501558
502991
503350
502875
503820
513883
504535
507907
503469
502622
500705
511248
507724
501465
500670
505385
501971
551521
327082
322097
319051
317468
317505
328596
318545
317296
327364
317095
315971
321042
320104
318274
367766
318128
317454
328251
313679
313691
316846
314500
313411
313468
311253
310258
321936
314653
313452
312135
312097
320356
317696
311143
310569
309633
312295
310748
310366
308891
314537
