45209222
27741690
23040929
21813272
21344961
21095867
20831516
21013496
21157713
13607070
8723601
8966638
8632802
8867756
9787188
8942433
8792945
8730700
8568554
8582917
8939075
9170738
9511595
8641956
8766534
8649358
9076181
8893549
4639881
3874489
3470806
3542275
3519347
3524178
12748869
15804738
3536325
3494907
3655910
3781035
4852552
4933152
3432465
3460595
3435954
3450880
3653752
3647095
3576383
3429047
3401073
3555284
3485500
3463648
3523186
3510962
3525677
3466396
3435541
3428540
3422817
3481912
3395362
3529987
3441795
3464228
3439168
3431661
3509289
3477887
3495615
3646722
3622455
3558767
3495096
3517235
3574785
3619725
2699653
2625241
2715161
2858042
2573100
2597658
2618266
2651417
3559682
2580193
2625752
2596332
2592400
3328757
2586790
2583936
2582436
2646880
2754856
2599967
2544560
2571490
2660376
3022531
2860993
2613043
2606386
2612477
2636662
2566168
2598276
2599797
2603486
2610992
2653014
2676602
2646087
2599913
2601110
2767858
2585973
2621202
6721473
2720981
2567286
2746681
2712139
2626907
2613787
2559792
2788313
2561027
2591801
2669168
2677427
2683003
2728418
2730418
2682285
2716085
2651434
2774923
2702931
3032014
2681867
2626835
2663886
2580801
2819653
2542295
2583642
2605621
2873629
2607585
2563541
2540907
2554671
2563627
2666596
2554451
2532255
2521510
2544151
2526229
2543640
2531034
2536518
2571836
2634474
2593961
2561351
2587293
2533686
2613191
2595292
2596949
2554189
2606074
2537746
2517172
2537067
2568493
2546108
2527088
2532771
2538557
2533342
2568798
2567588
2568767
2654361
2627222
2585440
2560721
2568184
2555492
2644424
2619140
2624874
2641008
2615752
2639818
2648334
2638007
2626750
2625506
2609340
2630649
2633117
2652573
2719200
2648321
2672228
2687599
2665697
2611563
2617738
2597531
2594546
2610469
2615032
2626916
2631541
2617400
2596284
2612262
2637612
2681889
2633636
2608092
2624968
2657368
2676657
2682151
2591100
2597780
2604755
2601293
2598272
2611788
2582363
2584123
2592547
2596066
2616608
2603322
2582334
2601438
2658864
2700292
2590073
2589156
2586596
2597436
2627395
2622546
2614201
2617814
2643726
2668677
2688530
2628863
2624714
2671417
2678575
2640096
2644392
2670510
2650787
2633815
2650314
2632880
2623393
2640326
2635422
2650032
2619866
2635692
2641290
2669011
2677274
2698421
2633347
2647765
2688150
2703022
2698190
2703795
2695079
2665281
2684065
2712012
2691952
2697534
2686291
2682469
2607916
2765128
2638648
2611836
2621277
2649235
2635646
2629573
2774470
2664547
2614683
2622245
2961894
2950928
2650577
2634678
2649488
2665187
3270543
2654466
2631270
2636239
2708563
2693033
2722777
2665824
2615155
2623043
2656686
2631119
2623610
2611576
2623191
2646399
2639503
2593674
2609239
2627555
2627886
2692607
2639466
2704722
2674840
2744420
2636591
2592140
2628821
2614793
2593904
2617896
2611978
2647139
2621773
2698158
2686293
2645617
2763115
2722511
3839609
4057506
2914049
2592350
2729604
4194147
2632678
2606661
2643358
2671240
2640732
2635484
2641917
2630366
2621855
2637045
2657329
2823715
2637207
2689204
2647935
2614850
2637177
2655484
2640981
2621335
2660187
2739441
2662535
2631022
2621417
2648969
2687444
2642933
2633269
2755849
2622173
2636693
2732795
2662627
2660340
2643542
2635736
2619481
2625069
2623283
2617164
2641829
2629570
2612905
2638364
2633862
2679509
2651126
2631104
2682251
2637609
2647604
2624119
2622767
2640165
2614718
2630401
2622486
2618621
2664587
2784843
2616628
2657877
2621322
2705677
2668856
2675862
2718387
2780584
2629500
2687111
2656241
2610242
2654013
2601461
2611527
2615638
2689404
2614193
2633178
2608047
2678861
2636240
2659883
2823253
2641214
2677596
2775389
2770148
2709387
2624104
2734287
2684215
2723612
2719565
2704935
2641237
2625857
2658794
2620425
2601231
2593129
2616336
2621971
2600070
2626068
2600091
2619980
2599234
2623786
2629609
2597722
2746355
2585850
2611664
2589748
2611829
2675038
2737157
2724636
2675820
2797162
2634045
2589696
2606717
2692716
2653231
2607317
2593879
2581148
2581318
2677482
2728024
2578137
2603048
2602262
2607657
2603957
2619582
2597027
2599058
2776358
2675301
2591586
2590723
2619650
2565490
2605166
2715129
2571233
2593623
2582905
2574306
2634545
2597039
2611201
2600937
2580115
2558775
2604804
2588437
2579483
2568374
2566484
2578432
2682309
2598564
2561538
2684569
2576761
2611213
2548798
2565962
2557687
2557778
2566154
2689620
2642450
2577673
2589686
2591127
2562895
2623138
2627177
2569114
2593228
2564840
2546712
2764419
2605298
2561289
2591080
2635006
2611539
2569490
2617027
2614364
2618471
2579364
2795947
2582520
2569587
2566955
2544358
2571932
2580842
2545576
2647833
2577059
2548547
2588419
2642036
2561273
2550178
2607341
2568350
2651418
2628831
2699558
2526441
2586872
2605368
2590265
2583254
2561488
2558998
2561422
2567355
2533321
2680969
2590988
2687356
2706604
2564837
2547289
2529634
2584179
2564202
2542176
2598893
2939369
2559930
2573314
2558373
2563144
2541173
2573650
2535329
2584638
2560554
2573980
2526176
2565601
2535641
2548658
2577430
2549419
2524619
2577227
2577551
2553157
2557684
2606548
2575956
2547121
2634144
2570921
2566134
2604160
2576960
2520335
2518803
2560131
2559037
2572972
2563108
2542918
2520892
2556265
2568133
2559151
2618726
2569272
2520416
2635127
2661400
2547897
2562004
2556030
2521887
2641599
2556560
2510144
2540269
2656081
2513598
2566979
2584957
2530166
2537684
2527161
2520756
2698800
2640875
2559265
2518299
2535168
2597807
2519972
2541500
2528459
2531708
2529036
2521893
2537975
3307126
3962772
2750758
2511981
2517861
2545690
2522350
2539225
2538771
2525825
2526967
2526505
2544081
2514005
2521123
2505618
2507376
2534790
2500839
2507892
2534045
2566623
2516850
2545836
2565864
2498908
2538877
2555624
2529851
2558672
2547460
2491125
2600032
2553961
2545367
2532805
2594141
2577544
2919406
2586178
2545820
2659418
2531919
2494300
2635316
2515195
2520249
2529012
2526225
2498796
2520378
2510579
2482823
2510644
2507869
2507324
2525327
2732506
2478735
2523794
3390599
2915632
2482417
2530055
2552970
2508862
2485628
2521874
2480627
2504694
2577748
2491207
2529969
2541118
2529269
2524994
2519368
2483714
2651892
2506288
2484870
2473388
2500876
2893542
2494159
2580729
3086614
2831548
2483762
2505714
2464392
2495623
2486752
2555064
2506686
2516933
2519434
2503612
2530206
2488373
2488461
2505507
2625763
2515486
4376509
2474465
2788201
2574387
2577807
2658085
2533584
2520718
2546969
2494002
2623654
2571616
2494563
2480520
2501455
2497538
2528092
2503019
2505705
2483864
2691952
2560475
2556065
2520956
2504635
2507278
2548804
2520799
2503519
2598756
2481855
2602099
2512568
2533263
2459535
2573369
2548127
2671168
2460249
2470929
2486274
2452118
2471711
2490576
2471181
2460521
2563135
2538734
2488858
2508647
2529722
2498730
2505110
2535209
2509388
2450135
7109473
2629442
2621784
2543665
2547686
2579157
2669477
2487846
2943049
2475773
2557389
2489428
2494242
2694508
2833891
2603488
2444903
2462928
2472780
2433330
2528301
2504816
2490343
2480691
2455285
2554117
2771917
2566390
2452266
2543318
2473912
2475134
2491878
2457276
2446190
2466778
2449822
2471326
2485337
2471280
2536875
2519808
2445370
2476236
2484373
2457713
2558499
2498794
2530244
2519729
2532141
2459823
2537783
2464861
2476885
2554442
2504758
2516085
2498543
2454241
2601144
2470564
2580956
2762230
2660317
2868289
2462668
2402178
2456433
2416566
2406784
2407989
2409528
2406894
2436842
2385118
2412246
2438134
2427506
2407527
2410810
2401894
2410687
2407459
2423614
2472564
2601375
2422937
2441599
2513944
2452091
2516975
2464630
2511464
2460795
2504155
2510732
2545942
2483926
2513562
2430612
2431200
2501327
2471966
2400974
2401985
2663460
2388217
2397296
2409417
2368603
2385394
2381853
2358250
2503624
2450869
2482704
2630545
2385754
2457678
2571227
2478493
2438138
2430896
2391791
2394737
2766046
3885985
3473296
2475790
2468337
2521576
2467533
2503728
2479910
2422250
2506820
2404775
2416735
2540076
2399341
2368566
2654996
2370700
2366602
2377369
2408594
2416789
2398328
2377811
2416239
2386874
2347810
2366632
2365910
2384314
2428906
2372597
2491893
2386459
2344469
2349105
2358882
2378903
2379263
2342636
2355330
2397235
2385895
2383384
2341997
2377476
2366568
2328144
2411286
2372527
2342746
2362503
2371055
2401847
2354650
2376401
2508632
2454097
2480114
2513478
2488297
2407829
2441615
2333182
2373147
2447199
2395446
2351042
2510567
2335270
2338821
2365245
2381316
2501868
2377289
2394601
2353226
2352372
2394781
2520544
2467255
2408658
2411021
2356335
2491574
2489131
2433345
2350939
2380650
2429525
2383489
2407228
2384248
2357919
2429567
2417895
2409158
2423384
2429919
2476487
2408937
2408466
2466514
2435059
2514005
2385150
2354809
2309724
2355824
2355531
2323314
2375827
2359073
2299483
2313951
2317564
2446736
2320712
2329161
2333537
2346469
2362930
2443395
2424712
2420474
2429412
2328211
2325420
2324948
2341398
2324071
2335566
2314465
2343050
2355272
2303647
2338298
2350714
2322323
2376915
2365770
2328622
2428997
2418397
2338228
2324437
2332165
2320725
2327109
2345870
2334307
2373283
2349968
2373208
2338369
2348475
2312709
2316929
2329511
2317262
2358327
2414005
2329555
2321855
2396391
2374317
2375442
2321573
2358011
2346470
2317123
2344579
2496337
2352325
2356793
2288517
2310000
2302828
2362179
2290895
2310563
2311312
2296563
2281343
2295688
2308902
2291664
2364413
2389012
2323120
2385138
2289154
2395234
2297566
2285695
2291537
2325399
2292056
2281743
2294367
2288326
2270081
2294656
2272612
2427419
2286410
2282200
2362673
2346976
2271614
2320499
2376728
2310250
2281909
2269359
2279084
2308251
2275925
2313111
2291014
2284009
2280090
2324349
2333921
2263000
2334671
2270182
2280587
2268716
2343825
3002186
2614989
2459682
2299635
2275709
2265036
2309984
2278085
2459542
2328659
2289515
2319686
2309856
2365505
2333644
2288159
2280363
2274780
2318754
2947325
3007949
2291088
2282237
2275190
2303378
2321866
2306940
2301863
2305046
2269961
2275826
2267191
2280608
2275795
2262980
2359155
2275830
2328869
2267189
2281371
2276939
2250230
2268259
2377495
2401793
2418079
2587245
2364063
2248378
2313915
2386873
2261073
2264885
2244890
2253714
2254584
2261784
2269195
2244855
2272220
2238360
2246974
2246492
2246741
2244615
2240984
2253227
2237648
2241650
2283358
2262464
2249223
2251611
2263145
2337374
2417263
2284839
2247115
2243346
2242105
2231923
2239201
2323090
2224781
2270596
2235780
2244477
2229267
2293313
2243748
2230636
2249290
2245459
2273807
2242889
2286756
2266481
2276179
2276905
2254949
2302320
2389850
2240628
2262365
2392672
2411049
2405327
2275933
2259164
2242989
2277165
2312248
2230808
2230250
2277179
2222664
2238586
2241330
2215284
2237006
2229296
2427770
2254203
2229253
2233798
2232810
2279543
2298274
2233564
2397242
2215880
2243388
2230806
2333920
2243100
2224890
2203712
2252487
2207078
2219968
2680774
2270378
2334988
2684973
2732464
2809158
2412866
2229294
2208794
2201684
2211463
2196018
2249700
2218498
3333433
2301029
2257652
2233077
2372846
2268517
2194922
2212937
2198309
2211098
2207177
2270195
2308067
2361272
2286442
2317127
2308330
2279249
2234417
2326416
2274222
2281607
2296789
2286784
2395200
2381234
2356478
2365598
2397621
2440870
2347368
2410125
2420981
2404647
2399464
2449794
2340754
2338148
2336141
2327646
2329132
2349755
2573207
2389710
2671366
2402951
2276664
2319563
2364726
2299938
2290152
2336113
2667768
2583969
2339584
2287734
2273598
2312268
2291479
2271910
2281132
2485315
2284643
2293388
3031871
2275377
2290520
2282256
2308461
2286429
2284501
2319313
2273594
2286603
2285286
2280236
2289490
2264119
2342600
2461454
2285238
2286026
2263628
2285392
2400686
2317876
2358031
2298643
2268338
2283006
2263672
2283342
2483050
2285340
2335038
2334631
2306177
2273985
2308576
2295610
2575564
2509520
2270142
2275612
2305382
2264832
2264264
2273249
2265725
2252921
2269211
2281210
2276396
2262448
2260388
2277285
2255927
2293598
2264374
2268136
2275994
2267316
2264207
2258451
2281233
2279146
2265079
2307942
2289940
2262744
2358964
2252501
2267439
2278673
2253267
2266402
2250882
2266781
2259615
2247075
2264546
2297822
2263645
2274356
2277617
2317616
2254398
2278005
2343785
2296409
2332665
2292772
2300333
2291611
2298720
2309573
2285595
2270979
2325916
2289158
2256751
2292011
2279980
2259929
2248386
2334386
2267719
2243483
2340186
2256970
2337685
2257981
2231100
2261405
2291750
2259083
2342923
2234264
2332091
2396831
2340044
2281373
2285830
2226213
2287655
2268337
2254611
2251290
2230250
2242899
2289852
2283018
2255094
2226318
2237413
2252682
2284583
2446259
3357251
3393920
3400850
3385905
3415007
2821494
2233897
2256113
2256674
2254561
2201640
2231259
2355530
2225249
2207815
2270407
2195075
2199816
2203214
2226363
2408308
2393046
2233993
2244507
2230635
2297502
2215701
2320482
2235798
2197338
2212399
2177250
2198506
2278527
2180447
2213052
2175161
2198355
2185043
2220963
2302348
2185229
2197186
2191370
2213864
2179691
2167836
2194651
2166606
2180486
2188109
2229288
2203681
2199311
2282833
2289826
2255190
2280593
2289445
2255847
2199446
2177759
2219945
2175929
2204502
2196429
2181120
2214390
2184079
2186837
2193056
2220860
2178557
2190656
2243671
2219805
2270754
2169324
2177473
2156356
2173776
2184868
2184036
2198791
2156179
2184946
2188392
2225823
2183391
2217486
2168540
2194143
2273968
2184605
2150878
6517292
2373494
2310754
2297452
2195578
2376717
2272885
2150832
2158730
2253028
2199899
2190522
2141541
2161758
2139949
2239733
2228159
2159001
2178913
2176575
2164590
2138815
2131772
2271541
2170752
2161227
2198411
2184233
2184077
2130283
2187980
2149073
2192489
2123288
2188023
2147477
2132206
2187958
2176369
2134409
2124087
2185627
2126608
2135750
2122808
2176960
2157931
2122418
2175899
2130574
2201545
2131892
2215826
2159472
2176028
2138363
2130754
2172516
2131510
2169709
2157200
2112685
2122795
2174446
2167403
2132461
2115699
2135367
2184682
2136043
2190597
2169778
2196535
2123620
2137410
2127608
2160413
2159050
2106389
2139320
2111372
2179319
2110016
2139271
2177823
2150818
2136084
2114562
2129277
2104830
2202669
2148938
2144355
2119307
2195522
2149956
2167326
2131285
2149831
2137115
2117409
2118763
2117809
2132192
2125272
2198190
2099876
2146413
2126278
2215257
2123271
2134104
2205115
2153273
2174433
2091255
2112824
2116039
2116696
2115852
2113227
2098708
2092746
2119970
2102181
2109881
2163415
2105043
2120301
2142029
2164965
2149569
2266699
2321234
2172573
2147771
2140429
2142369
2163288
2219805
2134532
2179946
2183546
2138577
2183907
2137114
2460916
2876777
2132627
2174848
2271807
2158319
2310594
2228397
2154759
2183483
2171526
2166641
2145690
2139123
2155647
2161247
2277359
2156953
2147395
2155772
2144934
2193399
2132146
2142979
2125999
2157506
2205873
2144902
2156956
2122385
2158834
2125836
2126860
2140241
2140532
2154884
2125037
2138256
2121351
2135651
2122337
2130401
2127931
2132220
2130118
2130175
2134890
2234122
2144698
2145854
2150253
2127642
2130191
2133036
2158652
2141319
2148456
2137594
2131906
2115134
2168732
2127172
2132986
2135330
2129715
2174316
2204514
2176512
2153068
2142653
2114525
2129231
2128654
2109275
2334512
2136130
2173439
2112773
2123295
2134401
2117320
2142508
2175150
2124919
2123680
2128581
2119276
2125435
2120092
2132331
2122766
2119542
2114417
2107779
2112972
2113774
2119541
2114021
2107027
2163084
2107027
2125617
2116138
2110321
2118144
2108555
2122407
2116064
2121906
2104087
2113877
2126568
2112460
2238212
2109293
2132906
2096051
2118430
2113468
2105596
2117430
2113626
2110425
2159321
2111325
2099016
2111398
2116809
2100598
2124599
2106353
2120766
2098848
2127921
2100742
2091823
2112801
2106345
2109780
2103612
2112217
2103726
2115375
2105463
2091729
2106458
2101150
2106824
2110513
3427069
3648511
2365582
2125953
2255126
2223831
2315915
2164301
2640341
2144287
2127220
2189890
2121900
2206672
2135747
2250739
2159008
2137470
2152774
2170808
2190532
2126846
2131004
2151635
2178558
2136976
2172565
2114536
2163383
2145447
2093511
2108485
2112409
2257498
2182228
2120276
2159852
2166255
2155114
2230502
2240657
2180946
2117515
2102539
2088056
2127921
2179414
2196158
2116184
2126359
2135535
2163885
2155990
2163985
2166121
2245852
2146844
2109087
2162662
2117933
2138416
2160456
2172291
2184583
2192468
2250750
2183234
2206603
2861768
3230231
2256150
2116197
2080862
2113855
2091637
2086181
2088779
2093376
2077170
2082943
2256263
2177126
2122956
2123518
2117370
2167719
2140951
2153677
2144698
2182547
2140161
2112027
2162070
2139516
2190647
2119701
2173046
2152988
2185930
2115200
2111193
2216599
2268064
2223383
2124334
2167046
2135162
2358444
2189410
2091935
2109183
2119901
2129329
2113161
2328548
2144226
2166036
2147140
2132905
2174749
2182721
2215351
2104623
2119418
2162165
2152535
2194474
2132652
2826711
2795456
2777220
2274704
5024515
5017765
5041695
5127089
5196445
5075506
5136235
5170412
5242353
5161602
5160385
5042068
5125695
5137499
5071852
5183946
5143062
5079522
5053761
5283136
5730807
5678687
5205372
5491286
5356113
5222262
5221183
5137223
5165038
5133209
5106469
5159782
5062475
5583066
5204279
5044669
5032272
5058781
4966208
5042656
4955388
4986198
5034898
5040455
5022908
4998769
4974189
4959581
4999909
5153362
4981188
5019428
5277089
4941619
4980608
5060468
4941295
4963368
5303106
5241615
5065962
5106352
5120622
4978595
5160972
5044066
5129282
5285075
5177286
5058395
5117152
5056635
5055895
5157199
5101002
5055655
5240806
5062471
4954768
5073905
4969012
4936184
5816761
5602630
5151779
4953428
4977048
5180622
4930522
4981578
5003818
5162325
5004276
5137699
5059309
5267009
5339499
5363286
5113465
5454492
5525707
5179602
5143246
5118279
5031991
5199406
5082616
4971378
4922505
4990575
4930741
5117343
5096086
5026068
4942064
5151429
4956704
4947535
5038258
6019731
5102986
4946531
5007189
7727100
6365496
6303389
5015495
5197412
5315389
5258389
4998062
5088366
5029212
5021376
5229119
5136826
4942238
5030992
5034486
5057848
5043135
5040015
5039525
5275236
5114278
5278339
5109999
5275739
6027371
5279132
5623551
5438817
5022421
5288075
4938368
4980312
5113882
4897141
5130072
5081925
4963912
4919832
5149205
4883921
4843375
4937588
4911505
4885865
4844534
4873118
5275032
5227208
4981401
5277843
5047555
5166496
5069318
4939681
4810698
4931122
9557201
6409362
2059474
2013369
1995296
1961521
1975180
2028073
2132028
1980170
2090743
1962830
1974942
1999220
2253220
2045366
1964096
1991050
2001930
1977475
1963713
1966889
1966816
1982967
1951487
1990450
1963090
1991277
1956940
1962183
2019233
1975977
1971952
1977507
1969285
1953669
1962602
2019225
1993561
1972644
1978157
1956790
1961098
1957956
1984012
1973296
1974837
2020231
1985200
1961472
1966273
1956012
1955775
1952609
1960071
2008880
1946776
1953493
1954006
1958278
1952310
1948651
1971774
2055261
1946919
1952234
1996772
2080931
1952323
1961702
2011482
1940365
2221038
2649673
2714961
2721723
1971625
1942975
1986636
2020134
2002809
1950905
1998374
1925116
1968489
1950341
1954535
1959074
2021181
2020239
2002444
1966308
1935204
1961504
1935802
1965844
1943153
1945517
1934514
1940297
1941531
1959269
1965932
1935045
1940702
1997122
1965237
1978639
1953558
1966087
2021683
1924643
1977229
1957307
1959554
1944723
1941602
2014427
1977406
1964710
1936398
1926326
1949023
1926122
1961650
1972737
1963593
1923214
1930602
1922825
1958042
1972130
1958641
1925553
1958657
1965023
1935979
1930292
1909847
1925950
1957762
1935391
1924399
1954646
1914549
1952518
1946516
2049381
1918014
1947005
1955314
1943036
1914680
2136803
1929570
1940948
1919469
1905113
1999413
1995656
2013745
1974747
1986904
1991040
1983047
1976748
1974543
1976912
2024819
1973202
1998047
1990691
2009674
2001985
1967004
2028064
2038346
2085509
2125319
2021311
1969732
2004628
1996832
1974268
2164063
2004079
1996406
1974040
2014764
1983263
2009978
2025699
2011477
2038121
2178468
2018291
1965186
1977165
1982724
1970112
1983993
1999742
1965872
1976788
1965497
1993251
1996511
1967516
2010452
1973619
1963007
1968213
1975812
2036343
2004001
1962805
1980055
1960166
2002171
1981367
1969904
1964353
1977615
1969966
2002417
1969558
1962053
1968032
1965481
1963007
1987153
1969861
1960306
2061954
1992202
1984117
1954067
1968527
1969082
1961726
1951522
1960523
2056915
1957990
1976932
1934785
1984729
1960946
1983247
1970340
2039533
1971676
1967183
2006795
1990338
1969680
2028622
1988462
1974407
1958786
2011042
2012220
1952293
1982615
1941558
1988278
2377329
2539525
2014862
1984813
2035517
2043783
1973400
1954372
2005714
1998683
1949297
1972768
1990623
2069878
1960644
1976319
1948870
1983546
1961278
1988829
1936088
1937047
1969459
1967090
1932514
1941213
1944707
1945690
1958208
1946888
1943597
2001576
1931118
1940920
1963597
1984918
1937527
1960692
1942195
1952375
1940848
1954027
1979542
1921696
1967950
1960318
1953371
1940307
1902068
1969061
1971407
1937521
1972436
1944962
1957783
1935717
1944439
1972191
2091183
2162770
1984247
1955145
1933837
1950014
2005747
1973861
1961199
1933576
1991074
1937308
1972015
1925307
2006083
1956362
2009965
1939499
1978023
1988797
1942023
1958326
1948374
1933660
1939878
1977940
1938002
1931998
1925866
1960279
1923035
1942899
1928758
1940130
1936398
1997662
1973393
1959680
1980858
1992583
2009167
1994811
1978093
2000943
1968361
2000591
1984457
1982855
1933805
1936818
1941614
1953516
1964456
2046381
2021389
2048965
2063228
2024854
2168778
1983036
1929114
1936564
1976150
2008563
2014247
2022216
2003277
1975295
1940793
2003330
2011961
2008057
2000415
1988404
2004095
2000256
2001960
2020498
2064057
2075687
2054419
2047821
2009437
1986285
2016759
1981792
2002479
1978359
2003268
2008807
1992492
1982525
1948047
1946050
1986996
2012926
1987919
2001643
1982884
2006646
1910364
1938994
1934712
1952802
1909570
1931127
1955354
1952960
1909904
1948537
1978130
1980170
1994982
1985415
2026350
1947290
1953373
2005813
1945960
1935615
1952647
1938156
2000262
1946241
2047576
1946927
1930374
1944900
2029263
2016059
1927694
2011877
1955101
1968003
1970185
1988082
1956187
1955616
1950799
1960658
1936201
1989891
1957778
1934280
2175939
4886648
5101762
4824571
4865101
4843654
4759651
4746387
4747818
4694857
4763365
4853141
4680644
4730518
4695528
4744051
4726677
4824561
4748864
4727391
4873912
4659120
4696788
4797177
4707058
4675167
5155466
4791514
4895425
4904115
4853141
4822754
4858315
4783638
4906311
4943615
4868485
4912375
4759165
4874230
4700898
4811662
4832515
4749405
4894881
4866214
4843495
4804258
4817539
4826177
4822652
4892148
4780461
5015012
5001038
4902041
5008295
4723124
4682681
4942472
4696930
4638227
4865015
4810531
4664091
4676907
4655941
4883418
4795194
4805481
4776028
4850431
4722775
4635610
4665755
5072281
4750211
4767715
4875695
4887751
4759185
5126678
6535107
6717780
7276969
6109288
4675664
4687804
4656460
4669367
4659984
4868915
4646694
4776308
4798271
5466120
3622257
1903739
2084921
1919943
2004615
1931950
1927846
1935247
1889081
2043198
1973099
1974920
1927280
1973634
1951448
1920785
1916757
1976065
1900734
1933306
1898047
1910031
1941823
1955849
1926256
1940494
1889711
1985372
1949381
1976668
1951389
1957655
1938686
2027861
2029487
1997754
2064020
1957206
1970651
2055838
2065919
1952918
2021953
2035629
2025601
1953352
1961465
2002515
1976622
1978670
1971270
1943093
1963983
2168642
2068010
2013156
1986393
2764968
3102473
2812761
2234758
2026895
2000782
2173516
2003200
2035492
2018112
2008046
2009902
1998636
2024764
1989080
2017869
1982375
2010685
2015140
2003154
2015282
2060632
2053731
2036806
2050303
2029233
2068571
2033860
2037930
2015042
2018007
2014784
2009340
2189558
2214296
2024755
2004099
2003245
1990629
2056195
2034258
2213459
2002628
1975369
2431207
1987055
2020952
1972980
2001442
1980943
1995529
1964818
1978666
2011779
1972168
2044707
2085108
2113741
1973496
2043730
2101715
1994121
2061541
2010020
2045262
2029270
2036919
2064453
2015954
1981138
2005946
1989157
2051674
2137616
2063777
2144452
2009742
2044059
2059851
2030471
2031578
2091419
2069516
2051007
2016373
2029768
2059822
2009935
2043230
2017531
2015682
2060608
2013464
2008335
2015900
2005060
2021617
2026907
2019317
2006231
2069489
2060027
2039877
2045881
2004629
1999901
2006366
1993674
2030830
2015880
2053855
2058040
1968476
1957452
1992035
1968338
2027720
1975478
2013439
2103924
2007048
2020053
2066437
2019738
1953631
2034088
2018799
2056940
2018532
2017617
2015975
1992558
1984883
1983559
1959374
1957856
2010105
1945244
1964066
1951342
1958990
1960546
2046860
1974258
1969303
1949008
1974824
1957440
2000365
1956480
2009176
1994752
1974968
1989547
1970184
1991799
1958827
1981526
1950236
1949215
1996054
1976435
2008367
2039908
1986460
1978979
1956441
1971154
1939880
1978130
2033395
1952563
1956022
1977364
3464352
4750152
4999018
4895884
4799872
4794480
4796571
4706337
4764117
4717601
4743114
4748405
4762641
4936997
5033152
4849222
4843524
5017068
4776538
4842748
4892798
5986755
4772604
5105543
4771197
4965618
5061412
4839711
4860745
4849338
4760161
5647997
5372869
4816951
4774082
4758951
4772737
4795697
4788274
4965222
4955865
4837578
4959894
4775755
4867917
4771817
4847348
4895081
4836474
4929098
4944305
4897645
4863845
4889072
4939758
4952189
5016949
4921480
4781714
4851622
4773394
4719041
4762038
4711611
4708704
4738857
4729598
4754631
4735073
4708934
4771254
4816015
5126185
4733028
4709791
4745261
4718378
4736431
4796104
4810454
4721054
4804221
4804421
4768734
5584457
4756681
4729121
4742448
4683671
4698157
4708941
4709954
4704361
4767861
4703767
4700458
4698690
3003388
1965609
1931456
1937812
1937013
1932225
1929042
1936195
1919882
2016520
1935994
1969276
1927889
1935099
1931971
1934383
1928692
2012101
1957496
1948197
1934230
1929192
1925905
1926778
1946705
1930043
1952822
1925739
1947881
1915038
1944352
1930931
1930955
1922983
1948062
1915682
1933375
1924966
1945351
1923091
1930888
1922390
2023660
1923976
1929485
1916083
1928199
1917515
1926287
1934085
1943202
1930244
1922299
1937085
1922194
1927848
1913362
1950885
1915988
1932814
1910540
1916563
1916062
1913154
1925428
1928179
1907562
1916405
1929988
1930374
1924927
1942819
1910412
1915631
1904008
1920209
1912048
1917121
1915888
1922898
1909722
1918527
1910463
1920217
1904806
1919350
1913623
1911176
1907858
1908841
1908252
1905336
1911265
1902529
1928066
1900251
1925709
1906356
1924985
1907680
1915736
1912462
1912394
1898867
1912006
1896149
1928750
1890819
1911645
1900900
1913187
1905597
1902282
1894901
1917455
1896914
1910847
1897737
1918202
1901241
1903417
1893340
1911579
1923261
1905188
1917066
1903076
1910698
1899934
1903013
1906937
1929993
1901875
1912051
1897703
1911250
1891561
1921558
1981061
1911074
1902943
1904735
1902318
2146978
1897337
1952050
1902553
1910504
1898834
1915798
1914277
1912161
1897748
1951652
1897363
1934724
1898574
1904775
1901639
1916267
1896734
1951841
1893515
1889889
1912210
1892446
1901675
1899553
1906815
1908576
1902570
1891180
1897179
1889260
1916808
1882754
1924879
1894524
1897823
1890576
1905036
1902884
1901699
1878343
1950720
1884891
1941073
1902456
1911250
1888727
1890465
1879849
1919951
1904341
1890749
1891497
1885888
1886244
1899828
1935350
1903779
1874367
1897882
1884475
1893075
1897777
1887439
1890065
1896086
2018745
1893278
1878994
1906012
1895696
1912207
1932532
1922883
2252437
2463606
1915042
1882381
1903798
1878891
1909210
1901972
1902700
1919049
1943956
1892789
1899419
1873718
1910652
1924143
1875475
1894803
1883024
1888954
1871614
1877810
1948851
1887447
1865922
2009093
1878937
1895145
1878749
1903406
1888219
1888511
1876055
1891684
1873085
1920303
1871894
1888169
1864749
1869849
1864805
1925701
1902661
1940605
1929479
1923293
1914278
1913573
1913777
1926237
1905255
1913333
1904620
1912746
1909228
1955348
2212699
1921659
1895870
1918238
1912498
1938626
1930175
1943320
1931959
1915117
1918923
1929538
1935428
1938978
1923579
1907362
1935598
1929776
1951062
1926408
1957543
1969164
1964419
2041921
2020993
1974591
1950764
1894897
1886021
1951236
1926147
1996116
1929169
1926821
1938494
2009388
1889273
1919354
1901694
1922916
1923260
2005810
1947502
1925364
1906291
1934043
1923814
1921045
1901359
1922489
1913944
1920164
1903772
1929611
1901211
1903315
1919505
1969553
1960205
2014836
1946632
1976698
1968965
1932652
1907629
1895185
1936522
1891521
1923811
1943666
1907427
1910107
1921891
1895771
1905299
1898116
1903661
1999545
2019586
1998967
1999921
1985427
1993814
2001313
1991815
1975770
1973920
1993942
1981258
1986044
1935818
1980107
1965533
1966320
1976492
1921736
1989698
1933870
1944588
2114335
1981880
1962191
1927433
1888285
1898005
1898130
1897313
1960572
1897757
1903161
1894160
1891875
1899015
1886944
1888401
1900731
1956589
1924426
1929436
1910301
1910802
1933711
1908688
2002384
1909797
1911212
1878757
1902558
1898747
1917079
2500169
2334262
1886253
1892612
1883167
1881571
1882879
1893385
1938314
1951441
1970087
1970579
1942964
1940752
1946829
1977065
1969755
1932916
1970167
1947006
1914235
1914758
1946943
1895019
1912544
1891116
1903383
1870451
1927777
1989721
1995425
1916747
1924263
1915525
1951179
1907348
1913057
1927439
1937401
1986208
1918524
1938156
1924999
1981098
1971465
1935554
1929287
1949222
1911182
1907610
1956721
1940974
2114679
1968238
1909000
1872597
1879840
1946385
1880664
1877740
1884949
2006282
2083139
2086123
1907323
1866521
1875368
1915420
1909065
1866445
1901328
1886368
1943896
1916336
1915850
1876899
1901567
1902049
1889259
1871796
1980497
1869795
1891400
1867214
1881138
1869082
1881073
1863485
1894138
1873923
1990967
1864772
1924698
1891584
1882498
1855852
1861465
1862980
1959844
1887719
1915645
1877515
1864790
1870525
1870505
1870626
1865695
1889886
1946811
1885247
1881976
1884973
1864488
1869606
1888572
1890092
1899370
1872131
1857434
1885328
1899391
1879769
1858025
1893001
2024829
1875332
1863052
1886810
1862459
1898177
1858968
1955868
1860921
1867657
1863440
1876599
1867374
1880922
1931970
1899589
1859851
1925111
1858506
1865978
1858203
1930029
1857263
1903012
1863638
2393017
1866709
1886990
1875134
1858487
1856173
1856702
1864256
1859033
1868393
2277047
2099163
2377544
2039956
1854707
1873321
1942748
1863003
2222995
1922913
1875738
1847795
1854755
1878538
1904855
1878106
1993063
2002599
1887364
1842702
1878125
1947710
2035958
1920650
1966311
1946006
2207203
1921256
1973094
1968432
2026818
1924298
1918006
1902005
1871590
1906185
1906329
1943186
1898488
1903061
1910226
1877780
1892339
1877785
1858041
1893868
1887609
1896897
2032723
1956702
1911741
1903796
1941076
1909943
1864161
1881370
1855418
1876991
1863391
1890691
1959496
1858760
1843002
1849688
1834727
1852886
1863047
1848862
1870823
1853520
1843137
1852966
1851166
1857261
1841083
1881600
1846840
1896406
1921315
1916526
1844035
1871519
1845928
1896738
1842577
1853844
1859526
1928203
1867344
1874285
1861436
1888155
1859629
1906361
1857442
1885680
1859073
1875846
1878604
1855078
1865908
1854324
1864219
1863494
1868565
1848430
1872023
1856751
1854006
1855995
1858732
1974764
1883414
1877823
1891341
1847350
1874016
1850165
1893324
1852291
1860297
1856243
1852716
1849256
1872258
1870703
1897342
1856315
1884718
1861765
1954045
1922767
1964601
1955282
1909287
1907846
1869781
1845310
1883804
1850509
1858278
1852915
1965674
1850323
1856675
1882768
1943974
1899929
1897974
1843114
1861071
1881024
1855009
1844940
1880048
2393745
2199288
1850150
1881092
1845227
1875899
1853880
4552462
1962121
1973012
1838499
1953447
1840726
1862925
1846933
1855113
1848581
1849792
1835782
1961068
1837252
1863413
1985104
1861854
1862473
1914846
1832969
1861227
1838450
1894005
1829590
1882110
1831972
1851147
1835207
1865116
1842802
1946749
1828289
1859644
1992255
1853008
1840920
1861906
1838641
1849797
1833539
1852530
1847694
1868326
1839848
1852361
1840509
1857391
1833283
1865786
1839136
1860454
1833490
1844692
1865290
1867208
1858628
1851817
1830230
1844540
1827880
1842560
1822816
1857038
1827395
1845541
1845703
1846140
1863644
1872457
1873163
1868819
1840309
1876894
1845756
1865210
1855334
1942235
1898122
1883632
1927700
1880620
1853343
1880992
1848424
1870365
1898774
1888542
1905472
1883000
1861691
1929516
1954977
1914598
1872590
1902788
1911836
1966399
1909781
1917798
1895919
1936593
1935487
1931346
1936646
1864085
1860903
1854276
1843641
1847171
1846202
1827554
1830899
1828393
1829663
1836067
1825089
1841621
1846733
1865157
1843657
1923558
1852811
1902427
1857874
1862815
1837885
1851990
1834663
1849477
1835489
1837415
1834795
1885784
1849602
1833687
1836173
1834206
1845944
1839594
1814495
1833022
1849997
1832600
1831664
1869631
1871103
1872870
1870434
1816476
1844332
1819412
1831156
1813558
1817790
1813910
1809832
1856486
1847940
1835344
1819058
1874035
1859534
1921969
1830982
1827397
1813642
1832738
1824623
1921602
2043016
1855832
1831742
1838754
1826888
1821850
1834688
1871761
1830286
1877324
1811096
1827726
1832728
1905162
1894930
1915592
1851680
1887015
1821365
1834642
1816785
1824347
1867384
1853567
1825632
1857500
1829113
1830253
1827846
1853606
1886193
1841019
1817165
1834886
1839983
1855224
1807575
1831160
1822583
1833510
1804770
1845763
1848177
1839696
1809131
1824162
1812655
1826228
1821119
1817712
1810951
1827072
1830529
1928570
1849784
1835701
1802854
1822194
1810145
1825406
1809680
1821810
1804953
1853173
1816267
1809964
1805079
1805125
1817094
1837634
1849776
1823343
1854181
1810127
1836372
1815845
1834939
1810613
1807245
1805616
1851366
1853585
1797637
1832209
1911604
1806166
1801579
1802653
1866977
1852476
1845476
1847903
1839451
1800875
1940614
1857567
1860422
1898606
1853121
1870442
1839071
1801447
1811054
1808295
2145579
1811095
1825975
1812513
1822986
1810568
1823213
1849647
1853685
1810144
1820772
1811014
1811800
1809603
2095210
1806391
1836849
1805051
1812271
1804850
1820349
1805117
1808631
1797114
1844218
1797064
1804653
1794769
1821396
1813821
1824261
1789941
1843748
1795868
1842124
1804726
1799599
1791936
1803499
1795658
1871662
1786087
1801219
1787188
1790411
1822391
1801483
1816529
1828300
1827392
1815027
1812009
1823112
1919053
1813536
1842402
2001694
1877911
1875581
1835229
1828227
1927850
1803656
1853830
1807958
1830433
1868230
1808594
1813333
1865050
1801247
1963345
2881532
2726656
2743872
2853128
2784300
2451552
2852805
2921843
1836941
1771246
1765549
1960554
1769498
1761771
1860441
1786612
1890265
1893392
1787523
1853765
1763889
1779597
1852245
1787762
1902339
1783665
1768444
1797786
1771049
1777164
1915135
1828285
1857358
1907666
1801695
1846673
1930769
1842654
1770829
1776044
1800678
1770683
1754004
1787026
1781929
1775570
1817049
1775144
1784833
1769642
1761149
1792210
1814244
1779704
1819313
1786237
1797168
1760153
1763017
1796873
1805488
1756860
1838988
1756354
1774400
1752094
1789158
1772042
1774026
1754400
1806679
1756011
1760544
1770374
1764110
1768133
1754506
1794787
1944798
1762237
1792456
1857556
1753395
1820856
1746514
1786801
1827764
1777275
1753719
1812226
1752268
1797618
1751495
1785224
1762564
1763225
1744395
1826781
1799731
1911686
1787378
1857171
1827938
1823832
1931338
1828397
1756495
1942921
1923993
1913460
1801738
1798334
1809803
1811456
1806108
1837947
1862717
2282955
2743316
2560623
1750242
1766624
1769719
1761865
1768617
1760327
1773225
1747298
1749580
1730067
1766007
1745355
1743379
1752742
1733779
1764523
1748249
1755276
1748444
1791205
1996044
1951973
1935459
1926584
1792402
1825904
1816218
1799773
1816112
1832433
1822218
1850212
2005435
1816476
1817911
1856725
1811240
2743809
4548443
4633914
4628281
4652747
4463297
4371104
4521097
4372200
4350290
4461211
4436956
4424193
4385473
4527847
4480597
4383446
4622170
4412997
4532403
4759914
4419850
5242159
4460610
4512644
4415320
4354547
4565539
4461174
4316679
4356529
4303209
4336006
4395237
4347683
4445816
4409166
4422760
4762451
4609683
5081853
4994839
5123822
4936745
4421743
4292406
4219589
4503567
4323023
4264909
4470190
4316897
4327979
4398294
4365129
4369290
4492233
4340863
4418271
4373670
4300582
4303133
4714141
4333569
4282120
4350040
4519434
4252396
4242983
4294999
4334339
4245296
4280156
4338933
4409647
4426319
4366657
4525917
4341266
4478030
4641210
4289073
4236703
4269503
4431240
4139236
3999782
4203926
4096352
4081206
4218076
4124939
4013296
4054069
4007639
4128319
4261067
4165476
4127263
4284619
4235086
4157003
4268532
4210669
4107905
4207270
1679105
1684656
1791476
1667238
1694198
1673674
1702042
1643687
1659975
1631320
1766908
1653977
1652346
1636342
1629644
1648533
1671944
1658583
1660608
1762063
1640330
1662019
1693936
1704245
1669578
1685514
1721469
1778694
1673675
1671505
1717611
1655270
1738755
1687873
1663647
1653944
1677000
1634004
1649934
1661787
1658143
1645126
1652258
1751561
1678968
1725096
1733297
1723806
1682556
1624061
1665592
1623752
1660324
1661288
1740151
1680670
1674783
1645500
1639832
1658497
1633028
1647278
1641808
1688089
1663614
1678490
1640218
1664121
1646091
1702532
1681087
1626472
1638485
1666006
1688083
1737588
1672039
1637036
1664331
1679842
1657098
1661238
1836968
1653183
1654396
2216492
1624130
1694495
1617818
1648865
1646058
1622612
1619146
1612462
1627653
1605366
1654658
1609864
1635084
1611390
1612469
1620023
1630361
1646640
1626559
1806762
1665874
1625287
1608997
1618826
1606752
1610548
1615259
1610141
1713349
1647571
1662200
1637303
1643901
1649192
1610077
1641046
1598664
1700838
1764354
1682726
1610840
1625867
1643899
1669668
1599485
1633348
1612544
1691346
1612125
1627490
1611743
1621669
1630966
1627235
1700339
1620642
1706650
1622779
1605956
1620281
1684790
1606987
1613662
2211135
1717475
1734956
1597764
1617378
1618317
1638598
1601444
1647108
1625302
1618097
1588917
1618469
1597456
1618740
1605473
1645974
1693934
1626130
1586731
1596556
1679085
1607687
1594062
1603288
1658940
1660451
1763275
1592263
1590406
1594424
1611202
1597139
1605052
1653851
1583169
1629769
1586621
1669725
1666758
1631172
1605732
1616804
1769988
1632444
1804235
1634386
1635637
1594321
1637909
1646521
1584947
1641510
1587803
1591521
1599909
1589000
1618970
1584996
1604838
1654878
1623802
1585756
1592875
1619732
1604058
1591233
1609829
1596362
1783785
2373106
1600734
2502111
2436783
2456465
1845229
1714147
1604536
1586029
1596024
1626213
1636191
1635042
1594268
1689113
1585147
1588602
1582144
1586400
1609892
1583873
1667579
1579409
1622934
1597021
1587363
1581213
1610423
1592028
1572803
1657147
1575440
1635595
1642517
1623629
1599407
1615693
1599839
1627495
1763045
1609805
1639531
1660823
5062849
1597965
1634088
1669824
1601241
1680672
1605173
1608297
1611628
1595273
1615579
1650398
1740252
1622844
1705780
1603115
1745483
1619815
1605880
1602480
1643267
1617201
1608661
1810583
1743028
1650565
1763379
1894702
1763270
1866083
1601891
2007403
1821086
1616113
1673408
1606211
1866439
2473473
2403662
1649233
1644550
1949242
1745327
1669765
1615050
2069934
2480779
2541035
2576127
1901785
1736210
1645813
1641414
1617231
1624447
1632842
1631991
1675201
1624932
1638791
1606559
1672460
1614332
1661662
1603999
1649574
1621283
1620783
1630856
1619465
1637551
1629497
1614417
1621569
1663064
1723114
1614131
1764432
1623166
1651037
1617886
1613314
1615076
1656531
1625361
1617396
1649190
1609529
1645529
1619238
1605654
1632816
1672944
1624215
1631243
1626768
1605792
1657157
1606161
1611639
1645086
1617744
1630448
1637498
1621544
1613083
1618279
1630167
1611574
1644516
1716499
1665912
1652292
1656658
1660160
1710951
1651253
1680494
1695804
1656820
1666129
1652769
1667469
1649965
1728908
1656274
1657587
1727004
1645561
1658403
1645925
1678905
1652840
1723632
1650797
1760038
1736264
1669560
1649187
1655649
1739608
1820280
1717799
1673204
1648040
1648952
1701537
1667224
1656431
1668013
1700147
1710432
1668280
1645347
1643712
1759262
1640595
1672303
1698753
1691190
1639356
1750710
1644101
1741028
1632884
1649567
1663788
1638970
1683973
1638049
1657716
1643134
1709805
1637044
1637905
1649742
1676612
1646913
1647576
1648904
1647577
1701886
1673345
1698487
1682230
1683046
1679299
1709417
1680621
1679810
1671000
1647412
1647108
1794030
2022090
2043956
1942464
1720121
1757339
1730702
1783124
2013390
1809983
1762110
1734015
1792859
1666869
1641985
1777695
1683473
1709955
1732297
1799322
1940912
1713667
1732312
1678925
1734740
1665983
1687734
1669270
1700651
1680334
1675799
1682748
1684670
1696844
1657690
1666690
1679819
1730273
1647222
1683509
1864841
3603011
2122757
2582899
2125828
2023528
2019363
2136218
2094851
2213704
1954733
1957260
1935677
1955916
1956912
1953363
1954958
2018413
1984434
1987171
2129285
2084917
1985410
1938633
2006000
2157577
2029520
1940123
1977686
1941041
1959959
1977893
1955147
1987043
1973779
1951390
2071872
1960282
1947273
1958709
1931621
2081485
1941072
2005733
1953981
1953368
1979009
1955814
1933790
1951779
1930192
2030522
1953799
2002225
2057368
1946197
1941369
1940666
2135729
1935065
1944034
1941351
1948152
1932223
1942705
1997576
1956917
1963819
1948526
1929112
1944530
1933129
1931600
1960006
1928526
1940625
1927556
1939485
1925381
1954492
1923521
2956020
1972057
2672645
2009017
2637048
1999000
2726328
1998306
2682737
2034686
2627956
1962656
2665200
2033155
2719689
2002871
2877600
2117184
2640281
1989908
2682766
2009565
2677014
1989662
2765454
1984120
2689108
1962175
2624845
1960488
2687423
1973790
2683586
1974154
2661406
1992383
2610048
1994682
2589362
1949067
2658777
1975252
2596100
1962657
2585365
2038897
2656840
2020419
2626664
1980813
2679926
2008594
2590246
2002572
2606888
1987238
2709631
1990628
2632914
1990303
2648902
2062466
2750754
2004229
2664961
1975858
2635305
2002703
2703345
2015060
2632478
2030598
2674302
2024748
2706698
1997001
2661319
1997017
2656041
2016228
2687461
2106823
2631449
1788863
1720396
1707415
1728509
1706552
1743181
1745965
1741420
1717873
1720124
1762089
1732123
1745428
1721421
1719969
1695208
1703506
1691589
1699164
1694546
1712341
1701684
1712247
1694209
1748494
1714361
1725742
1711699
1708805
1710405
1714911
1703725
1698340
1706063
1684974
1704958
1698857
1718564
1688643
1707032
1705567
1711119
1713489
1713679
1709566
1678571
1691733
1684830
1720726
1709251
1706509
1727790
1695793
1707445
1695172
1717350
1696573
1715812
1694420
1736821
1683334
1699105
1679909
1710883
1702249
1709901
1706657
1712371
1716048
1734486
1722457
1687863
1715614
1681764
1686545
1701783
1669783
1689956
1673580
1705548
1694435
1691666
1694413
1728843
1694396
1684663
1699919
1704445
1695221
1684658
1683723
1695088
1725809
2178091
1830970
1706116
1708992
1689813
1786380
1681999
1708299
1681946
1680453
1678544
1700291
1683224
1699444
1680204
1665718
1690804
1681339
1700349
1675615
1794408
1676755
1686029
1684149
1685699
1678481
1670066
1699226
1670232
1687017
1677718
1725818
1671856
1686191
1666813
1676998
1787902
1700842
1687002
1671729
1777982
1734999
1693073
1719341
1715318
2053151
1814786
1669584
1691836
1671100
1680009
1679051
1682920
1688033
1670005
1679135
1687879
1696410
1665099
1672075
1677965
1675105
1666984
1676135
1681172
1681207
1684185
1673774
1682143
1672055
1680377
1682352
1665453
1672190
1682710
1775965
1682382
1694066
1663142
1678840
1662157
1678530
1701534
1679775
1665937
1665873
1680665
1674878
1672630
1692799
1799261
1716893
1688035
1669467
1699832
1711493
1833086
1662092
1680473
1723853
1678657
1692745
1750888
1690645
1672202
1670585
1692628
1713431
1673158
1692372
1765141
1913537
2312839
1867524
1927456
2450228
2381965
1931543
2407544
2351299
2250945
2251898
2274811
2184810
2249161
1691237
1668656
1668152
1651162
1809892
1749467
1959039
1957808
1956795
1673087
1691022
1650841
1672929
1651225
1653062
1691237
1654665
1700010
1655128
1675572
1655626
1662150
1649205
1654840
1697340
1656440
1665954
1652875
1664094
1642385
1674524
1642132
1699587
1670582
1643972
1655948
1655452
1655343
1653031
1657320
1651452
1711878
1640663
1650387
1648916
1642211
1650828
1648284
1694600
1645424
1672738
1638566
1718146
1642599
1667631
1638050
1645224
1642560
1711987
1676016
1647780
1650844
1630170
1649873
1641720
1687024
1636589
1663767
1648973
1639069
1652184
1642881
1642404
1637668
1653995
1639806
1674494
1648187
1643731
1643411
1635947
1673578
1645028
1659013
1638928
1817290
1822550
1636137
1653423
1649770
1704444
1634806
1647313
1661638
1643640
1641099
1626793
1644774
1640058
1688310
1635851
1649845
1659885
1638907
1642007
1644352
1646154
1685538
1654490
1630549
1648743
1672127
1660101
1632163
1622153
1647809
1669759
1662772
1644671
1685561
1707487
1681815
1644932
1643570
1652360
1966872
1925786
2012347
1656946
1640675
1653482
1665529
1649814
1686651
1650561
1665510
1677707
1674059
1660173
1658279
1678151
1672326
1642417
1639639
1678969
1687974
1624491
1630495
1628793
1638184
1707654
1624663
1640868
1722673
1637722
1621487
1636787
1622350
1623686
1706871
1616011
1636684
1625659
1625658
1621967
1810450
1612009
1649569
1773230
1620846
1633681
1628921
1641216
1615409
1633073
1620898
1760493
1635728
1716823
1648630
1627672
1664523
1659363
1661784
1649337
1639365
1641021
1659593
1614400
1621608
1621287
1615106
1621814
1618367
1621229
1686320
1640392
1659259
1670534
1647380
1664586
1655799
1647311
1654575
1722524
1698700
1657314
1659561
1676569
1642927
1671195
1693147
1725369
1667439
1694326
1681686
1688318
1662118
1666825
1677081
1986354
1945391
1956843
1665561
1659362
1632874
1663270
1669945
1681490
1870973
1667310
1763136
1691408
1693021
1667701
1653078
1684763
1699255
1642153
1639460
1654002
1640146
1937223
1634322
1654163
1646566
1664318
1684368
1718921
1667474
1628669
1629098
1654596
1638063
1631824
1670847
1690009
1739560
1737251
1664481
1658658
1652058
1685492
1659164
1646347
1629056
1631792
1652927
1626345
1670855
1675312
1728497
1694240
1689233
1676212
1676519
1649089
1705504
1620516
1680732
1664005
1653360
1652964
1620169
1668804
1632037
1656639
1639025
1644657
1637498
1621091
1614414
1596520
1704629
1723486
1645385
1633250
1707033
1620178
1616959
1738856
1621133
1590453
1586953
1627854
1732860
1620294
1607959
1660059
1604218
1635011
1597341
1670311
1672915
1653325
1690985
1648211
1663466
1624861
1673504
1649901
1653533
1659774
1667466
1641473
1637566
1674485
1627540
1653746
1645762
1636947
1647385
1599167
1654772
1620442
1635899
1625482
1623434
1631035
1657369
1612301
1649953
1633530
1611868
1661334
1688324
1654410
1600409
1613977
1640607
1598136
1603292
1606453
1658612
1639236
1646016
1580030
1594167
1630061
1639445
1646408
1608544
1621242
1604900
1602172
1587206
1616177
1690682
1596603
1617905
1602780
1591532
1594011
1598898
1578234
1584967
1580114
1578801
1599682
1576950
1580394
1583075
1569910
1580986
1589147
1589986
1576797
1668237
1581230
1581322
1576145
1578390
1594730
1582120
1582398
1587657
1599903
1595109
1583428
1629243
1570104
1597279
1601042
1619019
1582303
1578117
1590241
1574134
1587656
1576782
1587008
1571724
1604482
1580016
1587274
1578267
1573636
1578761
1587250
1574915
1606437
1579580
1583137
1572449
1585447
1592921
1567856
1600028
1571080
1581962
1572219
1595991
1579845
1575861
1582241
1576298
1578312
1599125
1578683
1569732
1567266
2668561
1907359
1879073
2293215
4041372
3917105
4004046
3948342
5987618
5901871
6077568
5797064
5559404
5103178
5123849
5647894
4593684
4035719
3977122
4052969
4002835
3909111
3812749
3859528
3898072
4145285
4032095
3941002
3951705
3875221
3908362
3941426
3919585
3925201
3864719
3932868
3876955
3917605
3892735
3925812
3863802
3904932
3928346
4596607
3900748
3915059
3929538
3900392
3864819
3795341
3808065
3826309
3797778
3795542
3792024
3832345
3882455
3823849
3826085
3960428
3853592
3819795
3830362
3818915
3892811
3814738
3901505
3882856
3847568
3882665
3816784
3835012
3787398
3773042
3956205
3908848
3918375
3818122
3874971
3959359
4010111
3957739
3896964
3817179
3777331
3944602
3978519
4990369
3870635
4024788
5733043
5590936
4427723
4761114
4291956
5196896
3986506
3996605
3977635
3903798
3949778
3968705
3925729
3885455
3867155
3909458
3810492
3906225
3974982
3988975
4076745
3920325
3890811
3798665
3898461
4044696
4709941
3896438
3839725
3808621
3927898
3830111
3837075
3864398
4076923
4027739
3966576
3934389
3925075
3946422
4041699
4048816
4020611
4028396
3951638
3966972
3841934
4000032
4423000
3934182
3876345
4120972
4178353
4044569
3897459
4337333
4281744
3785278
3924438
3796304
3769454
3753688
3878388
3809845
3910862
3777518
3947295
3963469
4665284
4042595
3909595
3997562
4043559
4113199
4232195
3924645
4098512
4018466
4205756
4845314
3914932
3970992
3822965
3777401
3815228
3791404
3819558
3908778
3892798
3859839
3836705
3907479
3833021
3983089
4073672
3819348
3760015
4743294
5426710
4947525
4002598
4327010
3888101
4053459
4025715
3895042
3908512
3685571
3774545
3733841
3709818
3692771
3823554
3724211
3700238
3701535
3765432
3705811
3695374
3726838
3753011
3717017
3716634
3720628
3720537
3690567
3692671
3734395
3705071
3715457
3688261
3705284
3701291
3698391
3751221
3721264
3695954
3711371
3734787
3744195
3689327
3709881
2683074
1508278
1576234
1531379
1515502
1508985
1530715
1517450
1512464
1524382
1507848
1577443
1513247
1521420
1530406
1512121
1513872
1525494
1514486
1522799
1513705
1576708
1554096
1549884
1510601
1511409
1521736
1519242
1516078
1519592
1590358
1527295
1506092
1526895
1505607
1529787
1510336
1512521
1515404
1514059
1577504
1523506
1512905
1524555
1503633
1526915
1508880
1508156
1555305
1541394
1524441
1516207
1516289
1511994
1508189
1511971
1505353
1518791
1501829
1642790
1529767
1628022
1521561
1503654
1520234
1507254
1517398
1519293
1546732
1522120
1524322
1580576
1512701
1512373
1516159
1509529
1518986
1502961
1504789
1525162
1496612
1531326
1514477
1524074
1499157
1510965
1553174
1504990
1511159
1511062
1503982
1513239
1496755
1514397
1491426
1516739
1582001
1501222
1520220
1501049
1536274
1490902
1528167
1518073
1491908
1508696
1494933
1497444
1574445
1496531
1684130
1533087
1542779
1519040
1563468
1558097
1493388
1503198
1492192
1521713
1556452
1507403
1500658
1501588
1560040
1492124
1495199
1533488
1490408
1511226
1484314
1493548
1680811
1530768
1518801
1494820
1500697
1500656
1790326
1547424
1513444
1525833
1492205
1609813
1496596
1535797
1511241
1510588
1506130
1494149
1523638
1539844
1536471
1513170
1524038
1493484
1535846
1518741
1506290
1519903
1509736
1539253
1516345
1532109
1525376
1592479
1505118
1509012
1481063
1517171
1511757
1580092
1532146
1493716
1534213
1522103
1502154
1506404
1510092
1517184
1554648
1488839
1497935
1510679
1526989
1558040
1479826
1491596
1473308
1494445
1543784
1487534
1477830
1508971
1527352
1534434
1506784
1529345
1516871
1627605
1506469
1592976
1519840
1532049
1496028
1500570
1501694
1493565
1508627
1539732
1494368
1546208
1478687
1520749
1495392
1507751
1496072
1473120
1623776
1506286
1480166
1503492
1509286
1493801
1473057
1504879
1468432
1481703
1620406
1471576
1516461
1482603
1574347
1499272
1477350
1520050
1533457
1577382
1506279
1500797
1472794
1502576
1484575
1468213
1478217
1463890
1538329
1486683
1508132
1497974
1477090
1477792
1521635
1480084
1519945
1505609
1520934
1510637
1479794
1517707
1489618
1466076
1480564
1482269
1496482
1510091
1487186
1480363
1469139
1477828
1479111
1482437
1492993
1466235
1487063
1688919
1712779
1628576
1692325
1470759
1485708
1518794
1470997
1490288
1593027
1490466
1544469
1872461
1639332
1488642
1495714
1528336
1537846
1599118
1507829
1534444
1510546
1522501
1522946
1535855
1604160
1509573
1640194
1541687
1570637
1527064
1512568
1534521
1487492
1500317
1509569
1492965
1525238
1472411
1572860
1481967
1686049
1472722
1477280
1529339
1521871
1519709
1466386
1514361
1454573
1464783
1473555
1475594
1500167
1460126
1479805
1498827
1482411
1560709
1497658
1570217
1487714
1497142
1507955
1546022
1555750
1483690
1469026
1546532
1518386
1540393
1454057
1541286
1496583
1463640
1487925
1464107
1470574
1481344
1501585
1505491
1466452
1600743
1648180
1649095
1639332
1527972
1516772
1537330
1556128
1678336
1481103
1524438
1564294
1495953
1455871
1473441
1449429
1458239
1499044
1501720
1472525
1507443
1576582
1501103
1546763
1463345
1531465
1519810
1513703
1500078
1524825
1563816
1504776
1515470
1474114
1483915
1486006
1480870
1487201
1542422
1671081
1459869
1467881
1477884
1535722
1453685
1445382
1491022
1442438
1517971
1516109
1467210
1514942
1449825
1475116
1457848
1490733
2028695
1482323
1598783
1463182
1468957
1468539
1487050
1502800
1445136
1504066
1464605
1586728
1947844
1738896
1447199
1463336
1524610
1452519
1468640
1436068
1573921
1484903
1448181
1449337
1471841
1453720
1464922
1433211
1619161
1509598
1507401
1593536
1527545
1551053
1564840
1458056
1471275
1463467
1539245
1468540
1574713
1455200
1481412
1497372
1486253
1495838
1535932
1477038
1486445
1510974
1551286
1514468
1536998
1502296
1491133
1475339
1483667
1512286
1464372
1504258
1498826
1464579
1494344
1637541
1753970
1507365
1461735
1430825
1427045
1487492
1436973
1425701
1433154
1431493
1449309
1440925
1437996
1477423
1467967
1482185
1452792
1434305
1456733
1453740
1496847
1472273
1453283
1499084
1452738
1458120
1421071
1465043
1435304
1421662
1449003
1428352
1426056
1464891
1427107
1429418
1423198
1430785
1429661
1450746
1438283
1443802
1425907
1500419
1439610
1434629
1452652
1441660
1458483
1438843
1415492
1446688
1446877
1442682
1422556
1426729
1424205
1420054
1423753
1427372
1418578
1434138
1414061
1761582
1468739
1510660
1502645
1427746
1485016
1481533
1429738
1495178
1517163
1512413
1426633
1491455
1456572
1413200
1468849
1432742
1436719
1441955
1507053
1446640
1446093
1475681
1457437
1435491
1456761
1421650
1459612
1466284
1485558
1425735
1469446
1546923
1488781
1432604
1471642
1420187
1453143
1429539
1424665
1438649
1433505
1434848
1412628
1424383
1458658
1415911
1435665
1430874
1404413
1435856
1410380
1456767
1411615
1412058
1415826
1418490
1403847
1425932
1417307
1458726
1413374
1404942
1453937
1407238
1450752
1632090
1436374
1476790
1456301
3553938
1481207
1455914
1432087
1496646
1511172
1590645
1511186
1494969
1660338
1436404
1416006
1405279
1414600
1407397
1473641
1465254
1410964
1485058
1461112
1420384
1412379
1406179
1406892
1419526
1440470
1430485
1399251
1520259
1449927
1405475
1497899
1405872
1422851
1402334
1474731
1414168
1406474
1399284
1441153
1395732
1412972
1394235
1407167
1408760
1414650
1440334
1422224
1421396
1593051
1403546
1434814
1420800
1419443
1426941
1419588
1411458
1455230
1427677
1492964
1403288
1420955
1534436
1449896
1411216
1452807
1399296
1466564
1414623
1719848
1519720
1487419
1449085
1466115
1479965
1514333
1497554
1434023
1477541
2380567
1480332
1416417
1390962
1394190
1628892
1396452
1388683
1425383
1424451
1394508
1399186
1407447
1612496
1486540
1509915
1431540
1437139
1522704
1469442
1434804
1419454
1413343
1396069
1417662
1404452
1403924
1425119
1461501
1469707
1427598
1433714
1437728
1424854
1476797
1401913
1456480
1457957
1437987
1459255
1409925
1463595
1410066
1433722
1415998
1396514
1397078
1413849
1387875
1437207
1412758
1412769
1422136
1415430
1426411
1733579
1940193
1602201
1434002
1397965
1391914
1382876
1403211
1391970
1413140
1389875
1388583
1411334
1409584
1429275
1407691
1387729
1417814
1388376
1388472
1400975
1378592
1383973
1453447
1377515
1405797
1400486
1409811
1387372
1445604
1404289
1392586
1412546
1408513
1386038
1398662
1389750
1405001
1395978
1438455
1399903
1383897
1377829
1411024
1376165
1386830
1374513
1381494
1399954
1438674
1385950
1409053
1395063
1428790
1400094
1382525
1387621
1379748
1373287
1438537
1427618
1416955
1376731
1408913
1420260
1383565
1406454
1378575
1462145
1546128
1393774
1395409
1370870
1371840
1438634
1387078
1392642
1408609
1385177
1413273
1395605
1443825
1400971
1377498
1423399
1395393
1374627
1406700
1374665
1398410
1934179
1435404
1422739
1403580
1403152
1391895
1417430
1407704
1413692
1413560
1393457
1380663
1415223
1522872
1407159
1372974
1549255
1383038
1394284
1435626
1387386
1408173
1987220
2055327
1952319
1442155
1383570
1389595
1421246
1384147
1406349
1389065
1379288
1365820
1701698
2021499
2075328
1665098
1839471
1461896
1379009
1386845
1391646
1397002
1369500
1368752
1459670
1371807
1380580
1367929
1383288
1379110
1388905
1373996
1372187
1362653
1369067
1477939
1396344
1360818
1373253
1406221
1359430
1361999
1372437
1360859
1368599
1356924
1358317
1378581
1358365
1362111
1368069
1361768
1379696
1362701
1310031
1343995
1372336
1360570
1373503
1367062
1424593
1399959
1384554
1473088
1354126
1362539
1371573
1375813
1381633
1359764
1364103
1352804
1355201
1370345
1349493
1351775
1514391
1387103
1436829
1362889
1481450
1371379
1356159
1352272
1364689
1353143
1421581
1347963
1354977
1369928
1373698
1354284
1355933
1360017
1377493
1357863
1387290
1363468
1357789
1353629
1366269
1358344
1432639
1373529
1358767
1378305
1362651
1410545
1362131
1365629
1358699
1345403
1357374
1382917
1404782
1428828
1382439
1397695
1376171
1353982
1347174
1365554
1358362
1420252
1378685
1375004
1400374
1419278
1389743
1402825
1350587
1361587
1345542
1348998
1397281
1360712
1342852
1358003
1350158
1372296
1376594
1445591
1519153
1374587
1378637
1365327
1376830
1359785
1378523
1363465
1362168
1343598
1355420
1350985
1350010
1360870
1376265
1356721
1372347
1349956
1355159
1351762
1350111
1370966
1347165
1363264
1345681
1350443
1350564
1439291
1354026
1359452
1351995
1351312
1352953
1351025
1357955
1353310
1343299
1398623
1352599
1354072
1370519
1364798
1348954
1335790
1361668
1364599
1395206
1339371
1400381
1373726
1425975
1345862
1350361
1426629
1364116
1356594
1374759
1338505
1483271
1360377
1333907
1613387
1327062
1457170
1330981
1326794
1373852
1347471
1340987
1381836
1380686
1444586
1397173
1343534
1359694
1335907
1359481
1393638
1367931
1398457
1334190
1350037
1378161
1339799
1364532
1358817
1375472
1362587
1335524
1371009
1349911
1353998
1462681
1356178
1422009
1408770
1358084
1385282
1356706
1334886
1357058
1369601
1353788
1347558
1335652
1360921
1328507
1339826
1355992
1364465
1333377
1357255
1332352
1334353
1346747
1321444
1345602
1331311
1331259
1373061
1318992
1336677
1363158
1363999
1370734
1348237
1363098
1380109
1395171
1352185
1374555
1355564
1395306
1351531
1355144
1386382
1347977
1330328
1355318
1349725
1340097
1339482
1348405
1357497
1336401
1323259
1356931
1313183
1317923
1358439
1308617
1321087
1314669
1309376
1339370
1342246
1344080
1334631
1333633
1329867
1299734
1313689
1337804
1317684
1309890
1314572
1322720
1353633
1337635
1349710
1329053
1307533
1315632
1326449
1321871
1322982
1326176
1313687
1317438
1310196
1306344
1318271
1314030
1329877
1331169
1303525
1359793
1324348
1321722
1328181
1307960
1335018
1313513
1313307
1361060
1316469
1321441
1315411
1310342
1305751
1343613
1304867
1313313
1316865
1304797
1362371
1342270
1313275
1351377
1308330
1296002
1318547
1332435
1303655
1322739
1345429
1328751
1314484
1304075
1297214
1306503
1418518
1309975
1314593
1316621
1311979
1452829
1302344
1310643
1340277
1321133
1346001
1303166
1366273
1308429
1322850
1337591
1302304
1311279
1339971
1298658
1346199
1322937
1308243
1293928
1319911
1435030
1435569
1290446
1321103
1350003
1338471
1352716
1345630
1357070
1294060
1361697
1357652
1343222
1309969
1379445
1330935
1324084
1318787
1313203
1317564
1283862
1340375
1426329
1288763
1299361
1380160
1295780
1373933
1955377
1869800
1901512
1699681
1304467
1291213
1322383
1286313
1294557
1301989
1285508
1306187
1294488
1307159
1324075
1317922
1338143
1348988
1332745
1302773
1349985
1287713
1299686
1303879
1330129
1299413
1292243
1297074
1306276
1297158
1279747
1310109
1290914
1283814
1292869
1289627
1293851
1298257
1292072
1303501
1292267
1283187
1293662
1290579
2049
1702
1253
1107
1146
1024
987
1113
1065
1007
1411
1156
1319
1129
1082
1239
1264
1109
1196
1151
1129
1148
1244
1038
1129
1113
1070
2070
1737
1588
1373
1156
1314
1267
1113
1233
1106
1054
1054
1116
1640
1174
1149
1238
1064
1023
1032
1130
1005
1016
1047
977
959
1068
1353
970
1039
1132
1226
1069
1076
1049
1024
1028
1374
1224
1055
1954
1458
1138
1133
1090
1204
1102
1089
1495
1271
1088
1082
1212
1116
1094
1360
1132
1172
1127
1063
1127
1126
1093
1188
1104
1117
1106
1200
1201
1158
1119
1420
1278
1149
1129
1098
1113
1198
1396
1197
1202
1152
1068
1120
1166
998
1291
1314
1241
1113
1093
1293
1087
1197
1107
1289
1076
1068
1132
1082
1150
1149
1444
1235
1204
1498
1283
1168
1331
1203
1132
1080
1083
1188
1992
1613
1204
3719
1736
1308
1114
1109
1209
1117
1107
1587
1301
1101
1076
1076
1132
1963
1416
1247
1098
1183
1126
1135
1107
1155
1115
1250
1081
1212
1182
1239
1221
1166
1104
1088
1165
1064
1304
1554
1301
1723
1326
1176
1165
2640
1458
1249
1225
1204
1113
1107
1235
1125
1094
1297
1132
1081
1118
1237
1152
1136
1142
1217
1389
1240
1225
1156
1101
1136
1099
1207
1411
1292
1171
1157
1145
1209
1110
1153
1124
1134
1086
1130
1243
1085
1175
1396
1270
1205
1144
1138
1137
1062
1202
1578
4085
1859
1653
1160
1218
1127
1203
1052
1177
1267
1043
1080
1612
1526
1147
1600
1293
1110
1160
1220
1391
1128
1101
1122
1163
1021
1040
1178
1039
1183
1096
1184
1440
1218
1594
1166
1068
1084
1092
1345
1303
1162
1162
1046
1096
1114
1137
1093
2041
1199
996
1098
1151
1109
1081
1057
1222
1023
2165
1595
1302
1313
1437
1166
1169
1158
1076
1211
1193
1135
2043
1569
1337
1258
1218
1072
1166
1136
1109
1056
1181
1061
1120
1087
1384
1417
1187
1197
1081
1097
1061
1219
1371
1221
1367
1273
1135
1114
1208
1124
1077
1125
1076
1148
1110
1200
1139
1110
1191
1690
1324
1087
1817
1121
1276
1036
1549
1365
1304
1107
1176
994
1078
1560
1473
1313
1171
1133
1217
1181
1140
1109
1083
1177
1109
1135
1127
1211
1098
1084
1145
1732
1500
1282
1238
1088
1386
1247
1275
1366
1127
1076
1197
1039
1012
1187
1091
1086
1034
1135
1246
1323
1148
1246
1005
1108
1020
1040
1513
1264
1168
1106
1099
1148
1141
1036
1142
1394
1068
1222
1129
1162
1331
1078
1430
1109
1111
1244
1079
1076
1144
1087
1153
1096
1075
1139
1057
1076
1157
1050
1105
1045
1122
1179
1465
1461
1377
1445
1427
2234
1412
1425
1501
1370
1645
1403
1433
1364
1410
2234
1378
2025
1430
1747
1393
2005
1453
1913
1349
1448
1259
1278
1048
1243
1078
1434
1291
1190
1146
1113
3063
1961
2055
1415
1260
1169
3385
1895
1280
1243
1066
1112
1291
1044
1976
1484
1238
1444
1225
1134
1131
1132
1168
1052
1080
1374
1079
1048
1274
1213
1053
1144
1125
1205
1042
1047
1210
1075
1030
1120
1111
1046
1132
1253
1079
1224
1133
1085
2048
1482
1332
1188
1162
1132
1078
1126
1102
1078
1126
1096
1122
1264
1151
1402
1203
1130
1146
1053
1174
1080
1029
1083
1155
1011
1276
1074
1119
1081
1016
1612
1210
1106
1148
1107
988
1079
1174
996
972
1062
1132
1067
1037
1185
1000
978
1059
1218
1044
981
1130
1087
1391
1173
1263
1098
1028
1162
1065
1098
1402
1240
2078
1468
1505
1185
1126
1163
1228
1065
1250
1106
1071
1133
1097
1414
1252
1145
1141
1202
1169
1112
1158
1081
1996
1417
1372
1245
1082
1188
1508
1290
4639
2192
1328
1449
1172
1186
1967
1424
1297
1073
1070
1115
1016
979
1123
1144
1170
1186
1197
1273
1533
1139
1200
1101
1000
1006
1175
1079
1015
1071
1038
947
962
1117
1169
1021
1060
977
1034
1093
1001
1052
1074
1105
1398
1077
1244
1190
1044
1125
1054
1154
1385
1115
1152
1109
1031
1226
1150
1060
1148
1101
1017
1041
1036
1106
1056
1362
1147
1074
991
1054
1075
1149
1041
1069
1123
1095
991
1219
1053
1023
3521
2653
1731
1296
1111
1202
1414
1221
1246
1111
1112
1058
1261
2112
1502
1525
1378
1487
1335
1195
1225
1197
1166
1078
1156
1485
1240
1142
1445
1459
1557
1218
1167
1478
1250
1271
1201
1059
1521
1322
1329
1449
1265
1405
2057
1366
1221
1119
1439
1520
1266
1209
1500
1230
2081
1321
1031
1212
1030
1007
1884
1409
1130
1081
1159
1458
1453
1397
1193
1085
1379
1268
1026
1047
1077
1122
1006
1154
1217
1126
1104
1459
1278
1179
1531
1368
1337
1224
1427
1105
1276
1119
1402
1427
1143
1060
1046
1481
1201
1097
1409
1215
1144
1250
1654
1274
1220
1181
1418
1195
1154
1157
1501
1370
1415
1147
1150
1063
1549
1249
1414
1228
1126
1415
1400
1227
1223
1140
1146
1527
1252
1394
1516
1087
1395
1371
1292
1150
1180
1450
1419
1195
1440
1497
1400
1420
1513
1190
1126
1369
1253
1553
1354
1124
1130
2068
1179
1240
2179
1349
1130
1196
1426
1162
1335
1422
1289
1321
1347
1144
1522
1238
1427
1213
1134
1589
1234
1173
1450
1218
1171
1412
1412
1117
1450
1343
1350
1206
1220
1349
1158
1148
1481
1410
1468
1540
1304
1419
1288
1127
1941
1347
1081
1433
1339
1416
1220
1194
1377
1186
1433
1482
1258
1131
1460
1401
1868
2142
1422
1124
1064
1192
1091
1020
1347
1117
1071
1080
1035
1023
1034
1091
1139
1031
1072
1165
1363
1149
1087
1091
1152
1158
1046
1093
1520
1170
1195
1314
1083
1064
1144
2024
1536
1392
1167
1086
1145
1197
1343
1202
1487
1042
1235
1207
1109
1061
1023
1103
1041
989
1126
1215
1037
1077
1448
1178
1215
1125
1207
1078
1214
1293
1227
1136
1092
1179
1137
1072
1180
1168
1114
1070
1080
1135
1130
1082
1226
1156
1089
1210
1035
1047
1092
1190
1152
1361
1262
1200
1101
1183
1243
1089
1144
1213
1060
1145
1415
1261
1124
1279
1174
1118
1167
1058
1236
1135
1049
1116
1831
1209
960
1108
1096
1003
1007
1294
1297
1054
1156
973
924
958
1151
943
936
989
972
969
982
986
964
931
1069
1068
1159
1050
936
935
1215
1000
1084
1026
966
1091
971
1034
1285
1065
1050
933
909
1244
1044
1016
1061
1253
1066
1034
1068
1255
1208
1859
1171
1011
1402
1166
1064
1012
1536
1187
1279
1277
1106
1956
1297
1154
1286
1319
1270
1095
975
1354
1189
1054
1046
1371
1308
1349
1131
1014
1310
1336
1161
1111
1981
1333
1399
1068
1057
1296
1361
1970
1269
1275
1223
1024
1278
1339
1342
1050
1029
1018
2159
1298
1041
1032
1294
1283
1237
1024
1055
1392
1317
1060
1536
1367
1040
1028
1328
1294
1366
1146
1157
1053
1416
1251
1176
1067
1001
1363
1336
1071
1035
1494
1062
1025
1069
1098
1317
1158
982
1251
1312
1486
1064
1030
1277
1137
1313
1252
1201
1423
1143
1370
1191
1039
2201
1182
1401
1082
950
1353
1058
1367
1158
1186
1304
1214
1079
1096
1582
1322
1286
1757
1219
1129
1351
1138
1038
1389
1041
1066
1410
1151
1078
1932
1298
1043
1063
1406
1097
1354
1151
1050
1271
1356
1182
1414
1194
1061
1187
1222
1097
1064
1431
1140
1049
1243
1182
1291
1296
1211
1110
1013
1443
1410
1479
1485
1340
1216
1278
1286
1379
1310
1099
1477
1308
1407
1103
1441
1120
1449
2171
1329
1162
1323
1292
1414
1090
1164
1320
1205
1301
1144
991
1254
1159
1764
1958
1403
1375
1732
1366
1114
1024
1118
932
1042
1003
1505
1144
1105
1246
1278
1432
1138
998
1091
1343
1068
1006
1125
942
1069
973
1085
985
954
1357
1324
1054
1006
1359
1085
1032
2067
1269
1069
1012
1081
1313
1014
2012
1259
1125
1106
1404
1081
1106
1082
1181
1251
1140
998
1013
1009
1020
983
1316
1120
1394
1116
1014
1243
1388
1621
1227
1160
1873
1279
1804
2129
1818
1357
1081
1416
1200
1027
1438
1041
1141
1310
1136
983
986
1029
1384
1076
1299
1193
961
1452
2168
1508
1246
1151
998
1278
1123
1171
964
1142
1017
1142
1008
1002
1000
1086
942
946
988
1844
1320
1428
1136
1065
1008
1460
1080
1075
1911
1368
1025
1064
1200
990
930
1081
995
1320
1082
1134
1064
1321
1123
1218
1009
1021
1011
1428
1097
1043
1202
979
953
1295
1237
1348
1111
1335
1117
970
948
1007
1072
1284
1186
989
1110
982
1000
982
1065
1299
1100
1029
1067
984
1034
1286
1642
1206
1039
1020
1184
1010
1010
1387
1339
1083
990
1428
1194
1083
1033
1138
1064
1588
1127
1029
1041
1327
1209
3713
1614
1194
1005
925
1083
945
1377
1247
1041
1068
967
972
1025
961
1030
983
1019
957
1080
1048
981
1191
1082
1160
1011
974
1024
1121
1048
997
928
942
1015
1013
962
1022
958
1448
1163
1021
1198
980
1016
978
1059
993
961
1009
1146
904
938
1051
1218
1106
1136
1109
1010
995
971
972
940
1010
1026
942
889
1036
907
1000
1356
1149
1086
985
932
974
960
1153
1418
1046
1363
1218
1182
989
998
1030
972
1037
1073
1005
913
1079
1357
1154
1079
1037
1153
974
971
915
17819
1150
954
993
931
929
984
3040
1766
1181
1316
1009
1155
1016
988
1022
1221
1112
931
943
979
1111
902
865
1016
1037
1300
1053
1085
1123
1317
1230
976
1008
1061
1019
956
912
1268
1133
952
1001
1051
1032
1006
1460
1321
1100
1165
1409
1064
2017
1599
1136
1030
1007
1052
1068
952
1095
1388
1802
1258
1025
972
1316
1037
1225
921
997
924
934
1039
948
944
1163
1006
1087
983
977
937
1127
963
958
995
976
1317
1087
987
1340
1318
1378
1381
1055
1008
1150
1319
1053
1447
1465
1403
1394
1452
1508
1075
1324
1258
1100
1393
1159
1166
1011
1126
1442
1181
1021
1080
1059
1469
1166
1410
1058
1014
1332
1208
1339
1062
1188
1539
1153
1034
1157
1332
1334
1202
1456
1106
1323
3297
1644
1516
1167
1040
1116
2130
1417
1143
3266
1702
1173
1004
1121
1063
947
893
900
1460
1127
1200
1049
955
948
1078
987
974
1190
1170
985
982
1075
967
1461
1119
1086
981
954
1075
965
948
1218
957
1188
1003
1016
1051
1008
941
1274
1064
1015
1258
976
958
920
912
1114
1012
1072
984
1037
944
1060
1219
1020
1103
976
932
928
886
1101
995
884
936
891
994
976
1003
938
2283
2153
1622
1306
1048
1137
976
973
977
980
1000
993
1376
1082
939
1150
1082
960
966
1142
994
1170
972
1114
1068
953
896
947
1455
1171
1508
1208
1019
959
1107
1223
1119
1074
1136
991
1023
1216
1300
1153
1136
1004
1035
1032
1089
1084
1001
1037
1100
972
988
1073
908
1036
1398
1199
1061
1013
1137
984
1011
960
958
993
954
1000
950
1286
1065
1090
992
986
1173
1038
986
1005
1341
1122
1367
1182
1033
1313
1098
1102
1328
1108
1117
1010
960
929
1031
1018
939
1133
1328
1110
1219
1404
1221
1065
1146
1350
1071
1021
1011
1315
1086
1413
1463
1129
1338
1108
1412
1365
1394
1461
1178
1062
1075
1131
976
1358
1334
1110
1049
1557
1248
1049
1028
1422
1147
1241
1181
1020
1030
994
1288
1111
1125
1042
1007
982
1223
1350
1298
1339
1379
1026
1089
1282
1138
1050
944
1937
1208
1022
991
1051
1130
1266
1304
1048
1013
1673
1406
1319
1137
1349
1062
998
1017
960
1146
1068
960
1052
980
1310
1101
1138
1236
1306
1134
1043
1295
1145
1050
1076
1050
1430
1030
1018
1102
1509
1087
1082
1356
1418
1159
984
1123
979
965
1172
1362
973
934
889
935
983
928
910
964
906
925
1208
1277
1127
1109
989
923
1126
1026
1082
1276
1138
1261
1180
1020
921
937
963
1070
1273
1770
1362
1080
1056
1021
938
1001
987
982
1098
966
925
1026
944
938
1204
948
1284
1135
978
972
1024
916
1380
1055
979
1102
989
1027
898
930
916
1052
994
950
911
903
1268
1086
940
933
914
896
1041
970
906
930
956
1032
983
952
994
926
1337
1043
1091
949
889
1958
1319
1186
1006
1356
1156
1020
1062
1307
1209
1130
1292
1111
963
1126
1044
1024
937
1038
926
1296
1783
1124
1245
1096
1365
1120
950
974
1113
964
990
1289
1196
1026
1686
1561
1213
931
1193
1095
1068
1117
1023
1030
914
1122
989
1066
920
996
941
1013
1052
1313
1428
1066
1220
1002
1411
1211
1084
1400
1034
1030
1104
946
1011
1007
946
950
1100
932
973
991
1018
900
1197
969
973
1016
876
1118
966
917
1368
1046
1003
1055
1003
943
921
878
952
1001
997
1005
1242
1426
1381
2298
1338
1461
1213
992
1483
1130
1741
1129
981
1053
1080
1280
1067
1074
946
1060
1719
1464
1032
931
1374
1275
1341
1080
1084
1013
1276
1058
1227
1290
1064
1267
1055
966
1010
1281
1250
1015
1158
1293
1250
1039
1305
1117
3581
1680
1116
1551
1223
1111
1034
1034
1041
956
968
1070
1471
1197
987
1035
964
1171
992
918
890
875
1033
899
861
871
1342
1170
1062
994
920
936
1000
1366
1094
948
978
1689
1916
1418
2018
2123
1971
1932
1891
2166
1506
1946
1531
2232
2280
1995
1487
1846
2116
1603
2277
1355
1052
1010
1453
2179
1864
1655
1738
1922
2472
2172
2046
2049
1995
1785
1975
1952
1823
1706
1766
1817
2307
2002
1868
1666
1686
1704
1797
1811
1910
1727
1771
1822
1952
1832
1825
2020
2046
1945
1831
1810
1770
2091
2005
1868
2086
1286
1817
2243
2074
1474
1719
1423
1846
1517
2328
1398
1871
1932
1481
2099
2165
1923
1760
2390
1984
1903
1181
1154
983
1240
1041
1026
977
1077
1044
954
945
1021
1113
940
953
1075
928
940
984
1017
909
916
1057
1038
965
991
1255
1328
1038
1116
1032
924
980
1035
901
1050
920
995
920
941
1361
1073
1071
978
1077
951
1076
1016
940
913
950
1040
1094
970
1006
1029
940
1196
1346
1032
1013
997
1009
1117
988
1172
942
942
992
1219
976
1061
1003
912
933
990
877
888
1300
1203
1041
1023
974
1300
1020
1009
1314
1518
1201
1022
1289
1063
1317
1093
1147
1351
1080
1060
996
993
979
955
1298
1240
1112
1270
1105
1036
1058
1029
967
1073
951
964
948
2068
1392
1293
1054
953
1091
904
1018
946
1167
1462
1365
1068
1007
990
1016
1090
1282
1356
1086
1041
1118
1295
1204
1130
944
936
1011
1043
974
972
903
1416
1055
1022
1006
902
1321
1173
1135
992
1025
990
898
886
1772
1229
966
1094
979
948
960
1073
1071
941
884
932
1388
1095
1121
1034
981
941
1018
916
1418
1168
1020
988
1042
1040
1096
983
1932
1315
1074
1064
1024
1112
1084
915
1437
1408
1001
1997
1239
1067
1288
1352
1142
1320
1129
1022
1124
1011
976
938
1007
867
1395
1112
1037
1315
1193
1405
1133
1004
1038
988
933
1005
905
882
960
907
952
883
1361
1067
991
1106
954
946
914
944
1222
1031
1042
1017
961
951
977
974
924
1029
993
904
913
1021
958
859
1080
912
974
2018
1326
1065
978
1474
1216
983
984
971
959
1290
1097
2065
1231
972
1001
1040
1070
1197
1108
946
1007
1333
1060
1345
1090
1110
1362
1087
1006
1209
1052
1009
1185
1319
1082
1076
1002
1162
966
933
1257
1120
1409
1229
1080
1410
1092
986
1033
1042
1105
