17579303
25951503
9400207
8607320
8691521
8567351
8593436
9738892
21196960
22124702
21236747
21049256
20917419
20961870
24038005
24026462
21706982
21203518
21225567
21872532
21058629
20964496
23132209
20879390
20997973
22657098
10809175
8628396
8540929
8459572
10651336
9612322
8449132
9172701
9943497
7150331
3638258
3601448
3700903
4991455
5479105
4080611
3521198
3511695
3592371
3527691
3735495
3622181
3523615
3530013
5682700
3470534
3447631
3501942
3514169
3615129
3467570
3478426
3721373
3556223
3543271
3611184
3533109
3567559
3506391
3490277
3454884
3498076
3462603
3459033
3469391
3486211
3500580
3511969
3757316
3531109
3564913
3584729
3481288
2712703
2678106
2704759
2692935
2731720
2740687
2644133
2633054
2672371
2626813
2623365
2619288
2613972
2609462
2615225
2606275
2650376
2635246
2642953
2688611
2666078
2698459
2722120
2747945
2762951
2849928
2839816
2693029
2662657
2705781
2683162
2623411
2694161
2709704
2708585
2687054
2689114
2733627
2714771
2677445
2744452
2748353
2724712
2695348
2673716
2657536
2651269
2716855
2771632
2711555
2811892
2751551
2709424
2750137
2691635
2723898
2734583
2672352
2730246
2848177
2876524
2689036
3397701
2719737
2671599
2658105
2649282
2740389
2628740
2576709
2605190
2603161
2616758
2662776
2697212
2595666
2629050
2646359
2627849
2600692
2579651
2567028
2583719
2598573
2574106
3173422
2601458
2562188
2595202
2617853
2622308
2714293
2677708
2732480
2722331
2683444
4788308
2686957
2706696
3251387
2687323
2589276
2572011
2567798
2577566
2558522
2575132
2584168
2571280
2599659
2615438
2654832
2712632
2614975
2658009
2651971
2616389
2668996
2688170
2603220
2615764
2592191
2639820
2592180
2574773
2560353
2554269
2592046
2564402
2553022
2563832
2559436
2554612
2600975
2574210
2551431
2558240
2561858
2554927
2559176
2598338
2610381
2610303
2631658
2621346
2640643
2640250
2616227
2604114
2610361
2567843
2565399
2621091
2572596
2587629
2588697
2593276
2560197
2591105
2596307
2589964
2600222
2611694
2579505
2593580
2589595
2591605
2568086
2626110
2622951
2658810
2606311
2616779
2575956
2604061
2571666
2592718
2566874
2607675
2562589
2614591
2611569
2591153
2632317
2621693
2614369
2843861
3063265
2552534
2530904
2537610
2533932
2531509
2554516
2540418
2528298
2539507
2539608
2529407
2538895
2527573
2520070
2539383
2528873
2521369
2530707
2538874
2521936
2580927
2576347
2556971
2589634
2571969
2565898
2564369
2569162
2576320
2557314
2561649
2565233
2549629
2576767
2563307
2558143
2576111
2562813
2562381
2584852
2554527
2562383
2559392
2557630
2562199
2545902
2544369
2560647
2576775
2542489
2558435
2548772
2532076
2561261
2557228
2531096
2548282
2546599
2536565
2546945
2554784
2540041
2536466
2559415
2524409
2549191
2550118
2525777
2536001
2546022
2523081
2537973
2553945
2529249
2551006
2539660
2533858
2529789
2542349
2520560
2536579
2547960
2522796
2532046
2548591
2533634
2539656
2533819
2530400
2528434
2537664
2523123
2521073
2527187
2519747
2535180
2526487
2517636
4831073
3311819
2746086
2525567
2548872
2551886
2604260
2584793
2568001
2702931
2618554
2558742
2589118
2707714
2629059
2668815
3239635
3278420
2906344
2853353
2620105
2625363
2605591
2708361
2909806
2664479
2702284
2934330
2728605
2568293
2620974
2588847
2764726
2580445
2624221
2623771
2588103
2575201
2573652
2601697
2586286
2616621
2650164
2662236
2603021
2567841
2578225
2572156
2605604
2549842
2574745
2548206
2571727
2688225
2748263
2707790
2755315
2770375
2741909
2655868
2673938
2540614
2696550
2624997
2584739
2781275
2627340
2621090
2584307
2604244
2546728
2541833
2552553
2578127
2552681
2574521
2543447
2580495
2531732
2642959
2583748
2541041
2553960
2601546
2543719
2551625
2614462
2524799
2529614
2583362
2585014
2544025
2626171
2528987
2664710
2550066
2576764
2536336
2591733
2544101
2562584
2602886
2538716
2521177
2520805
2517813
2533993
2544821
2530417
2509085
2534087
2563953
2506806
2536398
2519818
2513358
2531946
2620164
2503327
2515838
2526060
2506948
2527377
2546309
2503286
2528375
2531352
2533232
2518750
2549687
2510283
2574805
2580956
2499568
2530384
2524274
2499788
2590215
2519964
2499714
2504836
2502778
2483193
2528586
2499792
2492201
2487407
2525394
2479481
2572318
2498000
2482456
2487193
2490307
2479694
2614861
2511580
2473617
2478041
2487988
2470041
2936879
2664300
2687677
2517353
2487581
2484741
2514200
2564586
2483601
2500228
2477418
2502827
2525959
2495168
2486245
2499042
2485520
2469353
2528346
2523658
2488792
2495268
2506663
2467895
2486106
2484948
2464998
2494616
2479524
2464039
2484401
2623758
2560857
2631128
2564821
2545059
2601032
2585351
2561150
2558927
2576852
2694464
2730491
2721177
2608641
2593157
2616778
2608185
2566406
2569971
2554282
2567155
2667533
2611868
2588357
2594024
2586595
2642058
2928010
2668952
2588460
2563716
2557437
2583208
2559402
2568356
2607438
2636983
2691133
2695069
2578546
2617245
2621873
2586600
2636295
2600854
2551264
2582001
2585401
2566859
2557714
2576115
2667263
2629952
2608491
2613071
2610009
2631849
2608310
2563556
2570071
2570981
2564896
2571751
2618099
2543012
2524650
2568844
2542213
2570012
2539846
2628596
2589861
2517673
2546872
2645908
2518081
2595256
2627536
2593620
2592756
2612904
2571614
2575092
2579354
2609809
2607001
2673834
2632321
2818559
2748696
2883909
2648253
2597935
2587212
2582028
2527078
2576643
2586550
2598355
2600495
2602546
2568058
2577452
2587584
2551320
2556007
2609844
2553964
2592528
2540550
2546900
2573609
2564686
2581565
2610114
2559312
2554400
2605714
2596610
2693775
2533748
2568942
2584022
2910162
2799029
2670440
2545081
2529116
2543478
2743149
2510775
2511643
2500898
2492833
2567461
2592214
2683340
2683838
2591580
2569311
2612170
2627615
2654583
2563677
2596667
2545390
2551780
2597098
2623067
2582011
2642701
2617347
2555263
2597682
2716879
2633080
2601578
2705885
2597689
2683733
2623743
2532248
2551917
2635662
2499472
2539891
2544820
2512676
2506238
2578355
2567794
2531084
2526533
2585419
2546595
2557260
2560659
2667403
2549190
2540877
2509034
6750758
2589635
2457503
2515968
2443967
2411527
2404662
2395334
2379906
2419319
2495743
2385096
2427942
2378454
2387934
2471825
2515934
2413420
2391579
2374558
2402370
2379963
2660076
2433369
2418832
2510398
2440263
2412742
2472650
2410585
2420689
2487946
2450888
2438811
2463648
2457088
2466873
2425059
2549019
2476404
2492128
2502166
2442511
2414986
2424500
2382149
2403577
2438921
2419213
2381813
2411124
2363467
2423932
2385689
2360166
2468932
2366913
2366044
2372528
2405806
2371087
2374138
2368576
2378574
2353395
2370960
2377736
2402969
2425020
2389253
2365526
2403446
2357397
2367335
2378284
2381917
2413039
2376332
2375826
2430871
2362683
2404338
2425544
2360119
2364754
2353428
2365022
2364622
2365306
2349458
2356480
2356780
2352296
2345168
2351787
2348433
2379515
2343613
2366978
2346604
2357825
2421094
2335673
2353677
2336644
2328136
2370167
2358489
2355244
2342624
2392502
2350506
2332532
2344605
2346942
4771548
2415850
2319552
2359185
2330165
2339558
2424713
2333842
2328857
2332031
2355058
2368053
2342566
2320994
2328463
2317010
2364117
2336598
2318494
2334107
2318684
2371203
2350931
2319264
2339020
2320794
2310506
2330763
2325227
2342024
2325230
2337834
2343753
2316828
2318917
2329460
2316676
2328740
2310023
2311627
2313274
2311064
2317765
2328592
2313721
2317335
2315160
2315561
2323590
2315606
2328218
2309088
2343013
2354022
2342793
2355943
2347710
2410908
2584414
2386560
2425775
2431492
2415755
2362312
2606999
2357091
2407084
2373476
2392894
2398344
2389596
2351431
2370183
2496796
2381791
2382428
2348784
2531735
2996798
2452662
2639882
2477133
2434715
2399200
2410125
2446517
2416062
2413699
2411614
2405830
2494587
2439529
2363821
2358430
2366726
2330220
2369541
2379351
2375306
2406176
2426347
2478566
2503210
2409949
2530332
2514014
2484398
2454483
2539209
2608825
2477437
2389816
2414008
2401430
2461457
2400593
2445804
2449291
2399487
2394112
2400970
2416749
2425407
2390150
2374934
2447948
2428891
2402658
2383542
2393105
2394613
2422260
2418434
2472660
2447330
2394248
2447148
2417558
2395190
2499936
2372690
2335557
2367339
2323855
2345619
2397161
2364630
2361470
2329031
2355652
2324086
2345557
2354468
2352859
2388900
2342297
2323825
2332260
2366743
2341198
2340460
2338821
2363022
2384059
2418280
2393535
2368750
2413585
2399187
2382812
2401584
2391808
2405613
2387621
2391509
2390463
2440697
2377920
2410860
2420823
2388917
2416754
2403834
2371807
2370806
2362073
2398478
2386861
2378760
2350307
2348114
2352361
2355658
2306387
2348179
2366214
2357379
2341946
2356568
2319778
2385090
2374297
2363338
2344986
2342670
2354607
2338586
2405891
2360631
2455110
2334653
2338259
2367662
3375806
2477710
2803731
2304046
2308030
2495659
2322854
2309551
2321168
2344309
2330570
2343964
2343011
2336527
2350401
2379642
2364271
2355622
2538295
2440962
2357066
2401906
2372378
2378814
2412516
2350898
2370409
2350388
2329443
2359722
2424427
2345904
2343394
2307114
2378887
2327596
2350374
2445760
2396696
2317414
2329409
2480513
2921000
2903680
2512294
2573544
2352166
2358543
2365235
2348029
2342672
2361229
2358936
2331251
2409330
2669309
2368290
2531982
2342753
2299179
2354702
2351762
2314341
2465085
2416265
2311891
2460460
2389512
2316734
2356919
2414646
2306167
2295498
2388495
2315621
2319874
2396517
2301544
2301267
2323395
2308770
2488589
2380330
2298274
2329843
2302252
2343801
2303643
2321058
2329863
2286743
2378485
2390497
2289402
2361319
2398596
2298241
2313659
2330690
2327818
2302139
2714096
2311395
2325769
2299321
2376787
2302740
2299907
2295758
2283739
2291322
2402285
2302042
2294454
2332480
2314000
2284699
2304382
2328852
2282684
2291799
2364864
2294495
2294512
2356599
2295547
2295591
2523698
2299149
2280217
2398618
2296106
2287366
2306232
2334545
2315134
2298874
2299730
2290246
2277576
2386597
2288076
2324997
2339919
2288671
2271406
2358157
2272866
2294263
2400987
2310136
2278009
2272569
2400341
2374805
2475273
2400337
2331555
2350199
2608521
2481912
2432059
2462534
2524797
2296051
2281555
2273672
2294107
2362639
2307796
2352611
2372301
2707642
2496941
2298845
2370875
2272017
2266101
2276201
2275704
2257513
2272189
2309824
2277961
2309459
2286612
2326862
2283923
2279030
2316758
2311564
2314835
2458150
2272209
2539978
2437465
2355554
2387124
2402165
2397787
2487376
2358933
2364429
2485210
2479290
2407168
2910559
2339659
2272168
2291579
2251341
2258284
2241393
2260262
2356478
2415949
2321926
2283314
2318007
2303732
2862741
2288002
2252431
2244793
2261208
2248053
2245366
2254810
2227662
2255202
2248655
2244242
2255919
2233808
2256270
2230059
2249988
2244699
2277621
2274127
2271057
2353086
2392301
2362801
2369016
2344169
2346591
2307510
2288939
2351833
2330996
2336652
2315880
2300649
2311552
2291925
2286524
2290799
2269012
2267436
2289626
2302863
2497399
2410859
2312870
5262131
5899084
5936184
5785071
5997839
9150240
5805764
5606573
5628077
5756381
5859711
5677561
5965327
5549883
5633706
5645313
5615823
5627684
5582010
5538933
5595464
5512130
5706974
5498869
5509920
5636627
5583233
5625457
5611373
5631517
5588090
5655744
5878581
6002355
5789174
5534623
5661413
5800844
5932994
5635197
5547610
5453366
5620940
5742927
6608103
6008698
7680810
6989387
5588620
5611250
5545804
5541711
5638887
5801224
5675203
5621527
5558640
5586713
5572457
5500760
5466217
5413393
5587330
5691684
6321773
5872761
5537487
5681330
5386166
5510590
5414710
5442339
6287829
5426639
5559671
5506494
5438870
5385643
5398396
5392223
5389243
5392500
5471026
5375579
9619135
5568842
6155509
5618873
5682963
6062572
5461260
5507333
5404923
5405557
5700453
5664363
5724370
5610844
5421757
5524270
5471107
5562553
5477884
5457683
5386386
5408036
5573030
5745344
5651893
5426413
5507103
5680684
5528313
5580807
5699244
5720020
5667207
6261112
6963617
6914910
5360636
6252295
6131922
6063432
5747181
5574876
5645627
6025304
5703283
5629020
5579039
5578364
5802251
5601257
5592279
6006348
5700504
5611824
6277486
5936374
5750154
6091138
5798151
5861778
5678100
5745357
5760344
5690314
5638754
5721864
5846018
5808885
6271653
6884215
6254902
6267141
5817244
6384653
6195649
6384690
5742178
5974138
7039275
5879556
5524765
5134595
4778394
4926126
5546095
5207558
4760937
4887320
4832014
4834380
5045455
4951293
5119704
8336314
5056630
5073084
5184576
5397982
5177264
4942604
4993683
6635232
5248456
4777214
4676920
4716294
4775940
4714111
4979298
4898895
4833374
4791157
4869944
4665008
4691317
4854355
4753845
4782643
4859191
4782492
4850460
4781720
4850600
4744297
4708966
4738706
4874737
4832038
4674491
4688428
4708926
4698437
4883446
4988989
4845746
4808283
4809646
4952158
4988303
4879197
4959155
4883966
4890661
4872867
4985766
4935537
4684103
4655596
4687803
4667402
4659443
4664503
4674466
4776159
4788434
4774649
4836323
4825380
4774286
4913074
4870006
4900314
4834497
4974420
4897020
4868975
4819627
4747602
4681068
4721714
4762529
4691289
4624817
4681145
4787221
4402693
4353931
4751647
4958811
5030022
5202748
4466077
4574757
4623854
4484288
4497519
4470822
4554738
4405611
4394655
4534534
4435216
4524877
4472799
4450767
4428058
4570837
4634849
4638929
4470858
4448381
4412853
4433386
4557673
4568469
4481496
4492144
4684969
4729156
4645344
4656725
4319964
4293107
4331037
4427566
4217933
4556641
4676201
4573552
4609686
4614044
4605394
4411061
4423851
4374274
4396733
4211198
4397253
4207558
4410080
4835537
4474752
4468833
4458314
4338006
4332657
4331425
4310194
4348102
4331011
4410280
4366472
4660624
4215033
4233055
4659526
4454606
4306223
4223417
4261804
4218465
4269591
4200653
4226592
4978653
5188773
4820532
4229166
4218297
4220123
4192883
4206828
4192827
4219865
4178316
4180544
4201703
4189282
4187217
4256587
4174922
4220342
4809127
4311723
4374028
4356017
4420575
4296783
4274874
4270608
4408651
5239286
5376993
5222116
5346856
5564823
5232736
5326336
5265862
5217045
5365053
5201242
5227883
5242169
5226642
5408560
5439529
5609103
5477644
5436816
5622807
5469713
7478879
5272230
5283080
5230681
5197312
5227778
5218836
5182172
5218866
5241103
5214586
5191548
5196363
5206302
5245569
5191589
5265933
5259305
5210672
5218792
5178558
5274279
5230466
5199089
5195829
5181236
5181526
7626643
7560433
7646340
6752804
6250515
5143275
5133075
5165705
5276473
5260863
5228312
5162156
5177869
5128445
5211739
5205072
5119982
5144948
5163379
5104815
5135951
5156545
5349496
5356206
5276500
5411793
5239936
5290343
5233838
5207842
5210426
5123068
5160775
5138322
5242866
5188879
5188789
5187412
6642000
2848177
2300769
2764646
2349349
2216513
2189784
2176596
2242650
2307162
2232206
2261405
2221983
2211000
2109741
2113078
2120760
2136032
2147227
2175020
2216379
2226142
2192788
2165410
2180582
2138545
2204400
2119234
2182905
2154128
2125397
2305764
2557632
2347675
2257391
2341756
2416545
2408208
2284316
2366070
2876478
2874703
2174625
2097579
2158656
2150799
2331134
2152744
2129783
2256722
2247219
2233468
2155022
2099484
2232899
2098058
2342869
2132192
2129149
2084524
2109818
2119675
2181808
2194572
2118884
2130550
2083991
2069208
2076694
2064931
2098676
2060882
2077381
2177641
2245295
2225070
2142689
2159117
2143239
2133398
2162830
2147347
2122167
2113626
2121546
2148629
2107600
2135335
2116708
2141235
2111288
2139547
2105491
2150244
2089712
2094467
2085322
2100229
2085779
2142694
2258894
2265980
2136360
2108374
2094099
2169560
2098999
2082000
2057620
2060621
2092563
2058614
2065039
2058972
2064611
2084568
2077503
2107221
2084220
2090961
2073807
2077986
2062265
2121679
2107520
2174960
2263875
2253981
2388289
2211740
2273622
2302822
2248096
2217161
2163384
2137161
2167033
2245163
2225917
2174566
2189262
2211880
2187523
2513729
2257061
2249082
2189585
2293602
2385803
2378578
2445986
2172317
2187466
2224424
2251997
2180378
2202908
2180911
2195472
2234830
2261827
2193328
2168353
2181775
2182278
2233074
2182900
2315735
2338693
2226563
2832079
2175554
2198472
2220867
2197015
2208831
2177141
2193076
2201636
2168091
2264251
2186894
2240987
2265643
2195843
2258044
2415382
2175359
2170455
2163802
2174656
2138711
2169179
2156167
2160695
2153581
2137937
2152781
2136708
2171881
2156410
2139069
2187330
2155251
2159962
2176070
2149004
2160092
2157724
2175262
2147367
2152085
2155792
2148989
3658813
5213496
5302912
5223022
5208352
5536516
5263845
5296563
5261753
5353842
5313669
5556426
5335936
5241722
5641781
5250743
5288909
5245632
5391146
5414532
5301596
5518400
5378206
5314646
5311099
5274522
5294699
5522610
6448546
7813136
6049382
6376102
5335839
5253449
5470239
5361325
5265229
5282439
5264513
5332126
5267049
5244409
5255243
5254519
5279162
5252992
5217422
5242959
5298043
5385190
5348692
5362256
5521254
5400963
5359449
5237936
5230580
5299185
5259339
5259696
5259519
5226722
5241835
5435949
5319403
6012765
5881141
5933664
6803240
5526133
5244339
5321900
5395877
5345573
5279679
5365836
5296612
5283399
5364030
5399833
5408059
5339143
5264813
5471156
5272723
10119638
6076852
5682093
5357226
6966144
5415389
5385256
5279949
5232429
5272626
5368639
5331656
5314123
5211895
5207836
5245215
5298809
5307326
5212895
5357296
5281213
5214589
5306269
5271016
5238973
5247295
5249283
5529260
5331026
5643676
5475953
5263996
5261282
5493670
5656403
5755694
5198285
5253436
5205059
5244202
5267732
5219609
5215993
5180502
5229732
5201930
7674830
5457373
5443846
5197109
5243786
5215762
5287689
5193976
5196622
5280512
5272756
5276836
5302556
5203652
5464386
5379360
5648657
5338352
5139442
5311439
5156113
5174146
5271683
5262925
5341977
5175309
5214705
5164656
5190985
5212559
5166912
5304726
5459679
5311720
5404380
5466383
5418576
5391259
5504933
5407776
5287946
5321349
5307559
2610531
2305976
2968331
3021949
2266289
2219936
2233895
2218885
2234081
2323139
2395441
2381552
2308411
2276488
2301903
2262661
2509317
2315650
2317453
2294006
2302368
3680054
2321219
2267011
2233823
2236729
2209253
2213847
2400966
2282248
2394121
2295401
2483338
2666141
2231728
2213135
2278968
2211097
2174449
2260080
2191492
2187083
2176314
2216619
2235074
2203570
2271093
2213977
2215983
2304362
2299834
2191801
2198795
2208701
2245148
2230854
2266642
2178562
2178317
2200716
2257031
2207062
2186834
2226532
2187766
2356276
2220503
2231702
2236847
2218156
2237818
2279016
2255512
2241936
2237229
2180699
2246521
2180711
2191170
2219457
2211529
2212800
2192438
2197256
2201012
2190344
2193545
2297345
2278058
2262578
2262140
2171653
2261253
2177410
2200574
2236276
2218190
2207689
2198364
2227069
2172688
2184142
2182855
2137587
2153417
2156940
2152258
2232938
2142184
2188429
2137898
2154274
2147477
2148529
2202975
2142304
2188011
2149264
2153431
2141413
2130483
2193514
2136292
2155153
2150057
2148130
2155605
2135780
2208598
2156796
2209379
2208264
2251492
2219106
2197486
2232974
2200778
2200598
2157814
2168706
2164614
2277646
2171821
2182505
2191157
2179151
2152089
2181836
2204129
2148722
2155161
2126808
2167359
2149571
2169300
2133440
2120737
2147233
2141233
2141061
2129938
2466109
2140088
2131317
2134897
2126900
2145318
2130617
2164984
2147324
2124229
2140282
2115386
2147814
2140641
2156879
2141667
2122929
2152140
2151638
2153372
2124899
2158860
2133577
2119770
2148392
2110570
2168178
2114255
2167665
2119681
2117028
2143491
2114883
2154212
2129751
2204520
2122758
2162257
2141758
2110086
2127677
2101898
2140882
2150301
2200427
2129961
2259995
2275343
2139238
2129016
2294636
2112431
2132445
2149444
2119015
2123902
6368837
2240710
2417018
2187845
2230680
2194377
2243625
2575228
2299290
2113351
2192341
2115787
2099923
2111279
2237581
2135614
2150177
2496673
2115866
2093787
2110352
2192015
2108803
2106005
2255579
2120192
2096094
2192958
2277549
2149018
2177586
2221407
2144619
2143961
2151698
2173478
2153572
2193417
2207782
2243377
2125485
2180422
2127092
2132625
2225698
2135445
2206622
2165603
2268719
2251387
2137365
2230896
2173217
2165032
2180963
2312003
2571791
2359132
2231222
2146504
2118257
2325065
2137106
2203225
2250587
2274938
2161734
2222179
2213885
2158041
2174335
2235973
2136257
2179471
2145581
2145519
2185295
2210661
2157024
2742895
2869506
2155519
2149767
2286844
2198799
2431186
2666119
2313590
2414614
2171817
2087185
2141079
2142434
2099206
2230162
2090032
2126464
2088542
2121135
2284608
2488069
2470020
2312818
2474081
2136242
2098526
2113605
2079460
2095031
2134311
2096647
2215735
2215413
2203802
2186621
2430148
2461194
2620649
2486009
2545940
2576978
2427548
2750242
2423202
2276409
2826964
2388939
2516155
2564211
2297668
2211226
2522168
2620377
2802138
3187653
2215030
2195063
2158800
2152020
2244879
2166844
2187448
2208228
2193798
2200821
2186832
2182766
2175942
2231728
2268869
2288889
2183331
2141940
2209992
2213996
2220036
2214004
2229537
2234260
2225361
2307745
2384160
2625375
2212494
2224537
2209060
2243838
2256088
2220647
2214266
2293220
2285096
2246814
2211154
2327343
2411150
2817394
2187180
2269791
2296485
2200235
2178278
2212067
2549851
2299655
2384824
2188589
2302408
2704414
2528136
2172319
2146318
2158107
2136397
2306000
2155947
2134899
2153293
2146065
2143416
3216585
5363542
5351823
5392813
5352369
6574959
5260859
5306510
5374363
5495669
5436340
5242102
5361916
5762407
5282736
5257079
5573683
5348442
5345430
5282576
5381346
5343843
5476916
5508957
5431966
5367243
5313480
5301599
5294689
5322302
5210103
5186565
5366173
5558657
5701430
5334139
5676474
5348889
5852814
5534613
5478177
5354129
5366883
5452563
5424746
5298486
5397423
5709334
5498486
5395219
5383453
6416425
7910427
5465643
5235386
5205333
5224595
5251199
6873578
5368889
5595116
5547077
5488156
5514336
5423780
5493700
5650147
5459080
5485506
5383306
6129465
5330532
5331943
5436053
5667607
6005511
5770071
6140975
7030231
5266876
5251289
5520936
5443143
5561936
5484614
4984470
2383555
2377339
2231825
2224575
2342090
2202593
2253450
2209843
2247214
2212952
2219417
2159442
2179369
2198188
2157443
2238074
2181938
2126165
2144021
2120287
2182639
2123838
2193291
2157897
2134524
2148933
2167534
2181711
2246231
2293198
2240837
2128702
2206643
2112949
2235962
2212806
2517516
2392257
2304644
2193139
2193388
2204561
2255799
2280075
2276195
2381961
2234284
2168182
2166847
2207094
2245174
2224008
2148345
2120527
2192700
2260122
2127025
2146617
2120876
2191606
2163226
2202529
2261820
2150758
2185531
2170654
2174453
2187036
2287238
2227565
2191912
2192682
2142461
2148298
2167643
2228090
2170162
2161657
2283013
2193859
2215082
2214245
2234179
2245644
2118365
2102242
2175974
2199263
2231279
2203393
2243190
2190769
2197329
2236569
2236256
2263404
2268441
2181701
2206991
2168832
2211483
2226631
2154570
2226302
2187904
2190617
2155190
2110993
2148854
2157766
2197322
2159980
2170406
2196524
2183096
2394018
2155138
2138175
2124205
2188112
2196671
2142845
2148757
2123851
2153194
2120634
2137913
2169032
2148471
2205363
2139922
2202851
2183292
2149648
2145583
2142383
2145744
2230930
2177966
2222743
2217766
2168592
2198178
2323804
2274497
2224128
2339989
2240830
2157260
2127584
2064185
2119799
2107572
2139632
2108295
2098772
2153906
2237719
2286801
2169177
2115573
2209699
2146851
2190229
2124238
2208815
2217596
2134798
2145296
2168763
2075362
2049240
2078807
2072374
2046393
2074806
2111064
2076305
2083447
2094053
2089824
2144463
2140792
2120715
2184393
2317147
2292069
2148007
2129104
2146633
2055464
2168457
2044390
2084163
2079905
2123180
2227710
2129362
2127370
2080949
2109268
2112398
2140737
2144971
2102417
2143879
2099947
2092345
2087771
2149670
2160634
2150919
2376350
2141898
2182502
2150496
2141197
2197712
2127218
2163686
2097967
2121139
2116643
2300790
2113100
2157955
2347602
2104387
2066031
2103276
2308353
2125835
2097580
2299489
2035190
2024046
2069725
2174769
2131194
2094847
2117542
2059507
2082605
2309262
2120016
2168189
2136391
2030076
2039245
2020362
2146231
2112687
2148947
2067087
2123567
2099942
2054767
2046472
2028134
2131301
2025426
2087263
2072899
2089281
2064856
2036899
2129094
2145482
2139070
2245658
2178123
2136780
2112394
2276428
2146189
2131614
2067112
2071964
2078804
2128697
2126854
2157622
2188282
2128034
2144954
2094530
2080315
2076361
2043738
2074406
2046907
2086808
2064646
2110215
2064652
2080672
2089370
2081245
2107230
2077366
2100891
2055740
2097035
2164751
2043193
2065095
2442931
2250840
2123900
2173980
2156018
2240897
2321178
2179940
2054603
2144042
2175862
2026123
2004656
2058645
2010543
2217249
2211717
2128842
2123738
2040893
2170211
2022474
2090203
2030364
2004860
2032731
2013586
2080045
2022291
2075076
2057144
2079197
2154760
2184546
2130416
2125850
2111785
2050758
2145909
2025682
2088242
2299079
2023509
2125797
2093826
2099717
2033499
2088278
2157939
2113901
2204097
2087723
2501970
2084233
2343107
2167805
2057199
2265473
2065152
2006978
2055177
2424856
2051322
2049826
2061815
2140350
2153637
2228175
2088398
2144398
2236006
2191874
2067386
2046790
2063148
2060031
2063052
2263487
2599405
2310004
2436173
2102028
2413693
2609081
2119862
2342997
2337985
2337022
2392566
2245586
2761691
2294745
2283262
2045257
2195417
2086967
2162104
2421838
2372590
2155207
2700787
2485539
2453768
2134173
2244285
2344061
2622901
2033629
2044518
2216764
2136405
2145129
2242871
2389103
2323913
2102005
2472875
2028836
2022374
2137256
2073905
2285915
2080299
2243782
2018946
2015581
2065764
2010568
1997992
1997629
2176642
2103908
2089857
2141738
2092353
2039355
2105527
2071805
2046158
2075620
2119813
2080260
2033655
2068342
2081761
2107822
2081094
2160131
2180722
2086355
2097045
2050979
2039928
2000025
2267323
2087540
2045645
2032186
2015828
2038588
2044313
2218407
2142799
2612360
2028192
2386370
2932166
2174585
2187604
1972089
2001413
2995164
2047839
2049905
2168202
2169446
2412125
2065492
2020924
2069214
2112995
2133806
2234513
2149247
2205091
2074669
2111936
2163242
2082923
2045678
2036785
2022652
2002420
2075820
2047058
2016581
2096490
1991122
2014165
1967188
2007965
2016188
1994851
1974673
1997428
2145084
2053417
1993867
2710801
1993892
2020849
1989566
2013457
1970980
1967133
1997378
1989820
2036424
2081301
2073731
2115727
1991481
2038197
2025646
2038119
2104700
2180369
2068691
1997564
2085656
2168840
2192837
2052980
2046023
2050083
2058408
2088366
2082264
2126836
2102374
2151810
2137391
2092759
2098512
2105629
2224423
2140012
2110909
2073732
2119116
2076627
2074235
2092708
2061320
2088397
2056518
2099683
2065140
2104999
2077666
2090649
2081577
2061997
2079992
2093252
2123858
2040739
2052052
2010629
2012505
2022424
1980318
1993127
2020243
2052650
2031052
2005350
1991219
2003007
2055276
2021981
2022489
2027284
2017088
2010918
2016787
1987581
2049863
2039584
2026061
1995153
2012609
2020085
2020693
2021170
1990960
1994284
2117817
1993975
1978698
1991396
1977696
2034868
2009959
2006774
2001471
1979521
1988913
2020536
1994606
1981431
2002039
1977339
1988420
1974244
2032331
1995770
2018027
2015782
2068747
2081995
2082282
2101261
2108119
2089879
2023361
2054368
2019409
2019631
2090117
2057529
2063832
2019492
2065482
2054383
2038570
2030363
2076990
2005046
2025731
2015603
2028153
2046600
2019498
2025682
2019995
2116718
2046538
2025107
2019027
2090146
2011516
1969747
2076146
2072776
2167976
2049766
2216461
2120146
2175694
2031526
2045306
2074126
2048354
2022611
2037889
2115019
2103326
2128474
2065983
2140900
2196780
1993605
2006546
1983042
1996122
1995270
1992577
1984167
2039074
1992149
1993966
2044287
1979372
2005169
1979007
2103612
1976960
2018534
2009943
1969841
1987765
1995554
2002068
1983652
1994880
2003591
1992703
2347359
2012688
1994315
2003912
1967983
2016185
1995484
1972030
1971703
1982836
2071390
1999090
2017012
1984093
1989842
2020107
2092767
2591989
2078881
2034660
2006126
2042443
2011318
2006679
1984833
2007085
1999292
2018580
2036350
2005784
2013758
2009524
2015184
2035213
1993583
1978932
1982328
1983900
1996228
1978563
2032864
2033864
2002688
2093685
2015923
2107420
2039759
2064174
2000058
2630494
2036573
2002281
1996709
1979882
2020211
1984130
1993710
1973874
1975997
1965109
1990239
1971212
2093360
1948570
1948655
2096951
1938755
1960597
1948318
1991774
1948109
1955803
1990152
2478660
1947987
1957244
2042471
1973517
1934745
1951836
1961401
1939093
1972627
1937818
1998830
1942144
1940593
1939317
1952239
1942643
2008898
1953363
1964510
2003446
1951072
1946498
1961971
1986898
2048525
2059587
2137616
2011877
1956949
1932806
1973647
1981862
2110127
1982711
2021271
1948814
1980744
1965097
1968657
1994931
2016981
1924881
1977643
1916275
1944148
1923089
1985410
1950080
1934189
1939069
1921325
1868999
1880926
1894718
2005208
1924481
1917240
1878262
1934749
1891505
1896445
1915683
1916249
1913123
1885129
2754056
2048840
1906335
1913991
1990595
1907233
1893858
1931808
1887645
1918537
1890141
1924456
1889125
1896005
1905600
1920023
1892639
1914029
1882237
1929156
1904794
2180726
1888435
1910974
1882223
1925906
1882915
1945469
1886811
1890270
1886915
1902962
1883511
1897054
1873978
1902283
1877425
1947376
1888366
1888725
1889208
1884678
2846499
4577503
4549704
4635251
4598857
4672661
4591633
4548957
4529711
4578354
4561797
4595377
4602947
4572197
4543697
4533677
4560004
4519248
4564093
4544804
4523010
4535363
4526094
4508184
4550867
4596620
4568683
4535500
4571654
4540653
4691061
4613010
4519590
4509516
4552647
4509357
4556254
4584930
4522790
4514680
4514624
4532757
4552050
4513953
4553554
4504946
4533150
4615031
4559397
4530164
4509830
4526837
4507790
4486370
4520240
4504760
4500257
4651054
4501741
4513166
4591511
4538587
4502530
4606081
4517371
4507743
4595607
4572218
4560641
4533224
4526697
4573640
4614724
4529330
4522453
4548367
4542127
4531524
4506190
4687337
4517108
4563670
4569247
4554804
4507837
4513204
4504577
4533296
4528650
4605781
4542374
4485731
4531880
4506107
4520300
4482000
4513467
4477963
4510381
4526113
4544270
4515214
4503697
3157688
1848504
1882553
1841600
1875349
1854437
1860380
1848613
1860162
1835613
1857598
1848813
1855573
1974155
1886903
1833974
1862271
1842690
1864296
1837015
1855712
1883119
1845738
1844278
1844690
1834836
1847540
1848289
1856733
1857530
1852428
1832877
1841441
1839169
1841778
1831264
1848058
1837681
1853428
1841387
1840070
1844214
1849127
1838150
1861028
1833841
1840911
1832314
1846989
1836335
1863278
1834005
1839945
1832842
1865396
1834381
1841190
1837452
1844351
1832396
1844434
1836676
1834543
1846610
1844592
1838580
1841812
1833504
1909645
1828169
1863791
1834377
1833336
1829861
1836482
1831449
1827910
1836832
1833878
1839449
1826728
1838818
1822024
1852033
1825913
1848709
1825263
1842223
1833583
1848156
1828423
1837536
1824750
1828510
1825336
1835890
1820018
1843930
1823033
1838179
1848686
1837253
1823770
1833225
1819209
1843427
1838381
1825634
1829019
1836945
1815782
1826402
1822487
1830396
1857296
1848958
1816240
1829619
1816186
1824554
1810323
1861621
1812115
1832961
1818868
1819335
1819330
1812179
1828834
1821702
1822845
1810047
1828995
1809328
1829794
1825284
1809869
1824236
1825327
1843802
1811008
1823671
1810384
1832758
1815586
1806002
1810792
1836231
1807533
1813242
1812834
1811001
1822754
1804351
1838905
1824395
1826634
1822810
1814493
1804974
1820335
1808666
1808554
1835291
1832110
1819023
1824615
1803052
1811738
1806735
1819883
1820688
1918815
1824593
1843751
1814206
1812432
1793947
1817653
1808054
1810121
1798435
1817037
1802371
1804204
1807176
1788902
1805826
1805092
1828429
1806683
1824044
1806097
1812650
1796664
1817686
1789567
1804846
1792736
1801508
1799652
1808830
1794204
1802205
1800499
1829887
1792286
1805926
1787125
1814255
1812642
1807519
1777465
1788554
1782393
1777886
1794160
1772281
1793938
1788532
1798313
1792659
1833456
1797256
1810709
1778824
1792257
1782955
1797552
1774975
1789206
1779117
1809809
1783665
1786652
1777377
1788468
1785263
1788725
1794586
1811712
1782775
1797527
1783647
2071528
1784250
1793450
1780306
1786764
1771452
1790840
1777620
1783040
1767755
1898090
1772437
1767344
1773698
1772041
1805942
1787331
3797068
1817868
1769347
1793433
1765614
1801721
1810830
1805967
1781511
1777432
1766300
1794627
1771046
1794403
1872394
1798356
1777568
1787526
1788997
1794729
1797493
1836884
1778883
1870048
1845848
1873667
1857977
1860219
1795792
1807942
1846527
1798831
1970331
1935907
1809626
1833328
1781461
1761845
1776208
1782209
1786308
1769939
1771515
1766074
1766346
1767320
1819685
1785612
1781085
1768282
1767214
1771374
1764485
1751413
1767646
1754985
1774323
1771707
1756626
1756032
1751118
1772697
1865409
1974014
1883477
1835717
1812814
1799329
1799917
1803846
1921611
1843715
1833795
1810773
1815710
1811214
1803142
1771987
1787950
1759108
1790910
1924702
1761825
1867660
1750576
1788696
1750493
1828574
1747770
1754331
1735616
1788876
1738462
1759933
1838218
1772815
1766393
1780156
1845985
1815920
1745686
1778598
1723299
1793535
1751282
1721315
1742486
1722354
1788870
1727189
1744962
1723549
1784059
1805960
1780673
1760054
1799378
1754536
1745872
1738075
1732054
1732543
1756458
1761430
1744510
1748730
1735610
1756312
1772469
1858335
1742971
1780433
1726706
1770431
1739438
1754258
1738510
1742577
1736478
1731223
1743122
1727897
1746569
1782702
1747704
1802677
1857966
1778862
1750824
1737093
1757898
1787591
1763748
1725945
1746398
1728953
1741348
1785752
1733901
1751316
1819499
1826085
1788170
1997487
1959614
1883754
2031456
2282433
1887184
2160513
1870711
1940926
1887762
1813716
1845438
1972102
1805121
1839997
1789488
1782051
1792222
1796606
2032654
1819130
1801960
1838664
1814381
1807348
1836255
1801676
1843450
1812374
1822037
1782192
1796108
1787418
1830382
1803812
1833623
1804639
1797235
1817271
1824758
1815283
1818666
1789373
1807417
1780576
1784184
1769938
1767832
1765823
1792142
1751390
1776625
1779443
1777482
1775031
1778218
1779521
1735967
1758797
1781976
1762984
1753777
1802813
1774609
1830972
1746166
1775431
1751964
1783953
1755499
1784326
1779937
1739149
1734589
1739899
1743547
1755106
1754631
1778546
1826937
1760798
1793807
1740626
1762012
1734556
1745271
1735989
3408507
4303843
4289680
4306866
4268886
4322397
4702214
4582051
5617880
4503350
4258073
4301940
4335146
4300770
4333360
4401800
4303796
4345960
4377260
4421916
4420040
4336830
4504537
4612161
4678191
4793874
4765398
4412897
4304410
4394070
4398256
4274673
4363593
4323126
4372147
4428383
4409377
4485784
4713114
4365769
4916295
5039291
5208755
4940181
4948231
4515674
4750835
4458943
4439180
5234425
4924661
4266993
4291920
4347056
4434063
4506390
4298423
4324823
4270679
4284600
4613064
4721258
4292927
4628238
4316929
4349950
4770754
4498107
4349553
4673967
4653004
4912841
4589567
4621431
4437973
4269759
4283796
4673217
4267160
4600151
4587713
5428026
5480963
5845687
4908798
4999818
5971582
6264166
4968918
4900328
4208876
4512703
4329556
4221139
4491030
9361392
4334379
4341123
4589603
4423543
2878862
1797209
2100420
2081441
1806052
1768848
1866731
1732903
1753982
1812534
1821334
1735325
1765451
1776724
2219452
1837111
1795936
1785797
1739533
1814557
1737062
1730567
1726200
1790448
1718148
1746989
1748324
1752676
1746374
1773062
1751683
1829899
2063092
2032368
1999388
3114990
1785245
1730211
1771374
1785729
1747464
1714630
1728040
1702453
1943257
1730126
1756858
1794753
1785975
1737166
1818827
1701264
1787920
1732766
1732317
1733042
1746303
1742802
1738116
1797004
1806907
1735299
1719627
1848859
1772397
1802446
1752659
1739268
1744636
1754951
1723336
1871330
1802246
1848038
1850954
1823254
1792429
1824325
1771101
1843247
1751305
1791353
1790645
1805788
1816602
1784348
1802900
1800834
1820453
1764607
1753689
1765287
1755417
1777242
1806523
1774299
1797858
1794821
1793168
1761886
1824447
1867348
1806453
1804276
1850671
1824978
1829501
1816647
1812781
1821932
1826282
1826651
1851704
1795490
1850320
1857266
1867565
1866805
1787974
1832721
1854383
1876713
1822210
1842049
1852306
1862225
1779951
1834104
1981277
1808116
1855020
1750534
1859095
1810226
1761344
1792728
1775750
1797826
1779255
1740728
1788083
1811485
1827132
1819071
1875056
1841055
1859577
1874879
1894803
1840908
1835369
1800528
1758829
1803124
1755631
1805347
1781060
1777754
1793663
1797250
1816870
1802682
1779047
1792248
1781681
1879146
1789948
1795496
1771076
1807169
1794464
1796198
1828580
1770929
1718561
1734353
1733849
1730451
1725111
1726613
1769170
1780613
1761867
1764705
1764826
1719243
1739798
1740431
1733051
1759971
1736826
1729121
1729606
1714672
1754944
1721125
1751767
1797171
1778844
1807320
1793566
1808387
1780416
1763920
1752922
1798115
1752497
1786488
1774145
1783715
1786214
1803229
1807052
1797131
1795193
1982857
1814461
1809672
1745452
1727095
1726134
1713713
1709124
1764209
1885343
1765732
1730702
1735298
1771497
1747156
1719462
1780363
1726780
1735993
1714944
1716047
1714979
1748064
1717346
1736260
1727828
1721808
1746059
1733252
1757557
1757887
1732082
1768631
1738013
1746229
1730035
1747924
1755031
1718036
1720872
1732917
1710623
1830260
1703653
1715707
1721562
1694550
1711673
1694397
1702439
1745624
1743333
1730913
1709983
1709008
1754913
1782477
1755213
1785601
1693081
1682370
1676835
1675434
1703230
1782142
1750921
2307855
2526083
2254293
1813583
1804786
1802173
1779336
1772069
1763890
1757898
1764394
1764693
1749762
1762987
1794696
1788423
1794320
1783291
1790063
1830163
1961234
1872545
1908004
1899964
1905347
1834063
1804369
1785056
1790791
1778575
1797897
1774616
1870635
1820164
1811714
1785754
1851462
1813680
1819839
1816330
1873241
1838359
1836140
1784625
1911305
1867869
1786719
1890315
1988626
1761906
1881072
1760992
2014624
2084809
2222553
1831158
1884784
1964693
1893680
1812044
1833870
1915239
1825950
1858993
1773423
1949152
1829117
1773048
1843155
1774233
2049798
1906433
1844696
1917882
1902113
1859512
1806287
1789378
1816945
1788171
1782858
1781679
1870391
1926399
1886178
2080870
2139162
1804265
1873787
1857940
1842430
1932706
1745612
1840056
1749123
1862019
1754536
1747991
1800120
2062651
2694669
2664199
2636562
2704892
2547224
2607249
2082833
2314848
2620226
1968526
1958022
2354489
2438763
2306896
2489840
2228537
1956588
2381414
2706652
2814919
2517690
2737193
4014664
2208770
1947955
1900970
1730473
1888788
1911951
1755399
1958815
1892993
1785835
1847554
1969581
1778300
1769037
1890330
1749308
1749491
1755940
1753601
1735684
1862372
1736990
1888439
1761255
1762154
2206156
2174415
3407462
1880159
2550524
2049300
1932441
1842281
2003437
2087565
1891571
2001556
1728790
1767997
1719528
1949065
1851987
2069162
1684773
1686509
1678246
1687512
1673231
1898438
1882869
1841357
1773237
1709847
1674672
1936834
1685918
1727984
1709608
1699016
1719986
1686622
1677629
1672581
1687650
1682058
1713519
1686348
1683330
1730978
1684506
1721955
1676748
1734063
1726027
1723362
1692333
1699637
1682338
1719283
1693131
1676802
1712280
1665731
1696455
1692393
1702097
1682101
1686977
1677852
1684461
1696804
1663098
1712744
1681619
1676073
1681210
1692431
1666442
3597753
4086579
4107009
4168049
4373552
4554967
4917189
4234636
4317663
4281369
4102179
4179769
4203010
4097759
4056912
4310297
4070506
4087239
4204665
4236433
4180589
4204070
4129869
4162510
4201006
4164590
4183089
4135946
4439443
4870967
4328143
4349013
4328919
4534851
4167355
4076869
4262463
4122059
4140989
4120882
4115606
4145803
4183852
4490530
4335007
4163916
4531887
4231876
4141696
4156709
4161092
4113755
4089386
4176239
4291392
4395743
4192943
4090288
4141263
4152112
4118616
4311659
4262112
4409257
4141695
4183699
4123759
4113786
4086536
4129888
4133560
4335222
4292092
4297856
4066892
4140426
4097269
4257969
4160643
4087912
4096559
4085269
4086003
4245199
4199203
4144358
4136179
4248913
4163552
4299176
4147542
4186752
4260400
4088486
4255386
4214509
4148382
4457694
4578267
4165306
4582060
4503387
4472737
4345634
4375973
4574751
4232296
4155696
5943983
5417823
6396673
4380490
4150442
4368480
4411356
4275223
4422746
4456527
4436070
4132579
4157255
4071835
4074793
4385933
4238623
4160306
4092602
4343676
4116012
4150639
4085739
4280713
4159745
4256660
4211675
4151706
4125132
4231683
4190825
4131149
4270643
4344680
4244829
4049389
4185879
4068799
4045422
4148612
4274739
4150092
4266967
4512594
4233679
4028018
4367966
4143276
4027131
4035189
4170392
4053216
4033765
4140798
4029622
4103366
4086515
4063529
4224972
4051966
4146202
4092066
4150386
4150482
4096662
4128736
4177469
4161266
4119082
4129975
4066722
4142892
4154116
4135872
4284770
4558194
4600911
4208132
4330967
4354466
4411867
4250926
4196126
4189436
5101842
4472643
4144166
4427673
4190329
4053549
5975922
5489106
4054156
4454220
4211240
3999942
4068439
4201446
4172422
4349140
4188943
4266652
4219349
4210903
4198905
4242487
4199173
3281418
1708563
1702235
2516735
1714616
1682791
1712250
1674736
1693194
1674550
1704846
1747383
1732621
1710518
1675547
1686854
1697751
1684324
1684830
1736660
1701208
1700361
1693367
1670480
1700595
1668613
1679255
1673714
1963816
1684693
1686931
1678269
1685236
1677416
1666412
1728948
1666776
1705219
1667784
1715772
1687461
1686499
1671007
1718113
1668625
1657805
1738991
1674176
1700757
1661636
1691825
1666903
1687229
1658749
1702207
1688234
1661753
1690487
1679362
1786428
1674989
1699514
1673024
1670010
1663605
1683212
1664251
1677605
1686775
1681256
1695411
1695422
1670743
1669844
1663465
1686378
1663860
1676297
1665845
1663827
1659277
1693831
1661775
1678980
1662306
1673715
1669374
1673490
1695802
1672611
1704249
1677915
1680935
1768354
1680111
1656848
1682672
1655245
1661684
1662015
1668362
1650839
1647911
1667154
1659327
1663885
1657672
1681436
1678404
1692065
1670528
1678935
1686922
1657629
1699726
1645139
1667607
1711717
1685701
1650621
1664924
1700306
1643594
1694081
1653056
1676956
1646326
1669663
1676908
1685203
1648818
1661010
1650543
1655086
1729686
1644245
1665649
1639983
1716531
1746930
1726164
1738601
1690816
1672091
1737631
1685719
1649802
1714396
1748291
1672062
1690989
1681650
1648912
1660956
1728998
1674025
1694146
1674130
1642706
1705760
1643244
1687551
1666990
1671152
1669918
1670234
1659721
1682186
1662482
1686235
1765751
1693226
1687886
1672322
1669047
1669528
1668530
1700534
1666715
1710091
1685981
1747700
1723509
1751389
1655394
1716218
1701436
1690940
1661917
1701437
1674971
1649756
1713868
1659434
1717685
1653774
1720124
1724736
1653761
1679395
1726981
1712447
1704602
1730513
1671233
1739147
1650540
1682959
1667462
1645613
1678305
1678871
1672304
1681374
1686408
1668381
1697605
1646762
1748222
1704578
1646747
1689791
1655244
1688294
1642015
1663960
1646109
1662220
1643507
1646825
1684287
1664289
1684933
1644171
1670552
1668518
1680187
1707616
1723099
1667532
1684388
1697106
1658242
1700602
1648168
1695563
1660969
1726219
1693172
1749875
1694838
1678599
1742406
1743426
1691460
1673075
1681860
1659193
1713074
1668944
1654854
1646735
1678858
1645163
1657350
1646669
1662231
1648860
1649263
1661712
1649668
1680332
1656199
1747728
1648522
1698055
1711481
1636644
1648509
1643919
1660436
1654606
1746234
1661826
1682607
1645237
1659578
1824185
1641811
1729248
1710481
1688121
1651980
1696702
1651843
1661230
1768903
1679037
1659256
1640409
1644378
1642283
1648269
1644524
1656364
1646268
1679873
1635176
1653362
1635367
1644958
1664627
1643469
1659505
1646275
1649053
1632032
1640728
1629777
1630969
1675533
1704658
1632823
1637052
1765107
1629576
1655619
1640206
1670587
1629373
1695159
1636988
1629853
1656273
1630819
1645807
1642493
1669176
1630067
1704378
1632329
1628715
1741501
1627345
1648719
1634879
1670239
1656690
1799632
1630695
1680864
1629773
1654041
1663429
1622100
1639849
1737406
1663579
1630622
1644854
1625667
1624992
1639842
1642442
1677008
1674019
1652312
1619149
1643746
1622511
1656325
1635928
1623373
1676924
1678259
1644754
1673994
1627037
1617332
1624610
1638680
1625577
1670644
1764994
1668903
1668385
1659726
1617190
1611066
1618692
1620167
1740464
1617924
1644422
1623624
1644445
1624083
1613694
1654901
1609894
1649538
1612952
1636601
1620770
1713643
1623210
1683142
1629174
1626908
1610533
1604944
1617683
1588639
1602153
1588525
1616955
1634075
1629274
1608561
1658856
1681118
1583921
1631942
1618655
1665267
1595909
1765556
1729543
1633080
1624505
1607233
1622480
1639326
1612955
1608739
1706930
1672424
1633982
1659627
1658604
1730714
1592955
1618521
1624870
1604577
1585225
1594208
1899525
1633264
1648338
1618093
1898296
1894280
1664471
1672408
1822601
1696210
1675792
1602539
1672276
1596999
1628323
1600845
1578951
1664162
2332432
1660601
2272993
1936983
1885718
1706678
1636198
1644130
1608940
1661159
1627876
1724361
1637055
1609371
1624675
1863358
2028463
1601316
1623172
1592560
2219067
1592293
1616270
1609385
1629546
1655204
1623924
1607046
1666795
1603334
1633746
1595871
1588431
1606246
1587229
1640276
1594333
1708428
1593733
1597090
1622066
1726746
1612458
1619119
1611917
1586625
1670384
1635982
1673126
1618033
1865491
2011895
1602132
1721387
1645689
1744871
1607074
1727040
1593641
1612320
1581079
1588957
1630266
1657941
1624640
1594440
1634610
1600757
1610789
1582001
1593122
1592258
1680638
1601628
1589240
1622827
1614052
1636453
1654960
1597530
1616040
1687065
1630088
1614538
1705222
1728091
1641838
1860493
1680742
1587826
1604143
1627832
1618121
1627527
1583090
1598850
1631035
1622490
1631803
1678661
1670732
1593572
1693322
1618518
1675634
1918458
1639167
1705306
1753674
1687882
1702348
1592153
1647350
1664126
1638788
1772114
1586367
1606653
1586668
1592567
1585140
1578219
1594903
1572536
1606367
1592701
1936613
1579267
1589354
1578201
1573896
1611842
1573101
1626920
1592086
1672099
1619855
1607423
1582981
1596193
1606204
1574326
1611948
1581223
1630638
1631568
1627662
1625676
1599828
1625219
1572835
1606738
1578803
1580339
1620181
1639046
1673219
1587919
1632281
1587422
1618179
1574350
1575725
1594300
1596577
1607335
1589046
1629652
1567352
1582097
1650864
1594442
1630245
1669500
1660386
1581215
1656479
1600935
1583330
1608110
1642822
1687560
1607926
1640488
1611327
1656053
1569750
1603450
1584806
1565023
1628340
1608374
1654673
1579030
1619388
1637804
1597394
1565466
1562703
1583788
1560844
1581747
1560045
1575784
1569528
1575893
1584147
1563677
1589272
1569877
1566432
1587931
1603217
1619572
1575523
1677376
1743058
1610122
1596104
1647445
1563749
1564387
1655754
1563625
1661446
1611349
1599063
1584378
1691745
1996697
2192883
1759073
1620104
1602411
1601879
1616424
1605044
1674364
1606911
1630163
1566120
1563085
1630511
1585684
1627239
1560317
1620994
1597043
1634590
1588128
1588431
1640826
1582972
1605540
1724148
1630129
1566993
1602992
1604811
1660987
1580405
1558288
1699849
2008533
1642615
1761970
2024165
1955316
1545887
1550549
1618856
1548386
1570883
1655734
1583877
1544459
1619404
1659457
1556896
1622288
1623238
1651580
1636114
1598990
1595753
1619792
1613812
1574579
1633130
1900646
1595500
1639349
1614915
1644166
1576205
1577786
1562699
1563489
1611715
2225309
1567213
1559177
1546460
1546932
1558887
1556675
1562234
1540422
1537510
1595558
1548288
1568103
1561020
1580584
1572649
1589766
1563250
1576034
1643152
1558729
1592118
1578478
1585545
1614965
1569221
1630149
1557125
1622046
1544457
1735510
1728291
1635396
1607879
1582012
1579143
1650588
1629153
1562352
1623072
1561270
1576458
1562663
1552089
1642212
1621097
1625436
1602926
1603203
1535795
1548059
1568582
1622053
1657844
1554545
1600365
1546404
1557698
1646965
1598232
1596055
1529624
1629580
1596393
1690847
1660514
1717940
1609369
1559630
1626738
1650118
1588901
1536824
1573741
1568331
1550379
1590548
1588049
1595736
1625286
1558854
1683265
1621535
1925441
1899569
1598320
1573484
1616702
1531660
1566315
1527073
1529628
1542541
1560338
1602331
1614016
1636210
1595868
1656065
1598018
1573712
1588974
1549953
1560644
1555598
1529928
1547813
1559003
1555834
1550502
1555309
1544119
1544850
1583504
1550837
1569585
1554620
1557362
1608024
1802315
1908524
1554143
1579761
1571353
1602182
1550377
1591361
1555539
1578953
1540443
1575928
1547342
1580845
1624645
1541274
1637276
1546706
1538872
1555657
1540814
1562301
1521538
1579382
1557663
1583497
1548110
1537235
1556517
1536806
1530676
1546191
1534858
1569631
1573571
1650150
1648891
1605079
1520856
1531919
1556099
1529667
1568055
1618354
1578573
1549990
1533604
1552430
1572628
1568200
1525830
1571400
1555614
1544338
1566662
1566045
1587039
1540993
1544459
1605180
1567521
1704948
1575199
1556985
1596984
1625711
1526730
1515192
1571955
1512572
1516409
1549905
1513771
1574693
1543031
1531692
1516670
1533044
1549953
1737203
1637835
1606234
1524410
1517976
1541308
1688477
1585743
1547212
1558783
1540613
1562157
1566339
1548486
1581380
1545036
1551394
1549963
1520195
1602084
1526584
1541532
1530828
1503887
1538923
1560422
1572035
1515665
1565149
1520612
1525008
1569734
1546330
1566255
1541562
1530602
1589451
1558655
1509442
1512277
1530263
1495207
1543320
1548766
1537511
1527295
1536332
1525830
1548086
1537556
1504629
1497851
1527031
1506763
1514890
1583263
1650994
1647472
1571225
1605887
1554182
1592603
1534790
1513228
1515046
1582663
1523620
1543574
1483893
1520160
1529854
1515501
1489234
1579562
1557882
1541433
1504023
1512377
1508907
1550467
1503234
1487682
1485369
1513098
1493477
1561036
1507334
1556242
1553780
1497468
1516410
1521134
1507057
1516082
1550210
1556365
1581218
1598549
1487863
1504108
1514860
1507491
1498791
1558195
1510833
1502075
1484519
1494116
1479312
1581848
1505623
1583753
1520500
1513796
1507120
1532494
1495755
1506844
1507933
1514593
1483803
1609703
1536239
1524874
1539657
1489177
1544377
1609166
1506479
1490491
1522951
1526143
1486987
1545905
1543713
1514635
1710514
2598437
1601382
1670846
1654361
1504908
1506240
1483297
4967142
1757053
2011854
1951403
1575176
1605436
1499517
1514384
1487014
1605535
1489178
1616001
1479492
1865383
3860251
3866649
4424323
3848432
4030582
3940405
3767454
3650441
3602988
3651164
3692261
3692334
3764014
3712107
3740491
3691168
3657841
3665441
3746528
3684351
3773485
4124216
3719754
3717204
3662198
3808621
3634418
3646894
3651004
3709605
3716971
3816998
3879645
3755511
3678995
3790031
4626601
3947659
3725288
3765581
3860215
3663257
3726605
3632807
4486880
3612137
3595188
3778031
3618631
3636497
3652955
3803189
3650141
3648697
3766478
3813348
3724068
3665124
3809631
3854588
3721125
3697441
4597344
3722201
3888645
3943165
3971006
3864919
4520437
3892882
3748521
4000015
3844712
3700497
3582354
3606181
3635818
3636544
3665407
3599960
3678431
3595914
3757628
4033245
3854642
3998238
3823631
3791832
3864308
3854618
3631177
3591667
3745714
3611451
5947865
6470747
7516476
3883261
3643508
3589727
3586361
3650484
3825286
3700638
3681941
3727498
3784215
3614607
3574788
3603603
3685311
3555148
3554624
3664978
3657384
4565367
5044648
3970505
2266374
2053174
1596523
1496276
1542675
1537985
1556262
1569613
1485399
1540814
1521030
1913657
1637428
1461733
1490289
1611674
1485173
1476746
1876966
2033706
2102556
1458331
1464148
1551052
1527268
1481328
1568465
1468683
1453691
1613786
1455151
1534207
1523377
1452621
1464351
1595450
1480014
1536345
1465735
1476260
1442479
1559038
1448609
1467734
1651409
1459147
1493894
1493154
1451132
1512630
1502364
1464526
1454147
1475108
1507801
1450538
1537265
1446918
1448188
1451063
1518076
1483161
1535234
1447674
1514905
1458529
1573531
1438901
1476706
1440435
1443165
1461145
1492682
1446801
1463212
1454353
1463172
1433868
1474059
1444548
1463280
1502963
1437078
1506486
1435506
1461325
1483648
1464887
1433586
1473836
1445613
1472099
1434230
1483489
1458192
1480428
1500363
1432751
1593439
1479494
1506858
1455364
1434819
1508413
1452884
1608285
1463771
1453895
1445379
1447575
1482091
1461691
1473241
1450084
1433264
1473297
1500126
1438095
1498639
1520570
1469025
1486506
1527733
1510945
1504068
1494035
1543990
2016656
1559088
1442410
1509186
1545984
1458554
1447695
1424053
1487720
1759957
1764220
1422029
1472767
1447936
1500062
1504179
1465442
1533006
1455991
1471134
1505273
1505550
1547744
1424459
1446269
1419315
1434479
1476120
1455321
1475475
1474511
1426576
1476930
1422129
1469479
1418232
1418809
1461720
1405103
1526042
1449907
1434391
1431822
1412729
1422095
1440496
1402279
1463975
1405582
1476609
1417587
1411480
1433930
1449994
1421727
1402805
1471566
1423364
1416318
1462039
1407832
1402392
1416614
1464914
1415201
1401388
1600748
1464666
1412914
1402472
1434445
1432333
1470477
1411573
1416435
1407446
1437321
1413998
1422558
1407748
1412830
1425750
1416650
1412489
1369273
1444328
1368448
1386662
1370568
1402043
1392724
1370186
1488489
1545270
1376119
1401978
1371330
1389026
1412304
1387684
1392355
1374376
1381073
1391453
1383505
1414279
1385987
1370322
1410443
1372343
1363333
1411503
1371679
1377573
1375232
1369665
1391398
1357711
1408886
1378231
1366214
1369928
1376432
1361795
1399244
1402095
1380007
1401727
1405508
1494885
1556732
1475043
1403081
1377955
1406516
1414989
1442630
1413054
1401903
1436723
1412363
1499205
1357598
1374349
1426428
1360559
1360380
1381846
1377553
1409077
1384523
1362718
1378452
1353881
1372331
1350224
1344757
1374521
1335760
1382255
1406398
1347116
1358728
1359015
1350604
1355871
1344094
1338581
1369218
1360780
1337355
1357993
1344185
1333307
1347203
1333379
1347841
1335444
1335162
1345228
1388448
1335384
8493792
4216950
3653574
3313260
3429503
3314190
3348883
3352901
3542914
3339663
3448134
3391260
3349047
3347827
3350016
3414997
3435284
3387237
3394070
3491711
3631921
3428170
3406573
3450115
3960782
3337430
3270493
3330033
3251793
3217883
3211409
3232043
3914689
3233416
3454494
3281076
3320763
3503481
3292617
3265907
3275763
3248390
3202813
3246413
3358280
3272536
3289296
3266223
3268194
3250827
3206303
3222092
3223596
3219992
3236149
3233797
3231860
3239522
3228350
3209173
3279887
3420540
3249230
3236596
3257020
3290650
3254343
3231060
3210466
3203319
3320363
3242570
3223526
3234883
3361077
3430753
3390510
3293916
3276156
3332300
3421323
3228056
3227370
3219439
3218529
3250587
3273857
3259793
3403880
3213273
3284097
3290326
3234739
3468740
3225949
3216957
3224636
3338473
3184783
3239467
3374486
3357683
3192896
3249633
3228316
3776161
3436971
3584424
3648015
3419557
3213643
3245577
3228093
3198689
3223693
3251744
3295677
3307306
3336490
3252184
3238583
3206596
3230199
3263700
3239150
3232233
3266039
3298254
3298353
3277263
3474807
3661681
3380101
4102986
4335920
3771145
4220373
2879377
2756334
2792443
2727968
2748002
2914891
2896904
2795259
2722017
2765226
2930526
2904422
2718939
2731690
2754022
2778563
2726622
2748337
2765817
2738646
2730843
2767117
2884926
2805006
2777296
2800837
2754242
2801718
2752057
2722262
2797531
2753368
2733362
2717274
2790600
2740280
2737693
2749109
2760142
2804405
2823008
2793825
2721983
2752457
2848097
2732980
2723639
2782500
2750922
2725585
2798895
2731971
2745837
2783336
2749568
2770588
2741545
2796600
2806900
2716040
3431579
3346481
2759508
2917251
2737132
2698145
2800880
2745051
2809931
2719265
2871531
2814485
2743060
2867254
3515262
3050609
3124267
2889414
2805083
2811020
2792325
2831908
2891355
2749122
2699946
2716153
2839771
2884617
2726885
2786868
2767572
2855971
2718305
2791129
2816899
2827905
3020795
2711374
2723174
2747383
2778816
2802523
2784791
2764197
2761202
2813211
3100889
2813451
3378504
4003910
2883615
2855937
2713897
2725108
2744348
2733831
2873491
3086695
2764708
2700285
2750051
2797885
2872063
3007986
2928947
2977672
2937472
2801494
2789893
2756054
2887628
2786111
2868169
2840114
2727260
3006415
2721085
2839803
3537802
3635602
3450305
2957586
2718928
2771028
2951003
4037835
3779325
2752583
2816265
2770809
2997860
2744980
8128619
2734743
2964912
2743225
2794600
2876112
2739203
3689356
3661828
4000592
4047784
4071158
4012320
4011404
2975983
4021635
3659199
3108007
2994872
2750803
2818722
2971331
2948578
3030514
2698645
2863526
2848937
2745340
2870465
4202621
2685502
2819729
3111398
3708640
3387813
4271173
4203035
4038680
2696048
2748375
2819652
2943972
3489468
3637035
2938683
3015335
3170718
3380673
3042318
3013552
3211847
3746582
2697902
2735134
2779648
2698785
2707066
2645459
2808391
2822514
2784651
2696865
2844763
2823760
2817943
2722031
2949978
2883905
2923789
2871457
2708125
2960521
2820340
2949469
2825848
2700700
2838157
2906128
2793251
2778445
2873488
2895871
3046966
3688862
3475128
2834771
2763576
2730734
2806679
2758191
2759226
3057158
2789603
2977711
2801388
2786940
2894281
2802594
2782982
2650551
2656208
2712377
2759976
2690795
2675799
2744653
2680982
2840146
2872065
2871503
2751428
2721951
2776134
2787419
2756848
2833086
2690367
2710655
2732813
2943266
2865863
2832494
2713743
2964028
2969718
2674966
2775496
2651806
3098602
4164750
3149258
3319847
2866008
2633716
2663416
2686917
2722525
2738308
2887589
2810575
2838480
2766851
2820985
2752048
2755531
2708504
2651757
2760105
2769168
2690231
2668191
2658536
2663254
2649518
2160999
2164533
2217106
2195090
2205457
2359171
2348819
2235911
2364165
2185803
3906901
2225171
2225469
2188689
2148437
2146680
2195074
2225390
2212229
2177898
2155980
2279207
2171649
2311363
2159293
2221575
2172442
2168593
2152914
2178996
2272081
2287377
2265029
2224496
2203947
2209678
2276036
2192493
2350551
2203917
2968607
2251247
2247015
2169632
2173338
2192805
2110005
2154111
2196091
2231938
2201329
2176307
2270916
2212429
2285561
2274133
2240670
2380245
2278039
2155448
2264885
2140153
2180153
2201907
2178752
2206305
2252921
2980683
3078917
3468208
2982430
2852017
2964543
2866076
2101432
2150204
2293139
2142110
2175576
2122446
2127452
2114452
2312127
2262922
2155798
2205857
2183302
2187872
2183700
2166753
2253259
3125439
3161644
2599061
2137001
2122063
2111167
2120363
2143211
2107699
2116049
2143847
2239182
2230910
2176929
2149188
2115774
2197772
2112036
2129212
2161770
2173798
2232953
2154021
2131026
2272139
2399459
2211402
2178283
2127697
2241860
2195832
2205905
2144933
2097357
2119529
2213797
2206496
2555472
2508955
2670190
2294915
2184805
2166016
2231186
2086408
2133076
2117128
2319657
2123622
2132338
2125056
2116128
2111786
2133710
2098264
2120771
2140010
2110464
2100988
2100057
2131678
2102336
2143977
2131846
2104954
2132367
2117326
2139496
2138406
2087166
2165370
2160250
2143994
3007235
2111516
2155342
2105010
2126556
2113162
2214177
2563374
2287147
2089152
2107346
2092406
2261448
2200418
2247127
2247522
2107642
2141937
2155775
2101091
2130919
2130521
2122296
2110881
2105445
2119487
2109783
2210705
2200104
2128669
2124077
2094963
2262371
2121444
2514030
1789715
1758519
1864475
2476246
1972826
2708668
1851119
1807745
2047634
1930642
1918828
1946292
1846998
1810470
1988072
2053526
1891088
1802483
1854099
1802520
2493544
2925316
1837562
1834334
1876580
1838110
1807222
1827863
1782337
1880800
1759509
1831799
1795949
1869732
1837461
1805315
1818687
1838251
1847381
1796149
1776403
1875759
1774411
1792822
1783492
1779325
1824910
1769960
1747067
1773545
1747611
1749072
1787648
1762322
1768473
1785553
1741353
1791065
1735947
1773292
1734415
1791147
1865957
1824289
1829230
1754016
1811297
1847957
1789770
1813092
1768801
1797373
1758307
1758831
1861237
1797321
1880022
1835840
1719599
1738179
1726375
1773442
1733509
1745527
1792419
1761544
1853066
1747229
1743351
1903372
1764406
1886678
1745039
1825204
1853816
1797133
1791060
1797676
1720732
1892332
1923785
1824035
1760667
1784907
1781273
1749134
1762126
1816912
1747395
1770181
2354007
1795896
1858294
1778292
1766604
1745281
1775615
1782711
1792703
1990756
2135744
1979380
2112783
1904823
1723151
1878785
1705223
1681272
1797057
1678665
1749124
1674268
1698071
1687975
1696215
1693751
1831493
1730615
1746278
1704877
1699883
1692035
1688843
1675743
1699872
1722781
1688731
1726427
1718355
1744813
1705209
1700555
1755795
1745989
1781550
1775331
1755963
1771251
1678289
1813776
2108066
1871036
1693079
1740795
1700103
1695323
1709919
1729675
1847462
2198682
2270123
2388353
2482397
1902600
2253081
1936216
1745376
1726075
1717427
1719237
1713953
1696575
1691775
1713267
1685247
1728385
1722483
1693663
1730681
1697767
1718030
1917478
1739738
1696783
1725191
1728409
1786039
1753849
1718089
2274582
1844179
1690485
1776891
1686689
1774596
1675721
1702031
1700270
1726741
1709031
1711030
1806416
1912916
1878755
1747959
1764494
1737602
1683545
1686519
1679647
1861042
1713611
1719905
1767429
1717553
1676063
1700237
1676233
1694710
1683435
1719547
1694442
1732951
1730119
1712187
1691799
1720509
1767543
1763205
1742200
1695980
1716745
1697315
1711811
1679825
1713343
1711357
1748497
1968561
2028785
2026704
2065331
1627539
1359842
1347513
1348969
1316600
1326172
1332949
1326960
1316966
1326873
1438758
1315280
1320444
1356377
1351177
1304005
1329810
1325959
1325654
1301841
1357121
1299055
1322076
1302001
1306638
1327479
1300488
1339312
1320273
1325070
1338947
1318084
1303707
1321967
1303375
1294629
1311834
1313793
1296860
1312562
1296273
1329252
1365413
1308375
1322957
1302214
1300887
1308799
1295923
1311455
1298712
1299367
1360139
1298244
1300464
1301754
1301146
1314991
1294040
1301188
1307817
1311778
1308698
1330403
1303327
1293887
1298964
1294460
1322677
1290729
1292513
1306760
1299655
1323378
1315821
1294867
1311941
1303579
1289773
1337055
1283464
1283162
1297393
1291340
1378795
1310901
1289300
1305854
1292980
1299040
1330348
1292042
1286333
1304316
1287730
1300879
1301367
1290287
1306957
1286205
1296905
1308544
1288755
1284194
1311397
1337009
1295956
1309556
1280319
1296241
1280759
1287491
1306959
1304407
1292609
1297935
1286662
1277874
1297111
1287637
1286810
1296974
1274394
1303192
1285450
1315839
1279666
1278077
1288009
1308321
1279090
1300513
1272291
1292276
1281169
1274599
1303032
1298931
1300507
1306674
1292057
1291986
1335628
1300306
1306583
1324401
1295946
1320980
1295725
1290470
1301251
1311834
1304461
1320097
1301052
1301199
1299446
1295189
1311337
1338762
1287707
1321060
1295290
1305467
1322161
1298090
1309903
1298468
1296793
1302481
1292029
1326382
1370671
1378727
1356307
1325725
1389650
1360059
1317559
1348784
1314487
1373641
1453982
1379251
1338820
1374319
1312766
1302501
1332964
1303055
1345184
1216640
1219285
1244413
1201284
1207068
1219885
1209486
1205942
1242908
1207463
1232384
1208831
1202374
1224303
1206383
1207412
1223124
1206724
1232042
1215583
1304228
1249546
1274755
1234607
1232335
1233472
1264856
1253296
1263580
1244514
1220180
1210402
1317919
1227713
1205365
1304633
1235055
1323234
1259256
1258927
1208968
1273381
1226159
1394350
1423864
1191599
1355010
1220973
1191552
1190105
1238951
1196957
1199103
1238578
1187055
1199688
1229690
1197260
1343431
1260274
1209492
1239677
1231433
1243199
1188076
1289461
1231573
1264741
1267881
1297387
1284519
1339849
1237117
1216379
1188165
1198580
1231985
1199064
1243882
2182000
1209810
1235011
1320491
1180132
1199290
1167910
1175327
1332736
1415070
1348409
1233328
1261229
1173215
1245751
1192143
1191797
1224760
1278064
1155013
1246023
1191179
1277898
1157068
1253650
1151290
1222105
1216730
1248490
1151965
1466142
1150120
1171528
1184378
1173528
1198046
1165746
1149358
1393287
1678349
1489901
1254997
1195122
1156250
1278203
1149926
1204227
1220330
1257564
1295116
1192577
1182559
1160397
1174009
1252892
1181826
1199828
1211570
1152186
1249365
1179510
1155571
1200378
1237605
1169449
1189821
1245916
1251130
1063599
1141886
1075509
1058045
1158273
1060538
1146922
1059051
1053157
1067182
1067071
1154230
1113342
1054230
1187548
1068321
1105806
5156876
1072761
1089508
1071671
1068295
1224898
1149678
1105927
1132494
1249201
1191438
1105101
1135875
1186326
1138164
1062791
1103031
1107457
1080297
1105405
1094570
1136287
1102107
1074169
1079371
1112609
1102197
1150458
1062442
1104435
1091833
1068386
1082120
1065536
1105990
1152254
1083709
1144028
1105426
1092394
1062527
1054628
1115936
1066804
1051800
1140491
1100286
1060707
1133766
1045843
1072268
1064544
1061874
1060534
1105630
1061753
1060672
1061256
1073892
1062800
1046804
1141223
1056505
1047802
1084068
1074103
1084602
1068220
1074989
1087156
1073064
1069060
1086694
1057043
1081135
1055014
1073642
1105090
1125196
1083130
1116267
1086941
1080276
1104400
1126375
1082815
1075648
1073835
1102105
1072385
1098703
1109529
1074941
1090615
1129994
1080602
1099193
1123509
1167304
1167210
1100377
1080190
1078326
1112382
1081374
1082303
1098121
1084668
1063677
1110704
1077580
1042402
1070296
1078175
1046957
1080099
1050732
1039454
1066232
1068987
1035245
1045374
1084349
1056875
1089305
1044654
1052728
1045630
1042293
1069107
1045513
1048175
1150081
1054002
1049173
1056154
1070869
1060908
1112530
1043542
1043753
1061087
1086329
1065692
1065818
1081807
1049482
1040593
1053127
1037426
1069073
1125184
1223966
1089044
1075466
1097728
1054122
1089962
1048549
1056099
1046963
1191869
1042594
1050300
1052103
1175766
1049839
1088562
1056654
1064586
1049383
1048754
1049437
1079990
1094326
1045721
1030501
1065413
1080042
1036411
1039691
1093589
1032552
1039811
1054001
1030624
1036999
1116878
1031357
1030706
1040999
1047845
1073258
1063642
940464
888984
891243
905889
912773
896499
875683
913429
876026
870127
880747
892936
880731
895860
888575
896822
899521
874860
889548
899099
867937
877188
926250
899715
891198
877984
875586
884140
1104716
915394
885627
870389
873185
888394
886784
893385
904217
867666
888608
864970
869500
873097
880900
865183
872560
875023
867491
886493
920079
927580
898736
905180
923987
905752
869948
866381
896887
923498
908764
908499
881399
895238
898029
919187
929934
922674
893808
927460
892158
951461
928475
893667
935778
890059
880515
899450
924219
879450
891878
889922
892803
928453
890581
899200
908369
878349
921099
942975
892484
888362
877486
887257
892171
882855
883955
915207
920347
900361
1021710
944926
877182
891986
895498
966372
929620
891791
890004
886272
888086
885127
901215
944291
878799
901127
888067
929681
942509
920489
912196
928350
893593
895842
912591
914440
903629
961462
904224
877945
916165
899446
903251
893367
915585
886190
898933
891533
893036
869284
874264
872620
900087
864479
870979
863056
906631
877321
862919
865281
879684
881167
870052
869023
886580
872045
869766
927310
1129067
878810
869417
959027
895545
839182
833293
846854
828403
829811
827785
858060
828535
826825
828342
858335
884086
847690
838122
913228
829735
830076
827998
850222
823859
827165
875064
840920
826714
834789
868542
842891
845525
826220
859452
842762
862395
885533
849314
845842
858516
869474
865843
861563
864864
897693
849579
949414
868988
846066
835977
835338
836730
826215
830332
825375
838357
834225
825066
816695
842086
874881
829043
815616
817702
825292
1817764
1859768
1890463
1842796
1885519
1995296
1879946
1914303
1841075
1903036
1862629
2069256
1912229
1840872
1928325
1842545
1893279
2181947
2279413
1917996
1863193
1910272
1873196
1882802
1887626
1956916
1870733
1859136
1835958
1965086
1850085
1867769
1965289
1837939
1906196
1835288
1881563
1818382
1836556
1875776
1799033
1845682
1825282
1816189
1880716
1888075
1907539
1885053
1915783
1877432
2191443
2007903
1885399
2018813
2313337
2136437
1914493
1860999
1882073
1841446
1838859
1812168
1934186
1882986
1890493
1886285
1811846
1918753
1855702
1931156
1848709
1840519
1824772
1854333
1819385
1857699
1966572
1887799
1897452
1840902
1824672
1844625
1878019
1860795
2196096
1934202
1978135
2600634
1960750
1938012
1990992
1907942
2053193
1912293
1949830
1985979
2194447
1891202
1899236
1872246
2042152
2586994
2356934
2377044
1915506
1948983
1865845
2494584
1872082
1837263
1891625
1917449
1876492
1997699
1899713
1859482
1925056
1867316
1951896
1963963
1966403
1880889
1954750
1830142
1922346
1849982
1894029
2317793
1881429
1984509
1887569
1941759
2026182
1887925
1940845
1884549
2109370
1853709
1832983
1858006
1842242
1904033
1931916
2144596
2217510
2147031
2037756
1922475
2006096
1868672
2015679
1914599
1887775
1917809
2012566
1981829
1892075
1907556
1817952
1878066
1816045
2027152
1912616
1888542
1903876
1971166
1928773
1914442
1924583
1923913
1862906
1874389
1861860
1884316
1902379
2156090
1955826
1880516
2060626
1954122
1915905
1890956
1962456
1944466
1904859
2031883
1927016
1931342
1977659
1967319
1851445
1875302
1953692
1828382
1865258
1829568
2449887
2395871
2522943
1964443
1912782
1950816
1926592
2030942
1929523
1956192
2049592
1972059
2055713
2039150
1971062
1878739
2146867
1858969
1815442
6019774
1610787
1737297
1761979
1637502
1787311
1724382
2114711
1920006
1792536
1686616
1590045
2420016
1639053
1959574
1701363
1667045
1597511
1587942
1576722
1591874
1565930
1796357
1624696
1721270
1607494
1741500
1671708
1695042
1568325
1590767
1777734
1644845
1583190
1614808
1850646
1621602
1594756
1622054
1598034
1598331
1684608
1677780
1593274
1820163
1580162
1705368
1706634
1879125
1712871
1932492
1635154
1748414
1675568
2987337
1850843
1559931
1741682
1740554
1597091
1621162
1625625
1601041
1620231
1575459
1707923
1577162
1599650
1599704
1617330
1584976
1595902
1576496
1581413
1536613
1622434
1563848
1745151
1665184
1844840
1689525
1610947
1620285
1701930
1678714
1622393
1687539
1653202
1721551
1596822
1646511
1625476
1609336
1604605
1645753
1609999
1584179
1567916
1680234
1585793
1653080
1583453
1671858
1745426
1619779
1604459
1640297
1551896
1622231
1602799
1604782
2106063
1622930
1577613
1560427
1637905
1567011
1620633
1562253
1568836
1536871
1582896
1594490
1545970
1596005
1546871
1665822
1665996
1642277
1564899
1752134
1649542
1888051
1677087
1621414
1624085
1550782
164886
376349
373890
307241
282386
261863
261504
268512
240816
357386
268829
262643
266038
265703
122660
58206
46446
42463
39197
38894
58829
37555
37843
55183
35511
35131
34980
34948
34449
34189
37543
34420
34588
35292
35046
34731
34432
34983
43843
41460
34569
33957
34316
58257
34960
104694
40566
38006
36694
37235
35757
34832
40123
34520
34564
34315
58569
35840
34231
34140
39623
34277
33700
34116
34860
34197
34054
36120
43732
34012
34049
34437
33923
59928
39261
41683
34880
33826
34283
34192
33589
34298
36317
35752
34177
33680
33503
33672
33791
33923
39072
34404
34094
33737
33977
33523
33894
37966
33943
33766
33723
33452
34146
33400
35546
141437
45931
39205
35660
34057
34314
32272
30992
30762
30723
30434
30288
30000
29749
30242
30000
29629
30069
29966
30446
29591
29797
29740
29809
38649
29597
29451
30274
29634
30146
30011
29869
29336
29983
30481
29723
29691
36801
30191
29943
29689
30375
29497
29715
30824
48142
30069
30406
29803
30940
29612
30003
30286
30166
30086
38855
30085
30394
29652
29803
58063
29572
65349
89128
64717
53337
50895
43203
38854
36429
35517
34306
32352
31069
42523
31329
30517
30329
30298
29957
51511
30345
29777
29723
49041
30254
29686
52386
30263
29608
29223
29323
30926
29683
30403
29366
29306
29580
29623
29380
37283
30094
29831
29389
29766
29172
29206
29478
29162
29903
29655
29444
29675
29363
29212
29843
29268
29574
56900
54454
31640
30537
30503
51123
41494
37317
55245
33303
31135
54188
30455
35361
33686
32238
32140
30757
30620
29757
30048
54897
30132
29269
29386
29463
49054
58774
29874
30894
29129
29100
28732
28720
28666
28989
29008
28769
29254
28815
28915
29994
28906
52928
29177
28731
28440
28763
29063
28909
29220
28957
29657
28886
29100
29474
32412
29649
29585
28763
28963
49226
29475
28863
46569
29517
29063
29186
28660
28817
28492
49746
48072
29463
29983
29752
28726
28997
29020
28528
29065
29083
28411
28880
49540
29138
28869
29594
112461
28920
29360
29128
28837
29312
28909
28617
40152
29186
29140
28675
55832
29671
28869
29320
45926
28815
28606
29303
28797
28574
28834
28860
28703
57041
30100
28838
29183
28960
29049
46949
29517
28560
50711
29915
48348
48052
29715
28806
28572
29208
28763
28949
28732
28826
28626
47771
29152
29097
28512
28626
28743
28845
28249
28672
28434
28537
33341
33577
29000
46295
29042
28955
40463
52237
29122
28951
28840
29586
29312
28763
28315
28880
28640
29003
28585
34117
32523
35868
32611
31117
30400
35232
29249
28589
28346
28302
28049
28566
28183
29468
28494
28660
29065
28485
28428
28840
50000
28763
28331
28803
48163
37357
33143
31648
30051
29623
29109
28797
29085
28514
28445
28606
28542
28614
28897
28172
28480
28523
28211
39151
28426
43972
52955
28603
36569
28866
28449
27991
28797
28598
27886
28225
28469
28180
28235
42558
28378
28069
28529
28466
27995
27994
34432
28720
28195
39640
28998
28177
28348
28891
27911
28503
30432
28537
28006
28378
28688
27766
28486
28372
28114
28406
28220
27998
28446
27806
28023
28420
28229
28163
28494
28420
39337
52089
28432
28092
28263
28397
32675
31126
28811
27925
28326
28374
55252
28515
27728
28166
28312
33860
28306
28277
36338
28392
43352
28948
38935
47883
28243
27789
29377
29425
28814
29320
28409
28020
27706
28528
27772
28343
44180
51414
52357
33363
52366
42283
30377
28860
46354
28394
49492
28289
42972
27606
45563
29346
27658
27677
34360
27629
28055
27483
27940
27403
28103
27917
27257
27269
27752
27555
27286
27166
27215
27709
31074
28323
27597
42312
27411
27549
27692
26983
27474
27634
27537
27394
27946
27515
43783
28135
27429
27132
27137
27128
27043
27706
27580
27111
27011
27843
27600
27123
27632
27283
27234
27017
27306
26978
28292
27374
27360
27691
27463
27320
27343
27069
27626
27198
48417
27446
27795
27023
27834
27969
38818
27651
43415
27868
27180
27803
27740
27175
27472
27071
27520
27034
27394
27165
27077
27243
44897
27343
38126
28837
28160
27540
27426
27586
27032
27234
38343
27734
27586
27266
27049
27506
27240
27868
27455
26980
45591
27546
32700
30023
32589
28057
27529
28743
28000
46381
35618
27963
27611
27238
28074
27132
27555
27580
43614
45340
50046
29246
27509
27575
28143
27134
27175
28000
27806
27563
28586
27571
27237
27006
27041
27663
27071
27600
27277
27269
27154
27586
27546
26958
45483
27840
27612
27114
26971
27400
27497
27575
27125
27148
26871
27120
26889
34951
27817
27423
28606
27629
27474
34989
27635
27666
27306
27165
26878
35889
28780
27212
27425
47791
27846
28223
57917
63555
136524
45154
39743
37077
34853
34757
34023
34247
34274
33320
33153
33014
32447
32511
32797
33093
33063
32797
32664
55457
33023
32547
33217
33100
33094
32420
33153
33257
32617
51123
32223
32500
32727
32993
32681
32910
35411
33297
45937
33047
32633
41800
32783
32510
32577
32814
46813
44277
32504
45343
38467
32957
45361
32553
32396
32350
32667
32747
31667
32047
31917
32300
31853
32527
32156
33127
32347
32110
32127
31630
43160
32043
31740
32677
32204
31933
32417
58940
77443
65700
66290
63121
47710
35450
33297
32990
33137
32021
52590
34090
32917
70660
41167
52923
32440
37174
51940
33117
32117
32920
32093
31857
32240
32577
31953
32773
32014
31903
32606
31910
31594
34787
33793
46770
33597
31980
32890
31820
31524
54480
32350
31360
41644
31490
31440
31947
31713
31316
32367
31804
36513
31550
31680
59490
32334
31534
32343
31524
51217
32853
32294
55880
51543
33031
32403
32667
58370
42894
32183
32906
31363
55424
32214
31720
32207
31247
31900
53644
31620
31907
36337
32573
53227
31577
31570
31930
32203
31276
41337
31537
51817
56190
31797
55461
32417
39440
32074
31456
32253
31254
30980
32230
31373
31200
31940
31010
31037
31947
31200
31527
31720
30946
31270
31767
30884
31433
31623
31133
30966
32070
31333
57813
53117
32623
32400
31274
45764
31373
31190
32073
31274
32643
35770
32913
60517
32407
31060
48403
31510
30824
43146
51143
30897
31643
30670
30560
30890
36050
30560
46690
32013
31110
30824
31367
30557
31633
31526
30840
31100
31327
30797
30707
30944
30657
30646
31110
31570
31767
32457
31223
30887
30660
30563
31096
30836
30636
30737
31494
31257
31390
31760
30920
31230
31737
30874
54693
31730
31514
31357
30737
31273
30824
31500
32190
30890
31064
30760
31043
30870
31477
31213
31256
31510
30837
31470
49044
31827
30837
31654
30840
30580
30694
30570
30743
30534
53987
31833
31103
30777
30563
31634
30944
30790
31093
31827
31963
31407
31117
31550
31480
30960
30877
31326
31057
31067
30781
30804
30637
30690
30916
30770
31126
30933
31230
32993
32460
32160
51317
31797
31264
30726
31283
32680
32920
51066
35086
35720
34667
56301
34480
34043
32244
32387
31073
31353
31704
30763
31233
31073
30697
52767
60760
32097
31087
30780
50766
40304
36263
33633
32480
31530
31943
31596
31733
31090
31446
83470
31733
30830
30787
30810
31054
30480
30484
31247
31010
30600
30617
30583
31494
30917
30757
30661
31467
30961
30647
30657
31330
31434
30884
30637
49383
39953
30610
30973
30767
31870
30853
124656
30973
30630
30826
31010
31253
31057
30850
30880
30460
30330
30507
30657
32193
30987
54260
52300
31320
31070
43650
31143
47090
31516
30640
59341
31754
31003
42494
31281
31380
31537
31333
32180
31453
31323
34260
31307
30730
31823
43966
31437
30857
31400
31086
31240
31276
30674
31513
31250
31480
31020
30873
31717
31797
31477
30870
31993
31150
31253
31474
31207
30817
30577
30923
31457
31703
30907
30973
31154
30834
31287
31473
30970
31246
31070
31293
56750
31481
30907
31407
31374
51460
31100
31220
30597
30737
31074
30697
31577
30984
31354
30670
30863
30853
30797
31410
30830
31140
30847
30604
55337
31373
30857
31677
31130
31157
31403
30617
58497
84831
53810
61740
56930
63624
33580
32077
55150
31177
31000
49340
31217
31617
32050
30980
30620
31500
30973
31280
31440
31083
31130
32160
31103
31297
31781
30800
54847
31566
30587
65820
30957
30920
64567
30971
31833
81420
31916
41010
56447
31760
32327
31477
51043
39771
35014
32757
31767
32017
55911
32274
31000
31750
31520
30670
31350
31190
147941
58147
76474
56143
58004
31820
30880
30537
30440
30714
30770
30953
30393
33364
31797
30854
30767
30350
31087
30587
30440
30726
30380
31090
30530
55680
32250
31103
30717
31677
30954
30227
30423
32074
31640
30720
59264
31950
31040
30520
61377
31233
31077
38127
79280
31797
31001
31174
31513
56437
31100
30310
30931
30653
30514
30697
55080
31340
53614
32140
30380
31480
30757
30413
31297
31610
30644
30394
30586
31897
30734
30477
30640
33210
31057
50000
31197
30527
31574
30900
31377
30333
31247
30450
30620
30500
30510
40920
30523
30644
30517
30380
32210
30816
30633
30546
61343
30900
30614
30603
34513
31207
30566
30456
30320
31467
30973
30753
30764
321557
32710
32127
30926
32073
30640
30380
43206
30677
31780
30667
30437
54897
31847
30516
31027
31124
30780
52590
56960
32770
31197
60800
34280
35373
33553
31713
30950
32320
30684
44944
26007
24320
24877
24164
24481
25220
23963
23774
41554
25060
45010
24773
24737
43806
24950
30416
28230
25797
29930
25967
25120
25390
