19048121
10654613
9044855
8941351
8860403
8826364
8886518
8898642
8869305
8839143
8745692
8761711
8760460
8749554
9434386
8820192
8844821
8842340
8863771
8859162
8797724
8796942
8750732
8815644
8781078
8759508
4061366
3629448
3537635
6016451
8690598
8731215
9182894
9510956
9443712
9831438
9913436
8871512
8844378
8691415
8867715
9010997
8776993
8825171
8693238
8683371
8984470
8897789
9104542
8883706
8798100
8756529
8714762
8843881
9040491
9082619
8672888
9347987
10869214
10397125
10971288
8877795
24630869
26664772
8921339
9058535
8838837
8824354
8820487
8718616
8690948
8695325
8788744
6702793
6555990
6551414
6597531
6562914
15095247
6021765
6945395
10052056
9740639
9439896
8258470
6124318
5951080
6202439
6277406
5961829
5996619
5991589
5995069
5971269
5944426
6105620
6088940
6093632
6071410
6072971
6278088
6226991
6304627
6213966
6488901
6095263
6143195
6223893
6254751
6287536
6155093
6206505
6199034
6218631
6226703
6218955
6282407
6190087
6137758
6048693
6084552
6189533
6242951
6169210
6122749
6354576
6285101
6225577
6229025
6436790
7538331
6163944
6007238
7469556
6032953
6164339
6005665
6017644
6063657
6060382
6053145
6023476
6218793
6235305
6055322
6011307
6168574
6030830
6000004
6037587
6074108
5870259
4886109
4939863
5034312
4877845
4927736
4976831
4989771
5008585
4985607
5020292
5030377
4981319
4952083
4877912
4899745
4893213
4920686
4842989
4842484
4876334
4841176
4856636
4830751
4992494
4858145
5096081
5503433
4956081
5060442
5023219
4981094
5204358
5328800
5011459
5120698
5080543
4854475
4874394
4918758
4915983
4941276
4976704
4913910
4962944
4894608
4977554
4967561
4955936
4922980
4983669
4943951
4975597
4903822
4968726
4990879
4943511
4941078
4996939
5138438
4880429
4948191
4886485
4957776
4802563
4828088
4841406
4789498
4789928
4800415
4819359
4943235
4837891
4854762
4824291
6260319
5635710
4845004
4866104
4856204
4895210
4829579
4801798
4909007
4776390
4807526
4779790
4792127
4848906
4852661
4889822
4846162
4799726
4946918
4975289
4955006
4939593
2694317
2648823
2674954
2674366
2670108
2670882
2699722
2696840
2692858
2635254
2771812
2706110
2705352
2683973
2649723
2671641
2657460
2715776
2822104
2900447
3134100
3017952
3065513
2765150
2694074
2629550
4933263
2677084
4199308
2926762
2847625
2637967
2685838
2692205
2699769
2597915
2623620
2630374
2667131
2640723
2666097
2677442
2689002
2643884
2680599
2619200
2697945
2640673
2648960
2611427
2625096
2611428
2696181
2602832
2590406
2601614
2749068
2764667
2770696
2791287
2844847
2844683
2943027
2883511
2881517
2742921
2616690
2604540
2687575
2966892
2827215
2645767
2942195
2660341
2668079
2699923
2659313
3197435
2940204
2599994
2600611
2973534
2866849
2871009
2866938
2817012
2892247
2628297
2575977
2584647
2585987
2641721
2597624
2619301
2592822
2602492
2582731
2583062
2636687
2657418
2730355
2683017
2769343
2765321
2811941
2800237
2757878
2663764
2589780
2579053
2687954
2560835
3022377
2731476
2697706
2560572
2583904
2588582
2576646
2588608
2615605
2566774
2614143
2615872
2642404
2609334
2636930
2683314
2621547
2671228
2612045
2588932
2602871
2609426
2591312
2605512
2848132
2605231
2594598
2588098
2606420
2586020
2598201
2593153
2581943
2615063
2587944
2587212
2629024
2585242
2578482
2664980
2609460
2584181
2638926
2586238
2589893
2613542
2580373
2581198
2622733
2577690
2592259
2579288
2574028
2578429
2623698
2599114
2583884
2599190
2593745
2569007
2571591
2587905
2705082
2568079
2580965
2575651
2566889
2609723
2574832
2566927
2572654
2588938
2569635
2589259
2578630
2592148
2583984
2566409
2586370
2549794
2575953
2565843
2559886
2566660
2579479
2562155
2564287
2551206
2561104
2571160
2565572
2555048
2568647
2554361
2573526
2602578
2603973
2546906
2601368
2587445
2549784
2579889
2576366
2578539
2517498
2644335
2578882
2583788
2558043
2564727
2516793
2517201
2547777
2553934
2537495
2580718
2570925
2559548
2551520
2568161
2556681
2546514
2571591
2530902
2549808
2613005
3028210
2545475
2613715
2526503
2546790
2540995
2514230
2552951
2603012
2530845
2548848
2547494
2519554
2544995
2539440
2555699
2530275
2529785
2526267
2541902
2564145
2552899
2537962
2531247
2553911
2558373
2555586
2546135
2546499
2531782
2602046
2527974
2587372
2546320
2509347
2568864
2672533
2515430
2569069
2566868
2543471
2659056
2544004
2522177
2566103
2544048
2539747
2536136
2565345
2509572
2686018
3414395
2585982
2592877
2580787
2530821
2571776
2550605
2561139
2518217
2559590
2524185
2548601
2641184
2567289
2578318
2602776
2542610
2604724
2517067
2544095
2516948
2725364
2628548
2614614
2544929
2596221
2532204
2559248
2542370
2582183
2606374
2545704
2512079
2562265
2510041
3593576
2587232
2516337
2610656
2554086
2490557
2566438
2554948
2533519
2603604
2532690
2554306
2581153
2517116
2630882
2577394
2559154
2484181
2502539
2548852
2516111
2506961
2556864
2483838
2620068
2582399
2484282
2533245
2514133
2516878
2593176
2508450
2603091
2532207
2504910
2476010
2603690
2532482
2556378
2598800
2533001
2561545
2546710
2552943
2536929
2540378
2482046
2531498
2546929
2530511
2591237
2484670
2496246
2483740
2517877
2552769
2603305
2593634
2470582
2504830
2516846
2463886
2470188
2505411
2480146
2475942
2460434
2481830
2496787
2469477
2469105
2487199
2497984
2484447
2470416
2456700
2503178
2489358
2476158
2493263
2466240
2493787
2519542
2468821
2469260
2501322
2461723
2457710
2506264
2455100
2458641
2456423
2454779
2463715
2512938
2452920
2477081
2477167
2444932
2492647
2594525
2521761
2486217
2489067
2455746
2468443
2475227
2484472
2601783
2599206
2565711
2608983
2581696
2547834
2607976
2583113
2533962
2544797
2555649
2565762
2567744
2553110
2542813
2556592
2544147
2544037
2537391
2619596
2535349
2559305
2574285
2545101
2534275
2551659
2562460
2539339
2550103
2587964
2537100
2562356
2557904
2539339
2549078
2536985
2536857
2538182
2589785
2533244
2548740
2553086
2536086
2560318
2554069
2539604
2555448
2551736
2569687
2545989
2551859
2577846
2574696
2636206
2538506
2582539
2575331
2533096
2599761
2582980
2592905
2569096
2568995
2591657
2549036
2538663
2615192
2573692
2548959
2529406
2582031
2570740
2549728
2564852
2547235
2590319
2534785
2567104
2574957
2530841
2591369
2896348
2524542
2559942
2568640
2599580
2574841
2607503
2551243
2594575
2556525
2566108
2553961
2596242
2645146
2519240
2621276
2583773
2518462
2587758
2577860
2578317
2558401
2542328
2585004
2513633
2560033
2565979
2554682
2518925
2714516
2518941
2578930
2560599
2582493
2546104
2813780
2541234
2524745
2571523
2526547
2673929
2538086
2630554
2553102
2526340
2532731
2538439
2525296
2570943
2615631
2541636
2602157
2510252
2585374
2543986
2556365
2588341
2547901
2503994
2557469
2535503
2570626
2533633
2532757
2515429
2548806
2530053
2598212
2552661
2549542
2523763
2557380
2542455
2500839
2532464
2652924
2521807
2552689
2555892
2516366
2504849
2590863
2999761
3000647
2595660
2524248
2534402
2514282
2650317
2559372
2581802
2514434
2587356
2571855
2560743
2596864
2578058
2568845
2578295
2493570
2536228
2551587
2487566
2535224
2503141
2524933
2516991
2537390
2488310
2591791
2646038
2586372
2551096
2585703
2553241
2560156
2565871
2495444
2555247
2564642
2486489
2521447
2603318
2575777
2576061
2550034
2537584
2541503
2542249
2550770
2602161
2573281
2559547
2517071
2538913
2470873
2505055
2501601
2482742
2486411
2526377
2481604
2535246
2485660
2501604
2482619
2519851
2493756
2491194
2556468
2480150
2547662
2535010
2543034
2537892
2576392
2549090
2514051
2532879
2468328
2515300
2509106
2476292
2542357
2620346
2468923
2557399
2572440
2552943
2486921
2553145
2541669
2531451
2555468
2531539
2517048
2526659
2497617
2457886
2542649
2493609
2507957
2583373
2473075
2487181
2498675
2470782
3660647
2510368
2529497
2506798
2507894
2501535
2485190
2511125
2549347
2500315
2559726
2513565
2530303
2486705
2506470
2494094
2516769
2527440
2483588
2460162
2490068
2450899
2436449
2441454
2375485
2470758
2497285
2509285
2647718
2456611
2471541
2550084
2443354
2503355
2471794
2445112
2479908
2468274
2498540
2492288
2492199
2415448
2548252
2460421
2475818
2459611
2482931
2449268
2445438
2444064
2439520
2472526
2438368
2496785
2537844
2487902
2464053
2472717
2484202
2447142
2468075
2472452
2542537
2462610
2433868
2513581
2528692
2445300
2442029
2508732
2460383
2442482
2436311
2369130
2339702
2430985
2473765
2420616
2406300
4775194
2524310
2464561
2445485
2431782
2473019
2428248
2476708
2503784
2418741
2429339
2498065
2429890
2447394
2453268
2439785
2443522
2576344
2590331
2427557
2455859
2440530
2436699
2436793
2419121
2438205
2431678
2437152
2426025
2455308
2430661
2433083
2418566
2967976
2491313
2530647
2458842
2443394
2412866
2560261
2516574
2457850
2428548
2423454
2418546
2420246
2417636
2466439
2434628
2412944
2420087
2477931
2481463
2497950
2463882
2453264
2441581
2448590
2428863
2454821
2431630
2412644
2393408
2417247
2444757
2476885
2433360
2438211
2416309
2431299
2409411
2454094
2413105
2427466
2442206
2433937
2420543
2443160
2414409
2460948
2397572
2396434
2430903
2452765
2391185
2499285
2416288
2415213
2401300
2454552
2402821
2394742
2389522
2400587
2438929
2476476
2454871
2395775
2430327
2403113
2399339
2414614
2401957
2384441
2435118
2417278
2387339
2400714
2392580
2392283
2430281
2395818
2380610
2389758
2398687
2396959
2422150
2377784
2390253
2413559
2379714
2388001
2379480
2376686
2367320
2358733
2370246
2372983
2355250
2382397
2361977
2356224
2359705
2352995
2388230
2385793
2349033
2371766
2374360
2386912
2534991
2492703
2448892
2452070
2426439
2445896
2442576
2536461
2454429
2442802
2429302
2443076
2439813
2537787
2459120
2442498
2425771
2438376
2425755
2455334
2439626
2426523
2440822
2439682
2423062
2445611
2433269
2426678
2431428
2432120
2443457
2441575
2464174
2430394
2452727
2423375
2465958
2443011
2427439
2459241
2458750
2437867
2465986
2428943
2424131
2428689
2444230
2411952
2430932
2454217
2428444
2438412
2445355
2440658
2427039
2419159
2418973
2433057
2429984
2418806
2404991
2421353
2575503
2443930
2458322
2506517
2455662
2517431
2493864
2499918
3114001
3441404
3386467
2514384
2419900
2408102
2529666
2500950
2416922
2421218
2391749
2431683
2844814
3090547
2405688
2415947
2405231
2407250
2403215
2420050
2579214
2419677
2469919
2417649
2484690
2397264
2412045
2428334
2392246
2404843
2434328
2410661
2397725
2450569
2434821
2411629
2420127
2397674
2458738
2390723
2448556
2394478
2445232
2397414
2467951
2377571
2404453
2384312
2391773
2391203
2459512
2459495
2378645
2428452
2419840
2379618
2435312
2450476
2387329
2400048
2370417
2443734
2379598
2444715
2476552
2422425
2406787
2371911
2368476
2361692
2364902
2365123
2358347
2363722
2366855
2367900
2359464
2388787
2382574
2445933
2355213
2390837
2361731
2419029
2376678
2345345
2378313
2376206
2381539
2373515
2368403
2460286
2350317
2363916
2363359
2365154
2348871
2427030
2376643
2363364
2392101
2443555
3192176
2640032
2374858
2358695
2396178
2370753
2381622
2430636
2377209
2460758
2439035
2389586
2469998
2377087
2351006
2390465
2366400
2365482
3198948
2455115
2375136
2372328
2575831
2533770
2545759
2568636
2528398
2555222
2545023
2536014
2544771
2562739
2535501
2550663
2543046
2572123
2707575
2575308
2561926
2579000
2590042
2609587
2610604
2582708
2799953
2755018
2667997
2626967
2630605
2672358
2613851
2607014
2620931
2598066
2682627
2646826
2648143
2625377
2614786
2718411
2646364
2660994
2688736
3073244
2763686
2690545
2828257
3963219
4152839
4159021
2951050
2706887
2655759
2625086
2650499
2637234
2819259
2834349
2699969
2697319
2681074
2615286
2631403
2654548
2741287
2564571
2560380
2650663
2602214
2805140
2592076
2589745
2693905
2630631
3313358
3231242
2556245
2565417
2725488
2971307
3195926
3239211
3211409
2563770
2837555
3213217
3201208
3208050
3212874
3200251
2551172
2577966
2559026
2545398
2642150
2595292
2542855
2557220
2582605
2543880
2563795
2567241
2556757
2663727
2610250
2573737
2553905
2613354
2561489
2596958
2559376
2568661
2589916
2646484
2562380
2615313
2733422
2796580
2747131
2784118
2824062
2709038
2699847
2698581
2751228
2720137
2692611
2560524
2621465
2581244
2566552
2549806
2563631
2725425
2804330
2857524
3208385
2958275
2545939
2563127
2542810
2536831
2594984
2635110
2617695
2560278
2526427
2558934
2629592
2813666
3132559
3250789
2961243
2566343
2602272
2556241
2538546
2554113
2577773
2559539
2629164
2675773
2774491
2903073
3095940
2734957
2702908
2779462
2868648
2897734
2678733
2791456
2872801
2739467
2913747
2610280
2380244
2343037
2286405
2260328
2271778
2282882
2249316
2285741
2583619
2294682
2279438
2243623
2284172
2244139
2299553
2294423
2275836
2253936
2260563
2259999
2251308
2243330
2271041
2335432
2322785
2283768
2263202
2265170
2244886
2334056
2237586
2236805
2245418
2303052
2246930
2321689
2216541
2223575
2221678
2228161
2227822
2242821
2228937
2229829
2224356
2243828
2234528
2254378
2399028
2341804
2391010
2299248
2338139
2330032
2352209
2348071
2329534
2411671
2479320
2199478
2382473
2331361
2314703
2442755
2684650
2675872
2526531
2202365
2223466
2240007
2202166
2293491
2202642
2324696
2206283
2197810
2197700
2201537
2201075
2223606
2204695
2288004
2316230
2607085
2816880
2329165
2282027
2271225
2280334
2250760
2237473
2250550
2283757
2222832
2262073
2292387
2254249
2240659
2242122
2293342
2195582
2230758
2192211
2248737
2213859
2175115
2199329
2179524
2233183
2253504
2277610
2260975
2258102
2200673
2271252
2219724
2239545
2170490
2297584
2231931
2203688
2241142
2191046
2198876
2175882
2260088
2196881
2166519
2190240
2157228
2173429
2295242
2166789
2170870
2207051
2183236
2173328
2160648
2184246
2158924
2198492
2185581
2166923
2164339
2155966
2164633
2152295
2171438
2179225
2158683
2178733
2158141
2185204
2183715
2174630
2177649
2155225
2182584
2166643
2176472
2160004
2187534
2155865
2163304
2170301
2161794
2343518
2154009
2164915
2164362
2173194
2168296
2149340
2165435
2153947
2155101
2165167
2193283
2160343
2170404
2158965
2150331
2173613
2152537
2196889
2158032
2171338
2222177
2214307
2155492
2173873
2157468
2221443
2149160
2240482
2244931
2242230
2244789
2215383
2284877
2271628
2221024
2241219
2235328
2285718
2284704
2237533
2257505
2855767
5546146
5546965
5465740
5585530
5550929
5520268
5448870
5573416
5405376
5375673
5469454
5459960
5521768
5461357
5528522
5507562
5403813
5380852
5428684
5387760
5415793
5361770
5417787
5419530
5383693
5418411
5346559
5366375
5592020
5697545
5478738
6182093
5817677
5686358
5877088
5401787
5473514
5516262
5502881
5580747
6485689
5546849
5549812
5606399
5493118
5725399
5506024
5476914
5469465
5423473
5685588
5956373
7631692
5406030
5360705
5405323
5365773
5484548
6267045
5461967
5450264
5453567
5524915
5558906
5601254
5575453
5364502
5646483
5663951
5484054
5587933
5632141
5638120
5663238
5655470
5602510
5609844
5504145
5570379
5492195
5577676
5497038
5568766
5536202
3370092
2232262
2255957
2240646
2236163
2269649
2227006
2230385
2284472
2229064
2257219
2208427
2261878
2198938
2237440
2265281
2255155
2265290
2229468
2233187
2229938
2224129
2243402
2248705
2249808
2192487
2182732
2245083
2209735
2232476
2210487
2206766
2189948
2176156
2229988
2204073
2224635
2241878
2202576
2213627
2234528
2208600
2243084
2204847
2231355
2174561
2270708
2168756
2210433
2189787
2214100
2213801
2176404
2190565
2197667
2218587
2200796
2198284
2247886
2190229
2217582
2198181
2346505
2183419
2180830
2204390
2183629
2165039
2174981
2181508
2252700
2202330
2184474
2210543
2199423
2230334
2183336
2204614
2254062
2221877
2187811
2181135
2189031
2170879
2186458
2227809
2157387
2163432
2169169
2210805
2167766
2218346
2206393
2162707
2218321
2203133
2199208
2171689
2188089
2262804
2191242
2170654
2291804
2243041
2308560
2280902
2198181
2249852
2248274
2184590
2207728
2186760
2185533
2178248
2273236
2223903
2256290
2187295
2248622
2242776
2235677
2228709
2218631
2217350
2202887
2290487
2199444
2278487
2166756
2258841
2179042
2212166
2231579
2173513
2217651
2214891
2235644
2236923
2251117
2249773
2257131
2274954
2150387
2139172
2152466
2148304
2151053
2171324
2167454
2147330
2133488
2150145
2163974
2156941
2134894
2189194
2228334
2270302
2275300
2263226
2258567
2302010
2153501
2220750
2213178
2229593
2328157
2238852
2226888
2215366
2281271
2233214
2213644
2302346
2236995
2250407
2293956
2308086
2263838
2305648
2281880
2198813
2232041
2189328
2210852
2176086
2245103
2166254
2219867
2210854
2174374
2216838
2242275
2181527
2196639
2205814
2165452
2185608
2148172
2170875
2153769
2166167
2157092
2147277
2174936
2174683
2142540
2156945
2140875
2152160
2188404
2154236
2254582
2126659
6332168
2177220
2148610
2131222
2133366
2244555
2130740
2155830
2211277
2171199
2140452
2125412
2142475
2132869
2313947
2178403
2280895
2158135
2240148
2260274
2246064
2136199
2205651
2204610
2206888
2115948
2154686
2133233
2151397
2192576
2197048
2209375
2149317
2207627
2143371
2273953
2602432
2306949
2116883
2137215
2349420
2160046
2118521
2120136
2118894
2130773
2131471
2118139
2117343
2117826
2125967
2118255
2117675
2190734
2118404
2167126
2113328
2158684
2113096
2114069
2142607
2112858
2118137
2102280
2142820
2126119
2109237
2127344
2100160
2123064
2141731
2083195
2164757
2107595
2201081
2017284
2053487
2094868
2145823
2138995
2103036
2094420
2103557
2104952
2098915
2097119
2091579
2101628
2100944
2096259
2114484
2096230
2124739
2115730
2103727
2089480
2097964
2115549
2101492
2095283
2116258
2102349
2086961
2088249
2091117
2093876
2084727
2096520
2081446
2087583
2100846
2104105
2092189
2077810
2101223
2086674
2117905
2076041
2081217
2091277
2092767
2085871
2079280
2087875
2078491
2083040
2078099
2104543
2110285
2072037
2073950
2083219
2080134
2074140
2124808
2061211
2066329
2084306
2062368
2071370
2063767
2075365
2081737
2115004
2059110
2160361
2128449
2064445
2071742
2060310
2112715
2069525
2071295
2067631
2053190
2065438
2146191
2074497
2061574
2075649
2057506
2052211
2057613
2252639
2084318
2079588
2054328
2059403
2079624
2047723
2125422
2057176
2068087
2064611
2078108
2067120
2048098
2066891
2051760
2091698
2200644
2067540
2064243
2060743
2058832
2048482
2074521
2037662
2066233
2053069
2044086
2060628
2035675
2063072
2044123
2057047
2037462
2051051
2049075
2046841
2052348
2043924
2051726
2049680
2051456
2054834
2058441
2036321
2102950
2056318
2059645
2043037
2047399
2073647
2040509
2059547
2057451
2097442
2295443
2054516
2081333
2052983
2064426
2052373
2058816
2046999
2323394
2059088
2075530
2135021
2086110
2060766
2043650
2049325
2022888
2046206
2064117
2104818
2041403
2036742
2044991
2038620
2070785
2143830
2095108
2121391
2052971
2231936
2060564
2041079
2027210
2047075
2023322
2032612
2026575
2057356
2020156
2032333
2056415
2028739
2027434
2049233
2035010
2017823
2028949
2088324
2025436
2045210
2037174
2019350
2031288
2030218
2060929
2034690
2051079
2052747
2019680
2073448
2077541
2121592
2091137
2109457
2101689
2064518
2143203
2091887
2115341
2114947
2118177
2087493
2090158
2105290
2057047
2118228
2116665
2082744
2088766
2076357
2101822
2082687
2178427
2072594
2095967
2146149
2086113
2099834
2056219
2083042
2082570
2108395
2096412
2105045
2078072
2094265
2096778
2079579
2116299
2104899
2104838
2075870
2099539
2119823
2069741
2082113
2102692
2051235
2078984
2064688
2077371
2148655
2104578
2076877
2063394
2068244
2072103
2075595
2083972
2087030
2073616
2082623
2111905
2122301
2062484
2101562
2061047
2080460
2068121
2054169
2032058
2045132
2078514
2083625
2091918
2066600
2081775
2065934
2093335
2038001
2048989
2044833
2103655
2048519
2039125
2073414
2061881
2037841
2068010
2054892
2035342
2053231
2047199
2028878
2051357
2030460
2036295
2026882
2039210
2029269
2042559
2026229
2040837
2051251
2022793
2041088
2030093
2032782
2038130
2085926
2072619
2078171
2073575
2119565
2086434
2057515
2067775
2050578
2067342
2056505
2042911
2062923
2059581
2083007
2154672
2186533
2044585
2103371
2090844
2089410
2096611
2063605
2085615
2045984
2065389
2102006
2088553
2018729
2016673
3038950
2916802
2187145
2090351
2022966
2046205
2018295
2030539
2018156
2065600
2019954
2047793
2023002
2012700
2040486
2007357
2024032
2008326
2028472
2018148
2184048
2043491
2116170
2011545
2045135
2029336
2823775
2024442
2005024
2017467
2040936
2033747
2022924
2005083
2017041
2000951
2030368
2011155
2045036
2010182
2020841
1999304
2021213
2080050
2013199
2106498
2032669
2039120
2014188
2009792
2003994
2010758
2018652
2019301
2020671
2010795
2009157
1999294
2008104
2013114
2004060
2009574
2008320
2002490
2012965
1998861
2009995
2074925
2104603
2063566
2119050
1998472
2088311
2029231
2206864
2082648
2050758
2074758
2075865
2024237
2071958
2078225
2045001
1998377
2080669
2123651
2059100
1997549
2078593
2055273
2106322
2076470
2053468
2104240
2000441
2092255
2030611
2123732
2079195
1979333
2005306
1983527
1997008
1988629
2012341
1986349
2003675
1998499
2001818
2107822
1974365
2013556
1997239
2094766
1980665
2021774
1987652
2008348
1987179
2002634
2032264
2012569
1979678
2011466
1995065
1969310
1990339
1976458
2031046
2006972
1985752
1976392
1997797
1984799
1990365
2021759
2008400
1979375
1993175
1966077
2002006
1979651
1999680
1995072
1967899
1996728
2044213
1995092
1974708
1984400
2016663
2005451
1971068
2125004
1971674
1981674
1964495
2214825
1990050
1972052
1977246
1962899
1974884
1963821
2035417
1962562
1993072
1965105
1988057
1957498
1972938
1969394
1981761
1985168
1963527
1969437
1972519
1978803
1962481
2036015
1965298
1985395
1959904
1965579
1963367
1970371
1978181
1965321
1947572
2032890
2004455
1960547
1966970
1956227
1994841
1956621
1973733
1945939
1962158
1970736
1965329
1999534
1957545
1958478
1975822
1971743
1986790
1972498
1999255
2010597
1966623
2011215
1967675
1977736
1982159
1989823
1990005
2009364
1947684
2003616
2039268
1983795
2011459
2005681
2010500
1992953
2006693
1961925
2002893
1993430
2050885
1964799
1983656
1958705
1984527
2044758
1960490
1964057
1984355
1968313
1955068
1962111
1941513
1948854
1930691
1978215
1957025
1955219
1941376
1944787
1937086
1952459
1929535
1974662
1936270
1958321
2070572
1934552
1943272
1936235
1963098
1935866
1939533
1927410
1940389
1935378
1943625
1936360
1986893
1933984
1982626
1974957
2014751
1991702
1976503
2013453
2005253
1997766
1990591
1976745
1978313
1971075
2028688
2009423
1998306
2051744
2006335
1966186
1882346
2048269
2026040
1974067
1988830
1968697
2066516
1969640
1978374
1997372
1988081
2004840
2017803
2003260
1961140
2010488
1975039
1981245
1969223
1988650
1974913
1973938
1967973
1978834
2011537
1985660
1968976
1985544
1967351
1975323
1967279
1978702
1958925
1972873
1968978
1984157
1983017
1969229
1974002
1969622
1967060
1967370
1972654
1962729
1972235
1965997
1967104
1959520
1969237
1956276
1976858
1952485
1968105
1953173
1981200
1952833
1963369
2021217
1968401
1968865
1957399
1963328
1954336
1970786
1955118
1964210
1950670
1968622
1953022
1952932
1966691
1948472
1979724
1966790
1966224
1978857
1995703
1956836
1963801
1950460
1965242
1941211
1973650
1946694
1955737
1942747
1955718
1942028
1954293
1940576
1933636
1957608
1939668
2029725
1943256
1962200
1943895
1986891
1933650
1942789
1955815
1949523
1956073
1942330
1933486
1933633
1926596
1937567
1923475
1934682
1923261
1950372
1894084
1938373
1916670
1959780
1918587
1925018
1942848
1900092
1938688
1927817
1936745
1924285
1929818
1934490
1927919
1906905
1896310
1907582
1929688
1930987
1930220
1924142
1945507
1928884
1934893
1918971
1934599
1919118
1933456
1914041
1925065
1925990
1932084
1959069
1935959
1970047
1932507
1949636
1926142
1941673
1938808
1933082
1923390
1948515
1923680
1933061
1921537
1939402
1927652
1932480
1922536
1930757
1923281
1938050
1916930
1937615
1929818
1929454
1942658
1962153
1957860
1971662
1987723
1956751
1963495
1954630
1962239
1953626
1994405
1964275
1975131
1976033
2005942
1966314
1991540
1963279
1987731
1986265
1986241
2045419
1971379
1985689
1976194
1965753
1969598
2019533
1991343
2005903
1999515
6208181
1949373
1949035
2138267
1942813
1956210
1973873
1982296
1939042
1970795
1979345
1954076
1938493
1991935
1937631
2005047
1954667
1985754
2027694
1950975
1938502
1952637
2046285
1932294
1962885
1994796
1947102
1942968
1981733
1964457
1984462
1934106
1988535
1967545
1965990
1938920
1956271
2026352
1947912
1927429
1962837
1986671
1925991
1941672
1998950
1939641
1947248
1961179
1954772
1941243
1965830
1946497
1993680
1936531
1943986
2024709
1954768
1976641
1927330
2029837
1937703
1927547
2038251
1937994
1961796
1975083
1944284
2063772
1952562
1961325
2011141
1941390
2002440
1927718
1992446
2126673
1952835
2004514
1966675
1974635
1992208
1993094
1931071
1961845
1961873
2071275
1993113
1933435
2069746
1943458
1945174
1954752
1940298
1965781
1976467
1968347
2001781
1952945
2008617
1945442
1982449
1971616
2032196
1976787
1934704
2055247
1948847
2000681
1942110
2017273
1968794
2012779
1962570
1994660
2071003
1989828
2015139
1960505
2054462
1979616
1959116
1963349
1931036
1949189
1967498
1939444
1941137
1947651
1982144
1933004
1955882
1948371
1997502
1982840
1944911
1947114
2009170
1922398
1964859
1941502
1936367
1944455
1942178
1929073
1946118
1932148
1945135
1939821
1963951
1920359
1944726
1970618
2006551
2043423
2046970
2053757
1995622
1994312
1997782
2008619
1986091
2048906
2053062
2054126
1979842
1959832
1990955
1943558
2015864
1976550
2027526
2003022
1996095
1957268
1971573
1952685
1957286
2019899
2098082
2000631
2125690
2048900
1982661
2048559
1945955
1985608
1904993
1960336
1940273
1949615
1900503
1928604
1981499
1894020
1912290
1926742
1926778
1903398
1933380
2011243
1937107
1890427
1953687
1937951
1898109
1945226
2008914
1919472
1936520
2035503
1950144
2053326
1934663
1895156
1991563
1946752
2014773
1956685
1893997
1964208
1941106
2029093
1913532
1889155
1959877
1929149
1885086
2083295
1999973
2022561
2079380
1889870
1982712
1975576
1983175
2035093
2036007
1882662
1968269
2252971
1898964
1983359
2030918
1929908
2064884
1998304
1910526
2119557
1927325
2051335
1952443
1963470
1957425
1923669
1970086
1959601
1979181
1995905
1993107
1895920
2021871
1926008
1891425
2003681
1956480
1971877
2028315
2094196
2003211
1957037
2324638
1969336
1968072
1972341
1903291
1947783
1912353
2090799
1908096
2177642
1917751
1888528
1957547
1979777
1869295
1993986
2012880
1946096
1951659
1887964
1943499
1941166
1869354
1989640
1932975
1913893
2018655
1864573
1917983
1992795
1880544
2180989
2450301
2937426
2427761
1904386
1906036
2002644
1900387
2013247
1888721
1866077
1894036
1868861
1891089
1883317
1956608
1876334
1896767
1878872
1894531
1871225
1883491
1866683
1911710
1863710
1877246
1866798
1874458
1873776
1872843
1866212
1876764
1862625
1880458
1885837
1881366
1883884
1873136
1867286
1872660
1862258
1874055
1872822
1877751
1861102
1881328
1865755
1875652
1865269
1872450
1865713
1869932
1858981
1888307
1857059
1871518
1858390
1893185
1873543
1867520
1853434
1870908
1857499
1891844
1852600
1855326
1859886
1865293
1852355
1865745
1868203
1869155
1850088
1904744
1847598
1919505
1852333
1877747
1852279
1898262
1850184
1893232
1851272
1867261
1860908
1856886
1850356
1854295
1848818
1856286
1851657
1880943
1845636
1855588
1842266
1854701
1858552
1859951
1850572
1906152
1843448
1880125
1864892
1829743
1859941
1845901
1845845
1867463
1816626
1854186
1902260
1835872
1840432
1864370
1838014
1866940
1827296
1827719
1863230
2012263
1989859
2056933
2529869
2695382
2483586
1905220
1843710
1826635
1874448
2036176
1848749
1901591
1879530
1824914
1827197
1827321
2044051
1825228
1825802
1851854
1834057
1844352
1816364
1825846
1865414
1825093
1842141
1820193
1836128
1819628
1849896
1828216
1869159
1822412
1829177
1819965
1832818
1826557
1882911
1819669
1881944
1824043
1837599
1824343
1825921
1894106
1833311
1847947
1900812
1835977
1829331
1816121
1884862
1822910
1823149
1819004
1864248
1822363
1834798
1818393
1913771
1817927
2073234
1967055
1960516
1959312
1995153
1951527
1960989
1945379
1957069
2019140
1962766
1949423
1948857
1974595
1957675
1963525
2018763
1970114
1952454
1965040
1948744
1966719
1948380
1955446
2064828
1970191
1944677
1948974
1944736
1944374
1952350
2011667
1957471
1946211
1950098
1939449
1949997
1941837
1971896
1980176
1941716
1942707
1948685
1942434
2301013
1938598
2371781
1971915
1949951
1964483
1949582
2089075
2047457
2061500
1952435
1938936
1955444
1934116
1960621
1939760
1946151
1982545
1977177
1950139
2043480
1959592
1995997
1939096
1978974
1957090
2011923
1977585
1944503
1939929
1961487
1962507
1975379
1943806
1953628
1953395
1969851
1974040
1932703
1978457
1930339
2036308
1960411
1961243
1977754
1944585
1932485
1959208
1974418
1971519
2036172
1933392
1974554
1933184
1961216
1977896
1947507
1968926
1982553
1930030
1951491
1888480
1912216
1933437
1885899
1976233
1885396
1923176
1880484
1908627
1877722
1940328
1877614
1920162
1894068
1892575
1907391
1972200
1906414
1916149
1879756
1955826
1881556
2447502
1931047
1918104
1937384
1884094
1884190
1895508
1909800
1924745
1901596
1935423
1891920
1903152
1918681
1891356
1916587
1916867
1936776
1962314
1899955
1937650
1922384
1900384
1887819
1883995
1887964
1879873
1921120
1867913
1924347
1866437
1922558
1885927
1925638
1906955
1867679
1883294
1869048
1871488
1876934
1892167
1876518
1875263
1894349
1885634
1932495
1943951
1919962
1913403
1872818
2026619
1860969
1941057
1957440
1920928
2021727
1936460
1962150
1901040
1926870
1966678
1858059
1864330
1865738
1880609
1868969
1880819
1888760
1889337
1880221
1866684
1883329
1859620
1865691
1869877
1885064
1861020
1923402
1902666
1866327
1867684
1964761
1855035
1899879
1855731
1880471
1902438
1874590
1868366
1873276
1859039
1874528
1892182
1894093
1877564
1868741
1861172
1899452
1861049
1902195
1861126
1900301
1864679
1959132
1967073
1883778
1867331
1867567
1949757
1870912
1919633
1910884
2015830
1748644
1848804
1752182
1722195
1790288
1741425
1804632
1717169
1809407
1744712
1762247
1716363
1742821
1715455
1721718
1733397
1811866
1809706
1714734
1730667
2080422
1733108
1748798
1718065
1730829
1757626
1726666
1784054
1755620
1728374
1736809
1765213
1756452
1748627
1750026
1743080
1751300
1752742
1735644
1785660
1756639
1786553
1746522
1734878
1741244
1760962
2015723
1874962
1735161
1762680
1753373
1768056
1846385
1748205
1767555
1790433
1710677
1711621
1730522
1756999
1760720
1759104
1766240
1714651
1748830
1719505
1750311
1710551
1740031
1768889
1703198
1732764
1728067
1722725
1701105
1708433
1705605
1703667
1799687
1718574
1766755
1729780
1717684
1689633
1742424
1658956
1758263
1723240
1699034
1742544
1803467
1857654
1713545
1697500
1716571
1721400
1735835
1796193
1714883
1721280
1773866
1726926
1702952
1873370
1681500
1731312
1809878
1717727
1709676
1685150
1712393
1716363
1708025
1688941
1722827
1693501
1696436
1702231
1733243
1780494
1747009
1688538
1691882
1748395
1717050
1648931
1670982
1848819
1819753
1796374
1920750
1716718
1713409
1742536
1680812
1699952
1749660
1696138
1711634
1730955
1685803
1732348
1685517
1729200
1682710
1676908
1727776
1728407
1759869
1718393
1705104
1737488
1696696
1801463
1753436
1750848
1724381
1687400
1681715
1704222
1734573
1759305
1701740
1735887
1798426
1692202
1672436
1692035
1704163
1693042
1816895
1681434
1815085
1735325
1749897
1732850
1694041
1703614
1730348
1706012
1709808
1726830
1685983
1669430
1667623
1682375
1658652
1682586
1659558
1699796
1700822
1801740
1665915
1722387
1689900
1668493
1686300
1707770
1671341
1672353
1672895
1697839
1683482
1665992
1690677
1683897
1701586
1670600
1660155
1673651
1702923
1688825
1663282
1708952
1695963
1675743
1702085
1669853
1665234
1838100
1820634
1740966
1711827
1697164
1708454
1711386
1734879
1692153
1769929
1756621
1787087
1674294
1718048
1779682
1826413
1761730
1744112
1764917
1671735
1715537
1712274
1699340
1707568
1764840
1706327
1681190
1704135
1693535
1692340
1744035
1685866
1694326
1659468
1732479
1693804
1707886
1708316
1666907
1738278
1723022
1670391
1654882
1722654
1680597
1723251
1760390
3209801
8584100
4395635
4018679
4061026
4062809
4100857
4002634
4305860
4022781
4072890
4061769
4035922
4048139
4024652
4591518
5595459
4322390
4040188
4017332
4071722
4024882
4050399
4062222
4010802
3990522
4050912
4038192
4103183
4081080
4044392
4016998
4002515
4010371
4056792
4013878
4002065
4027131
4003588
4081063
4194688
4049976
3988941
4118490
4009301
4220952
4008995
4237559
4206831
4003091
4013505
4026181
4105223
4158080
4166641
4219499
4127011
4140370
4067989
3974975
3947147
3993121
4078696
4106283
4045309
4086739
4236410
3964198
4501773
4177125
4021454
4130751
4148521
3972857
3971281
4329940
4098030
3979851
4035722
4428395
3976984
4086963
4821892
3936717
4053372
4005705
4177805
4318954
4259786
4051099
4035862
3932877
4058773
4096739
4031081
3965750
3968154
4001878
3924066
3939397
3932664
3913270
3995624
3925253
3913626
3922680
3923513
3987411
3923607
4257193
4129447
4083653
3796033
3686583
3708914
3607248
3604350
3602722
3531803
3568826
3699589
3527391
3546183
3607984
3623847
3600701
3621398
3569767
3585569
3560509
3619185
3669729
3570449
3583401
3602450
3625907
3560346
3502057
3707287
3640199
3585138
3496197
3505617
3533657
3546932
3561069
3619037
3470490
3534840
3564369
3453182
3524303
3420786
3562381
3515560
3649737
3801925
4414870
3427236
3339216
3428207
3333245
3340768
3358068
3367571
3396718
3338926
3363085
3371920
3362994
3346123
4224155
3358165
3350879
3347417
3338705
3335580
3351902
3354672
3328369
3463404
3344303
3342685
3360403
3554989
3370917
3332031
3332974
3431939
3454305
3327582
3311959
3339711
3485051
3323800
3321345
3348482
3375886
3363340
3348592
3327254
3310619
3304913
3445273
3367820
3413852
3364949
3332177
3339120
3362746
3365962
3338156
3357062
4081047
4792148
4801340
4331392
4072687
4545335
4325786
4841452
3968261
4201795
3956636
4429979
3853692
3353643
3294102
3312750
3329679
3429659
3396340
3393801
3322237
3342088
3312628
3373983
3295490
3312679
3375343
3343380
3363275
2117850
1585712
1584965
1597522
1611799
1615354
1579452
1595896
1594491
1596266
1599316
1591103
1601596
1586230
1626846
1577878
1638034
1587397
1572889
1604917
1582042
1583932
1575734
1629127
1573040
1613223
1595848
1579600
1599878
1578516
1587074
1589303
1624206
1593620
1573209
1572781
1583039
1582433
1572148
1592318
1579622
1590586
1573469
1575602
1579958
1574056
1612784
1570246
1575384
1565615
1592757
1594553
1574702
1612331
1576225
1580276
1570691
1577752
1581370
1596605
1582039
1577955
1571769
1575953
1569252
1589174
1561476
1576572
1619315
1608272
1603195
1569501
1570620
1570456
1578916
1569161
1570882
1602111
1587053
1581048
1565279
1578256
1558324
1568200
1555831
1558804
1575184
1599652
1598432
1586850
1596010
1583956
1565207
1609091
1582578
1589608
1592593
1566564
1573003
1559605
1586579
1566792
1613120
1602763
1710667
1596385
1636978
1617251
1570183
1584502
1564104
1567917
1558507
1553886
1613459
1550631
1603145
1558213
1598802
1599309
1585749
1593215
1584727
1621674
1610681
1613559
1585378
1641505
1600202
1614016
1585706
1586673
1609929
1578625
1623526
1568471
1704142
1608348
1597508
1625260
1626785
1590837
1650138
1649068
1576024
1612576
1590368
1567377
1584346
1598810
1633514
1597169
1613605
1609383
1600041
1630181
1590986
1680006
1639162
1641898
1647107
1642322
1628408
1600884
2146713
1609702
1743670
1727868
1618830
1606972
1667742
1596186
1618059
1631369
1659294
1625852
1617507
1616439
1601176
1615812
1602947
1638990
1614216
1611079
1635054
1608591
1621885
1613269
1617792
1603524
1665846
1578864
1640422
1634581
1590194
1584973
1633529
1596506
1605328
1605704
1589952
1600433
1595723
1555077
1625409
1564800
1579952
1564871
1572472
1571246
1560359
1598669
1614760
1587973
1625534
1612122
1612791
1637587
1647406
1612172
1645205
1707746
2160409
2154419
2394500
2485460
2508672
2309898
2424562
2180851
2221581
2257952
2119174
2214084
2199741
2094839
1559027
1569951
1562545
1580243
1714158
1650493
1571543
1552868
1804189
1557608
1584464
1549122
1553503
1624779
1553236
1594133
1552104
1580862
1567487
1560869
1553667
1557082
1569104
1561692
1565239
1553193
1626394
1549829
1659398
1634302
1564928
1616807
1592430
1717815
1607662
1618637
1659059
1564688
1624558
1625853
1589647
1615144
1596910
1561984
1763986
1649555
1600281
1752588
1568575
1667522
1589876
1565507
1611990
1735211
1598147
1621827
1594548
1556766
1652561
1582721
1559207
1634046
1597798
1573413
1554615
1604803
1556129
1627918
1573284
1622269
1571637
1629857
1570397
1694584
1553083
1628778
1687174
1576297
1611966
1644989
1554526
1626807
1563238
1612609
1615814
1574162
1588167
1554982
1575979
1554949
1584076
1550500
1558606
1562818
1610028
1641666
1598648
1622303
1601454
1618746
1600212
1576911
1639060
1614924
1670581
1601539
1625457
1573153
1638632
1588456
1610337
1621317
1637237
1652968
1576070
1590287
1653549
1612203
1657335
1579630
1647887
1585712
1954955
1598419
1656248
1579850
1633333
1628746
1600768
1662308
1610625
1644287
1617876
1657123
1622101
1612804
1647858
1616219
1639535
1624773
1635282
1627579
1616555
1607041
1620419
1633185
1629644
1631577
1585066
1627070
1592738
1600378
1633485
1603487
1623344
1630152
1622261
1625598
1622923
1585363
1583815
1638078
1610341
1627987
1601221
1637483
1603883
1616116
1599916
1614594
1606368
1563773
1602068
1592603
1602179
1632345
1597083
1660756
1590469
1631250
1627353
1610012
1678845
1758376
1668175
1624707
1614859
1562187
1585077
1563347
1599211
1622084
1617111
1557071
1575010
1574560
1565699
1578562
1567730
1577675
1571255
1558457
1576303
1572344
1593129
1567695
1578398
1581624
1560144
1580252
1600344
1573205
1560797
1570570
1556880
1568942
1567573
1553660
1563319
1562555
1550215
1557623
1555985
1564202
1550544
1598460
1554522
1558030
1555046
1550945
1560166
1552972
1555529
1558917
1551434
1568850
1545019
1565244
1564816
1561939
1551302
1551947
1558353
1553418
1552773
1554323
1549614
1552095
1548780
1573001
1540583
1560892
1542522
1546085
1560150
1535975
1547767
1535244
1546020
1536302
1530160
1548069
1530775
1551921
1534811
1541900
1537524
1539775
1539051
1533513
1529749
1527184
1534514
1521666
1515827
1530453
1514220
1526263
1523764
1512296
1530901
1518361
1525797
1524463
1518783
1512027
1516554
1530069
1513074
1528646
1518874
1517171
1530127
1522069
1529145
1524147
1518793
1520898
1530538
1528885
1516370
1531362
1516521
1514638
1534270
1517200
1523823
1522054
1510551
1523365
1519443
1528638
1516595
1525555
1512829
1528572
1530874
1514284
1522807
1517833
1513642
1528777
1512552
1540317
1510833
1520592
1565078
1516303
5631254
1624576
1526370
1548271
2605719
4028418
3954310
3946910
3718129
3694823
4033532
3787791
3730026
3760654
3796811
3871692
3950413
3792967
3845169
3725476
4206369
3762294
3743807
4199055
3691442
3743420
3812168
3978731
3731567
3710086
3692959
3826001
3675625
3712303
3663176
3997824
3697673
3701510
3731196
4066226
3955791
3920547
4110603
3945334
4027755
4206628
3941491
4115409
4028038
3863266
3976780
3948616
3954877
3871799
3874785
3933173
3949770
3999741
3874206
3945854
3896316
3934583
3876106
3984161
4098786
3970514
3964364
3898039
3934713
3969997
4010605
3892106
3893966
3925270
4041032
3974121
3909686
4015415
3915406
4138224
4045228
3989898
3951201
3934980
3864722
3858075
3863685
3834665
3876042
3892999
3947190
3889496
3889269
3926317
4048912
4184878
3943447
3937830
4243039
3935090
3852432
3801375
3827451
3875915
3816394
3828259
4024401
3814971
3853532
3896360
3809171
3843668
3930030
3963971
3846888
3833155
3828888
4099233
3858929
3817862
3853939
3787268
3864415
3530243
3501100
3516751
3505777
3544834
3532246
3652808
3595093
3557175
3582304
3573641
3559252
3584343
3642762
3621824
3601347
3573456
3754984
3606504
3709451
3830908
3872301
3882915
3731573
3751386
3746867
3735195
3687317
3675651
3695406
3685960
3710075
3676534
3672906
3691451
3840173
5095525
4954143
5020015
3707247
3689831
3685323
3684128
3710260
3677639
3743242
3673371
3730946
3667402
3663479
3697469
3759126
3785176
3723836
3729486
4017137
3697754
4003908
3824111
4067855
3745004
3647722
3643417
3697068
3636302
3657796
3666294
3684949
3680695
3656091
3661406
3788465
3640548
3652800
3661882
3683342
3702743
3650342
3650371
3644039
3676471
3639982
3646714
3742556
3635034
3657906
3682114
3671037
3670808
3780093
3702020
3666610
3681372
3685183
3990765
3753256
3700432
3972482
3675441
3660014
3633068
3792547
3667683
3650106
3736950
3746295
3634156
3680495
3776896
3647027
3636256
3628393
3711438
3646405
3653931
3631533
3746967
3638982
3738075
3715300
3785585
3674957
3616367
3219094
3038254
2914270
2951045
2924565
2981583
3040120
2912745
2937500
2923909
2950208
2951269
2927200
2935107
2933628
2948512
2932475
2912624
3005996
2987231
2922377
2945583
2936882
2923852
2939132
2944463
2918382
2956935
3161012
2941795
2933983
2924470
2915624
2932984
2934462
2909955
2916135
2919732
2912814
2909627
2946588
2876109
2883541
2939193
2906787
2920150
2892669
2924347
2996634
3031271
3063759
2995365
3019744
3074222
3081310
3039267
3161457
3158858
2933453
2984055
3001906
2946605
2946513
2942720
2948547
3008983
2948390
3024504
2964678
3036214
2945387
2959103
2949577
2957245
2944452
2954438
2954760
2939637
2938365
3000371
2940983
2969278
2939283
2939182
2923417
3035174
2960915
2969653
2953835
2924480
2949136
2951725
2985963
2920089
2943628
2960418
2971306
2942590
2927162
2910974
2949808
2936503
2934487
2941445
2919939
2927739
2929732
2939347
2932475
2922590
2933202
2936880
2928995
2930273
2912432
2931085
2928739
2929165
2927345
2911667
2925142
2921562
2920472
2910114
2913654
2929817
2930902
2927762
2912127
2980406
2947537
2934660
2951008
2896774
2975146
2930760
2919140
2990078
2919182
2930395
2926375
2914757
2888804
2891814
2920770
2919407
2923462
2943565
2905562
2920219
2973338
2924530
2929152
2891577
2898322
2914059
2218158
1585076
1590940
1746341
1587178
1645899
1595870
1633193
1589990
1599047
1581079
1586886
1609110
1587889
1598327
1623620
1596145
1591699
1631586
1619934
1600878
1601930
1654139
1611109
1578926
1628888
1586269
1574601
1568328
1571010
1646691
1586401
1594822
1589471
1594052
1605528
1621225
1588231
1584003
1583999
1583031
1576495
1592701
1599511
1601053
1580180
1605411
1574026
1598707
1517606
1604271
1583310
1591147
1600072
1577030
1598402
1597371
1562316
1550030
1577973
1595622
1578987
1519664
1561549
1643558
1609973
1620271
1597242
1568305
1575951
1579099
1576839
1647998
1584685
1599103
1574174
1563518
1596009
1582788
1576505
1565139
1582054
1574105
1576584
1568194
1565743
1757346
1565620
1592305
1561272
1580698
1565611
1580874
1567773
1573435
1592830
1574294
1577226
1567986
1578383
1569356
1561294
1582746
1567266
1609443
1566077
1620003
1563207
1560251
1577801
1572231
1578644
1564237
1569634
1559459
1580969
1580103
1558444
1578374
1562437
1559973
1561594
1565890
1575701
1554310
1569521
1550394
1559208
1565870
1558856
1572823
1564038
1593922
1562501
1551966
1570008
1553233
1569253
1557593
1574111
1556492
1596188
1569102
1556255
1641720
1558309
1574577
1578973
1552077
1565977
1625847
1575520
1553888
1565915
1544039
1548700
1567714
1557366
1558713
1599223
1550528
1546931
1553779
1562719
1553412
1562927
1605501
1565463
1675245
1560703
1557644
1575627
1564890
1551826
1554571
1556366
1564536
1651255
1561207
1616519
1569650
1578203
1566638
1566148
1552417
1562267
1904270
1566161
1567103
1564724
1586930
1562617
1555668
1577713
1558233
1636949
1556084
1580216
1556882
1571253
1569669
1562533
1569153
1566799
1618653
1563506
1548799
1565794
1559097
1581148
1556138
1550427
1590314
1657516
2148639
2088532
1557845
1574529
1576841
1553381
1599218
1686822
1570626
1552254
1555268
1606841
1758144
1637253
1549264
1568171
1550737
1546529
1559109
1574749
1578041
1591146
1523196
1518664
1646184
1563522
1547464
1565441
1554270
1557723
1545147
1546227
1564743
1558601
1599258
1625961
1624924
1603577
1648158
1564638
1556003
1611905
1559725
1620452
1654140
1571462
1570548
1601478
1565048
1577927
1615367
1558439
1622580
1589789
1621051
1543505
1666326
1613214
1554399
1670181
1585879
1668626
1635398
1697888
1608344
1585585
1671526
1575798
1659410
1679706
1567187
1704768
1569278
1624790
2144761
8118218
3850409
3909670
3798151
3789124
3803288
3909446
3792094
3800467
3880919
3820221
3845976
3913546
3908644
3798322
3913630
4002848
4069632
3847389
3774651
3754547
3783424
3785127
3778497
3847769
3791818
3818714
3799751
3840849
3793341
3795461
3781335
3861382
3786752
3803108
4067753
3830872
3802958
3819171
3948560
3878913
4012148
4014155
4467107
4170068
4162354
4163121
3951370
3915550
3899949
4311051
3883389
3972634
4041515
3976281
3837086
3970558
4060412
4151504
3881479
3800487
4043495
3785695
3979658
3949777
3766170
3762757
3908379
3885466
3788038
3780014
3820168
3799394
3750080
3790861
3894366
3926100
3859219
3990564
3866485
3871019
3834232
3883206
4623675
4893217
5552719
5882111
5792647
3849722
3909227
3821011
3848422
3869579
3848155
3888616
3967468
3961287
3909273
3919550
3846652
3919883
3898249
3839032
3834135
3821591
3842415
3859002
3815728
3884879
3901493
4051072
4954458
5885305
4021822
4854276
4643763
4646074
3025887
3081646
4349375
4364293
3468318
3090780
3047457
3046341
3070170
3053094
3056666
3061163
3113631
3046803
3083987
3091515
3054833
3026304
3028362
3044187
3044139
3031560
3034887
3030793
2997368
3035814
3031804
3031391
3021136
2992375
3008114
3050961
3099806
3077745
3156998
3066388
3046209
3062295
3086969
3099110
3058984
3037784
3046448
3063481
3157559
3118255
3103388
3128461
3106958
3188617
3134169
3067066
3087775
3136569
2985279
3110528
3030795
3490951
3013301
3001736
2995870
3019651
2997680
3010416
3061586
2975466
3045816
3040482
3002719
3005914
2999900
2988992
3099448
3033140
3008154
3008595
3011753
3003942
3015009
3111463
3192854
3268950
3095966
3072662
3098220
3122264
3316461
3077447
3065533
3033696
3046939
3110253
3084258
3170069
3189944
3216330
3164661
3022579
3022962
3020717
3032838
3024346
3054840
3027828
3008694
3055505
3027508
3049272
3038376
3054085
2993272
3052200
3037687
3027372
3031240
3015764
2992174
3046310
3022247
3026524
3028108
2989222
3542878
4488280
3327661
4301530
4495775
4713157
4512598
4254099
4280998
4355711
4324922
4439030
4463965
4403161
4461773
4347468
2399176
2105281
2099688
2170036
2398626
2180642
2152948
2268897
2391061
2240903
2244616
2234965
2203313
2222685
2231084
2191833
2217988
2218672
2274695
2136483
2111510
2094041
2077914
2104720
2294963
2419537
2245123
2110683
2140452
2154264
2210373
2291238
1653436
1576350
1542336
1529694
1539600
1553685
1543703
1612746
1544028
1538594
1527242
1542112
1532941
1550734
1635119
1549228
1577701
1526235
1606751
1528333
1559567
1523843
1522616
1553523
1538387
1671168
1519547
1545452
1531059
1524429
1553418
1527210
1552153
1517763
1612443
1525171
1530583
1546292
1528041
1543211
1521646
1517307
1520693
1530828
1614063
1522891
1537032
1534207
1608190
1530120
1525960
1538387
1524861
1585713
1519847
1517639
1541293
1510410
1550552
1518467
1527463
1596496
1529585
1536324
1526440
1588162
1655570
1570578
1540001
1558868
1571547
1514233
1559233
1524316
1848696
2015354
1675955
1636932
1635919
1558678
1668484
1643234
1632801
1581607
1615109
1557272
1548928
1542494
1524259
1511575
2262318
1689409
1513936
1906066
1527916
1516963
1535078
1517083
1530072
1515731
1508323
1544584
1513557
1533251
1518589
1519173
1532680
1533652
1538430
1534692
1569926
1518056
1512383
1526491
1510867
1555436
1532270
1514882
1563576
1558143
1541055
1529950
1581649
1521682
1511586
1535502
1511262
1590403
1555695
1578454
1567597
1569721
1578565
1590337
1586684
1534082
1507075
1509319
1536592
1571996
1510769
1568599
1510736
1514425
1522529
1510835
1527877
1518760
1507919
1528629
1522522
1520003
1515425
1522731
1530912
1490873
1508353
1484755
1509954
1640056
2340626
1479296
1499242
1479007
1474397
1468953
1475572
1527518
1551849
1490479
1476626
1510559
1504375
1467567
1483891
1394985
1401287
1434141
1394780
1517047
1400409
1402445
1445721
1406317
1398144
1413622
1395865
1418291
1394375
1408740
1412292
1391408
1435492
1392173
1391482
1404160
1398201
1391904
1406178
1390056
1405112
1392586
1453024
1416394
1396155
1411980
1390442
1404189
1397476
1427209
1389073
1416519
1387122
1401065
1388372
1444566
1402612
1420783
1423733
1446827
1402157
1431276
1398019
1418986
1401405
1485682
1404901
1395292
1429892
1572113
1387847
1411245
1382518
1417119
1383361
1434542
1395156
1382420
1395223
1566757
1390945
1487588
1446175
1386524
1406025
1387372
1397055
1389104
1512294
1497334
1395237
1404048
1387660
1859663
3445754
3376513
3867353
3714116
3529443
3423115
3380850
3448261
3478376
3559607
3565181
3458049
3494919
3457379
3453238
3542256
3491743
3433018
3420880
3501722
3417178
3420804
3446855
3522513
3460695
3444758
3484655
3433348
3451172
3434214
3521303
3490393
3724553
3637822
3504386
3520970
3524546
3493462
3439642
3400390
3571381
3465042
3336929
3416087
4232059
3876076
3757397
3741190
3726683
3516202
3475329
3582974
3524276
3509843
3497616
3440008
3537193
3611744
3908227
4417439
3519110
3751827
3809608
3650155
3729463
3442325
3389004
3345766
3410014
3350353
3327380
3323476
3541270
3337020
3547077
3641492
3341879
3346596
3646429
3351497
3331219
3330379
3396631
3338880
3326953
3319806
3312599
3466522
3327826
3328763
3332442
3334382
3329953
3327016
3323533
3378666
3332499
3305319
3331599
3651945
3357307
3434204
3636015
3329793
3356014
3363770
3311646
3316173
3298163
3355213
3279745
3287495
3404047
3314235
3315405
3322719
3302109
3366574
3436905
3439728
3513987
3513480
3495116
3409668
3575851
3509309
3488462
7880163
3820922
3775144
3623178
3757487
3386713
3587918
3658525
3497338
3390047
3587514
3413114
3426205
3469811
3421461
3468738
3474362
3338719
3518913
3488706
3972977
3745690
3669409
3585597
3553550
3368420
3369317
3328753
3360510
3330866
3315115
3466545
3376817
3365790
3331173
3338603
3307366
3424071
3324480
3415578
3343712
3367993
3317522
3335386
3456048
3414997
3348016
3318389
3419994
3310379
3601751
3730280
3430085
3325612
3355703
3401784
3892537
3401748
3390231
3390810
3472049
3317280
3363060
3471605
3885569
3478678
3454459
3324572
3299138
3335143
3554047
3341886
3358203
3330650
4062030
3485875
3808587
3595937
4106013
3448791
3319319
3354683
3455501
3534023
3389854
3415681
3524983
3423638
3362510
3445251
3476252
3407891
3403564
3414938
3433721
3396345
3349730
3311466
3462515
3372740
3361027
3367790
3427898
3420911
3366280
3455675
3359543
3410658
3394780
3322043
3354944
3342783
3410037
3375487
3374827
3405071
3398804
3338373
3345813
3303865
3333509
3334780
3320209
3312186
3381117
3339432
3390323
3391904
3419884
3484452
3492712
3614688
3383277
3284442
3241074
2639410
2623320
2619736
2647388
2613011
2615663
2630560
2599502
2782024
2807248
2743510
2731564
2821949
2795532
2889216
2717460
2659089
2725387
2767319
2790928
2691477
2678730
2722808
2781155
2647814
2638030
2696446
2674655
2623965
2704620
2642905
2670775
2655528
2701763
2708945
2703349
2698422
2685177
2702036
2887348
2778031
2837766
2828034
2796318
2804610
2690483
2641143
2622736
2621042
2727023
2614562
2583124
2612286
2653956
2629976
2599086
2767205
2613994
2561365
2580517
2722266
2767466
2605326
2612472
2643525
2793661
2769292
2659424
2649416
2640943
2603663
2735641
2604749
2720630
2647144
2659568
2712708
3065290
2691236
2718590
2784005
2963921
3043442
2760009
2726317
3426794
2945455
2789488
2729566
2587049
2429941
2520921
2582556
2695226
2579026
2627197
2624404
2598482
2587526
2624005
2604997
2598691
2633985
2641158
2608027
2611646
2574933
2612222
2603675
2619722
2612348
2600698
2616950
2570512
2601668
2588110
2567668
2589703
2597646
2553668
2548250
2578986
2575029
2573281
2596081
2573806
2549493
2584511
2622428
2599697
2565780
2615311
2632562
2559072
2614101
2618279
2590143
2563723
2640619
2591839
2558935
2586540
2589663
2559914
2553455
2579359
2605256
2569533
2607479
2589696
2553007
2757792
2606710
2638967
2551062
2568838
2584178
2708716
2558281
2595694
2579211
2556406
2591595
2606047
2570561
2607016
2650711
2577479
2644497
2572815
1344139
1323035
1323008
1334384
1318371
1332060
1451484
1320799
1334555
1321902
1312161
1333047
1324758
1321558
1314497
1309897
1318494
1311321
1309929
1321364
1316811
1306044
1331307
1306724
1314921
1314865
1314542
1338074
1308304
1316360
1325663
1313535
1308514
1325665
1313157
1308927
1328062
1330134
1365886
1337808
1353897
1357045
1341666
1344517
1354938
1346505
1345397
1343078
1368237
1346785
1354917
1331437
1354475
1329766
1337445
1330076
1330133
1339055
1328449
1342220
1338802
1339497
1330701
1344685
1327253
1355702
1328527
1338077
1350766
1326608
1333111
1337775
1332474
1327132
1354410
1336435
1366465
1328443
1342033
1327655
1331443
1351383
1330144
1335973
1338874
1351258
1336152
1345488
1332848
1334443
1331223
1328176
1337939
1330413
1337769
1344796
1325243
1328988
1323269
1326278
1393088
1324659
1324105
1353398
1329432
1326426
1332559
1322592
1340079
1322758
1333748
1355028
1326930
1326157
1335108
1326177
1330425
1340810
1323129
1337836
1321715
1323816
1388384
1316915
1328307
1339440
1315556
1337520
1316843
1326982
1338916
1347765
1321954
1392453
1314695
1316153
1327581
1310633
1326007
1311760
1317914
1323347
1319992
1350759
1332936
1319315
1306464
1324386
1310342
1341892
1307922
1324594
1326778
1311887
1431725
1305230
1312920
1321857
1316532
1313836
1328552
1315036
1312316
1317084
1350265
1326823
1304531
1314905
1322351
1315159
1438205
1320406
1314423
1367295
1315964
1473777
1578429
1334221
1581291
2193320
1756021
1775105
1780190
1749607
1939763
1587598
1662217
1706399
1742292
1795577
1769195
1682791
1535807
1319235
1314626
1309273
1321055
1301398
1307731
1299923
1297248
1317561
1340262
1310542
1314385
1322445
1314273
1321987
1301044
1302436
1332435
1300750
1315772
1317791
1340266
1333744
1338739
1333418
1340911
1345657
1314921
1363065
1345392
1393170
1365696
1355034
1363520
1365597
1360149
1353165
1348995
1352082
1352501
1441025
1338016
1342058
1388848
1342444
1371685
1388880
1392036
1383349
1368059
1310878
1341839
1306669
1292057
1308243
1307333
1294233
1312008
1294296
1316788
1292741
1301425
1302621
1300829
1303349
1302417
1333479
1294012
1322375
1301502
1305789
1289902
1289275
1309949
1342707
1332381
1352167
1296103
1302657
1384410
1404268
1357649
1322471
1309599
1331354
1310824
1337339
1358186
1351622
1323240
1342748
1357969
1340378
1332848
1361350
1360378
1349843
1348306
1347452
1342674
1355602
1319643
1351453
1356874
1384217
1345975
1347415
1327156
1348274
1319509
1321540
1354124
1333292
1361794
1335051
1332595
1356701
1338283
1324604
1359522
1329402
1373922
1347442
1334710
1349317
1331608
1332961
1338813
1308977
1310033
1334820
1364495
1356633
1344128
1356122
1341587
1346282
1332778
1372956
1347310
1483744
1322552
1344194
1343863
1337937
1332817
1323640
1347284
1387731
1348871
1306950
1349360
1292726
1330083
1386661
1324838
1317384
1332036
1319553
1326643
1309456
1377823
1316746
1311363
1290201
1327404
1289691
1316165
1308412
1302926
1327643
1301478
1314591
1311775
1297916
1312284
1324234
1304757
1304687
1302196
1297057
1351721
1307753
1281063
1340466
1293582
1306716
1302764
1316558
1313086
1308470
1310151
1334845
1279024
1289205
1289802
1332310
1313633
1318812
1283221
1348400
1298180
1315788
1303793
1323809
1304497
1308523
1296172
1397586
1281247
1276265
1288531
1276532
1290411
1281184
1307424
1281544
1289626
1290789
1283397
1304088
1284522
1314684
1299213
1284211
1315572
1289372
1321542
1413661
1332831
1349367
1317783
1282752
1311621
1278813
1284784
1298284
1310411
1299628
1325036
1310021
1286797
1320516
1297063
1332531
1305139
1281919
1307540
1298182
1333689
1332530
1290185
1339899
1369330
1328862
1319188
1325409
1289239
1307440
1313394
1294315
1300245
1308097
1315176
1335611
1559175
1361182
1323255
1412120
2804522
1302445
1352402
1327156
1320887
1337712
1279576
1296249
1295362
1292674
1278079
1288685
1295773
1282956
1292936
1303494
1306278
1282348
1295816
1292706
1275577
1271599
1274814
1295765
1274441
1276002
1301588
1276340
1275969
1287574
1278099
1272595
1295177
1269683
1278232
1290136
1288988
1287424
1271314
1277929
1280247
1279493
1279336
1281274
1277714
1267280
1301866
1298583
1271201
1290179
1267335
1283207
1298416
1278286
1304639
1281770
1277828
1285209
1308845
1277870
1293106
1275936
1297214
1326930
1276524
1277636
1277776
1279154
1280923
1343766
1279358
1292312
1328654
1317321
1272519
1277291
1288587
1276457
1278466
1285131
1368995
1270901
1292526
1279960
1267342
1297649
1269922
1296965
1272451
1273759
1286496
1348281
1275813
1290694
1271847
1267573
1298578
1272109
1266179
1294911
1255824
1251433
1300192
1251055
1286684
1249479
1252369
1262135
1251326
1258239
1260640
1258232
1252228
1284781
1257537
1251303
1267511
1258026
1253232
1272743
1249393
1252190
1264778
1248826
1325444
1516344
1684799
1497076
1253921
1253469
1249358
1245185
1268321
1243488
1249149
1307225
1245261
1259827
1254652
1255867
1243098
1257283
1252053
1241895
1269698
1240149
1274209
1382248
1367180
1348048
1349967
1256678
1251619
1245677
1257676
1251019
1272109
1256957
1249031
1248080
1257203
1244788
1262671
1292347
1250869
1239703
1278508
1257619
1239312
1259540
1240709
1242420
1239136
1241426
1259948
1239778
1237402
1251066
1236929
1254536
1249921
1248298
1245035
1243788
1246493
1236321
1251421
1239835
1240986
1214487
1217144
1224207
1281909
1201155
1208591
1233550
1203492
1194980
4387742
1203052
1204893
1220879
1195866
1246315
1244252
1205542
1227204
1212410
1205772
1219258
1244319
1211197
1223270
1278426
1238210
1417450
1268995
1201563
1226721
1218788
1223343
1231363
1254639
1205921
1192787
1260987
1221069
1224369
1217756
1226480
1235676
1222075
1240884
1210292
1214648
1235502
1211637
1211815
1216241
1217410
1208257
1228037
1231262
1196974
1236582
1243247
1181271
1186457
1204801
1193803
1182264
1231538
1212465
1204108
1191329
1220273
1207937
1205959
1186931
1190686
1196574
1194480
1206002
1197872
1224723
1209591
1216325
1191435
1214517
1225195
1184531
1197747
1231159
1180452
1216281
1204665
1217492
1244149
1210797
1223542
1227638
1220004
1222557
1221020
1217685
1224657
1190954
1178365
1231489
1329371
1178437
1177097
1175564
1168099
1182812
1207511
1178588
1179057
1182863
1175471
1184022
1192677
1217892
1197748
1200012
1163936
1204261
1186786
1171563
1164326
1217537
1209392
1163237
1212928
1169308
1170231
1187285
1169759
1497066
1332241
1170077
1224134
1164538
1212008
1196213
1438699
1185635
1619196
1227574
1202123
1193700
1293236
1165618
1231820
1199112
1206227
1314375
1229734
1243117
1198405
1200935
1198253
1199726
1194374
1212318
1198442
1194488
1194535
1220017
1220777
1207806
1213065
1202667
1216028
1194106
1201648
1207235
1200530
1193112
1301534
1216675
1198167
1223306
1228188
1203619
1206238
1191263
1226317
1201917
1199466
1188726
1208555
1250163
1194065
1241854
1191364
1233939
1223008
1213112
1205035
1191905
1223606
1212009
1238312
1199648
1263098
1232232
1196197
1212347
1193080
1195077
1222470
1191426
1265988
1205168
1187899
1192830
1217107
1195989
1192014
1196901
1191824
1191637
1229641
1186594
1264184
1209377
1186474
1190921
1209739
1195807
1228105
1206410
1193266
1188429
1256504
1193809
1182324
1217642
1197964
1276206
1254420
1227146
1231031
1242401
1228264
1184538
1234026
1251321
1208710
1239911
1204955
1243310
1218109
1220021
1221725
1205521
1186853
1236503
1238141
1224297
1245328
1225048
1267105
1247130
1228578
1225038
1238365
1231926
1200017
1236730
1191995
1177254
1204869
1315287
2225929
1493344
1679006
1533364
1576088
1495737
1500515
1506323
1495698
1544653
1490588
1488297
1403552
1384991
1400432
1414184
1409912
1402947
1450983
1417667
1448350
1433074
1473707
1428863
1415940
1565974
1430921
1507906
1388864
1383548
1496046
1395467
1455873
1382006
1387090
1404291
1389630
1381412
1395363
1388337
1421385
1430246
1381419
1408822
1378933
1398191
1377415
1393796
1418523
1384456
1379079
1416484
1390970
1401673
1386733
1377025
1396776
1383381
1398468
1379556
1388669
1389631
1380090
1376585
1387356
1380074
1391532
1386776
1379538
1395064
1372953
1378380
1403790
1364912
1383146
1379011
1365198
1387966
1368233
1399212
1375258
1386637
1380803
1374613
1394855
1381181
1374653
1394500
1366441
1384995
1370612
1376161
1390365
1373290
1368638
1387434
1367207
1414795
1372573
1375368
2164191
1401778
2134105
1408990
2140926
1382422
2136203
1385482
4617572
3407507
5592480
3387477
7086332
4577692
5871158
3478585
5586809
3404027
5245823
3537953
5281100
3412314
5399316
3511852
5234370
3413218
5293278
3434475
5303325
3404084
5168919
3404784
5159728
3404337
5323552
3485972
5229333
3368140
5167725
3457441
5226394
3446995
5286217
3499642
7146834
4414585
5237237
3338973
5160885
3354080
6132502
5005316
5382803
3466285
5318611
3390640
5169545
3448905
5235373
3387970
5190469
3737687
5214253
3405674
5236000
3396940
5261797
3426708
5319428
3504779
5257574
3491332
5277238
3348063
5319412
3266865
5163525
3230738
5206320
3254658
5102457
4743464
5192440
3241794
5133475
3220820
5014536
3285852
5700698
3249532
5084140
3695116
3701146
2836821
2793833
3840402
2797527
2822544
2769839
2804570
2822050
2811560
2780103
2828483
2818133
2779187
2808477
2833181
2846281
2838010
2822297
2815957
2865704
2792147
2830266
2911309
2891528
2776994
2877508
2837517
2837391
2886112
1152789
1143236
1138475
1146710
1131430
1137017
1142207
1139885
1135179
1149109
1141215
1129731
1147746
1139493
1152409
1164049
1131529
1135242
1147779
1139558
1163721
1147651
1140795
1150539
1228157
1147313
1132857
1128102
1147243
1132957
1143831
1155635
1132195
1133489
1138614
1136557
1130377
1148879
1131260
1135430
1150406
1133558
1144182
1170238
1121928
1127723
1133148
1135672
1129967
1129810
1130933
1144248
1122666
1135073
1147489
1141233
1144863
1170226
1122018
1138289
1138104
1144831
1169233
1108170
1111207
1124622
1122383
1150036
1110763
1134420
1117571
1122356
1123891
1123574
1118958
1123744
1121462
1122663
1136123
1117190
1115807
1132267
1112652
1148737
1134262
1155364
1125917
1145469
1129414
1190066
1147907
1121386
1148920
1159939
1134289
1123717
1149248
1129498
1142076
1128403
1143810
1133321
1131000
1154565
1131297
1116223
1156913
1123079
1124720
1195347
1163121
1129141
1151624
1167166
1169578
1105900
1152391
1163153
1148431
1145578
1164302
1148424
1145269
1129772
1149085
1125242
1128416
1125425
1124549
1136359
1120780
1157251
1146366
1103898
1145473
1120454
1158748
1127401
1112280
1171853
1258078
1172028
1117729
1135379
1115780
1142503
1221991
1137641
1128205
1131575
1174218
1134549
1165947
1118407
1103133
1133428
1114478
1117512
1141797
1123719
1128371
1165763
1128270
1126289
1236272
1153045
1099871
1107416
1102710
1100600
1095343
1219838
1107263
1104705
1114614
1109615
1278601
1526298
1108289
1096635
1176325
1301361
1162082
1196525
1100434
1134429
1145735
1135444
1136442
1111734
1093892
1093316
1113470
1101468
1098561
1106613
1100159
1093716
1098846
1109179
1094303
1096335
1109021
1096421
1100772
1126994
1099110
1099944
1110880
1096543
1113282
1096288
1184377
1115107
1134109
1119108
1099469
1131291
1304516
1138092
1142348
1163472
1126319
1127399
1117500
1108395
1124537
1119120
1105912
1130111
1268036
1148991
1147566
1149218
1145746
1134175
1125709
1095716
1132948
1183819
1185643
1092547
1102600
1095794
1090506
1103288
1092073
1088549
1090539
1243729
1097830
1127930
1106697
1148480
1090967
1131036
1112234
1103557
1103691
1090062
1089783
1160671
1286788
1088580
1092071
1092867
1089129
1098881
1128879
1085665
1092421
1630192
1094501
1087118
1101130
1090479
1087260
1101508
1082613
1082912
1106614
1082178
1093801
1099358
1093711
1090884
1082207
1107874
1092932
1082632
1099973
1092344
1085233
1082471
1083420
1082557
1086066
1124499
1084024
1093186
1096010
1082956
1084710
1091158
1086517
1087779
1080817
1100199
1082949
1078064
1094730
1082480
1084020
1093885
1144887
1086619
1112454
1081825
1083737
1091757
1080251
1081593
1090353
1098176
1113161
1091299
1093687
1085869
1078408
1095473
1081653
1080369
1089568
1076183
1085843
1078177
1082147
1111703
1075766
1091124
1077652
1075683
1087461
1081244
1083173
1114126
1082993
1076230
1081990
1093584
1090724
1079957
1087339
1082399
1078219
1084444
1080552
1072376
1089000
1074933
1073626
1075195
1086410
1123142
1075261
1094704
1073488
1079548
1083734
1074449
1075716
1069520
1084369
1069854
1069077
1083071
1161598
1081411
1111691
1070929
1069834
1086857
1072331
1073497
1069205
1077811
1071595
1066358
1075346
1075899
1068080
1140263
1084710
1680860
3059678
2674071
3429358
4373165
2678951
2689628
2722998
2758870
2716418
2736859
2843794
2642104
2762039
2863508
2976787
3072421
2941773
3112795
2742782
2674265
2602356
2659594
2937958
2690788
2819237
2589219
2658888
2619726
2614947
2760790
2723569
2680437
2677555
2522205
2637777
2533549
2541452
2580252
2546866
2524002
3070895
2511425
2903508
2716735
2573226
2596020
2517828
2595956
2668675
2569836
2702435
2537552
2589296
2744715
2799457
3161193
3144409
2597843
2556739
2573322
2550232
2484084
2512825
3066688
3206364
2630404
2486211
2518058
2562949
2622770
2624780
2746293
2638111
2617136
2561029
2572973
2538235
2531252
2527595
2497338
2574130
2614296
2678571
2504705
2541156
2560406
2700075
2540989
2566019
2642814
2594049
2468781
2516535
2606453
2647467
2542109
2521105
2530168
2469967
2537992
2660944
2610873
2519761
2534775
2530701
2509901
2477518
2481338
2889535
2904752
3195864
3096455
2565853
2497041
2475620
2580446
2487641
2536589
2500171
2488441
2465848
2475730
2480174
2481124
2459471
2527322
2489768
2464987
2489338
2466780
2448324
2478450
2481948
2458897
2466817
2469734
2498765
2455924
2472024
2475711
2450467
2476071
2461951
2488734
2489341
2491034
2478401
2444187
2466071
2491965
2486494
2475927
2475321
2486514
2455754
2470608
2478284
2475785
2461213
2477014
2502524
2498605
2470991
6814562
2490478
2538399
1205656
1028726
1014531
1040994
1083871
1013671
1012629
1047917
1011293
1017570
1009082
1027986
1007989
1007784
1033183
1031453
1008611
1019001
1008365
1009008
1019331
1055514
1010251
1019691
1010340
1013070
1015074
1006624
1037574
1013925
1008525
1024463
1004778
1002807
1013298
1023624
1005339
1009184
1022542
1007052
1010000
1035219
1037650
1009289
1017599
1018046
1012166
1009105
1007426
1040765
1008640
1010874
1021952
1005153
1002061
1008311
1035971
1000470
1000912
1012433
1006959
1019481
1016758
1012668
1003898
1002005
1019697
1001475
1005497
1075441
1001708
1001861
1010393
1006349
1034898
1012403
1018295
1002436
1000100
992787
1016446
883921
885803
897842
886109
889239
894831
900904
886141
887053
953093
901355
885342
904731
886410
898332
893332
889471
882876
894157
887328
877344
878810
894554
879161
909733
885875
899619
879604
879748
884448
885616
881694
885506
877894
927381
881964
885144
876820
900126
914886
907803
876924
877157
880366
880170
881874
876529
875783
879691
897229
879971
877418
874926
882612
876224
984255
905285
877431
889486
876714
888840
895284
872970
873203
908414
874179
874102
879447
895320
892778
881259
873129
888605
883842
882261
870986
901981
877291
876450
874340
886173
871763
872227
877659
949817
887426
879927
917829
901879
903271
872514
870430
883181
868154
870642
869626
875159
869676
871863
934994
863813
862612
868970
882137
863876
878735
879495
889515
872524
878609
869736
938737
867116
875812
881287
906193
873378
869106
879679
889246
874521
880851
874641
890170
874220
873333
881009
886500
876280
886701
877879
898329
878807
880205
888753
878665
868270
870797
883170
885892
872135
872141
884701
890120
860963
879446
888462
868602
871704
870857
883577
871951
871270
867918
878354
875401
883109
873546
884163
877906
867917
883543
880060
869863
866444
872026
871939
865790
864716
868603
893375
875784
879705
862926
873003
861906
860339
859973
877649
857267
861569
863804
888242
856107
857990
860716
866262
857780
860693
852747
865778
860988
860187
854522
869413
857629
876274
858615
882657
1021320
853131
847869
889526
882200
866054
880932
885858
866093
868063
864486
906675
1304816
1222111
870879
868926
876334
879562
855745
857300
862778
878678
866562
860827
896960
873583
862496
887189
872559
877749
864413
871551
863179
887746
869403
858616
859912
871319
865369
860854
866277
891195
855986
858613
864816
865485
852914
876678
863210
864379
860410
855804
858298
926157
860510
867761
859797
859213
853741
849943
855309
859312
862254
881840
849217
855637
857353
858654
874850
873024
854208
856405
852087
849976
847727
845036
842638
876591
842003
846212
861697
870222
846557
844683
854854
852833
853889
1194624
1032278
1027433
1345690
1245640
1242193
1202592
1226602
1137718
1145667
1249867
1288285
1321152
1174791
1120229
1168285
1137308
1133706
1175450
1118485
1222659
1144131
1165932
1204992
1259112
1268409
1276105
1266759
1264021
1275420
1226963
872893
862592
845294
842537
838548
855646
837664
837687
846518
853978
833846
835967
838544
834879
835768
841225
840534
836080
903657
850911
837761
850155
905441
838969
836002
839768
854589
836179
832596
853771
850384
834221
838453
840527
845426
836251
840096
837393
842744
838985
837734
831129
844196
839591
831072
831497
850973
830961
834106
831449
874269
833349
832857
835869
839412
829042
837103
828960
840115
835227
833625
829625
838023
832452
829792
828722
842298
826937
841413
1005044
875209
822924
827781
828821
835885
820314
820538
819489
822380
854014
821093
819842
816586
832072
846556
840852
823251
836074
819052
822137
826494
832842
825663
818292
824604
831373
818727
821993
820223
826941
818364
815367
813830
815271
827461
820668
813888
813560
826271
810127
810060
812441
825162
811250
819803
816565
824238
812328
814773
820205
911867
815518
841337
816790
828173
900015
832865
922613
822367
810749
815079
808436
890417
806938
827350
810903
449483
434782
437180
431043
429888
431329
431761
433490
429605
430456
430513
436609
477981
430405
441110
427724
436197
428231
426973
429367
428972
443156
430096
429701
430974
429666
432007
436012
428716
429834
428885
427799
430898
399252
404674
397562
415437
394056
391293
391857
410995
391224
389191
420132
391593
421019
447964
400035
389923
391901
390114
389397
389005
391560
390633
390417
389947
395273
436287
425118
394395
391466
392891
418762
443270
399968
398087
393145
425169
393871
393654
394966
408784
395062
393998
392258
394744
397109
391294
398548
393974
393966
392107
396398
392481
391237
390239
404715
392465
416690
390942
389135
389348
388767
411698
388828
389284
387555
387886
390933
395440
391149
401169
388778
390292
389128
395488
432093
388528
389093
406384
391442
387018
388853
386510
386418
388368
408083
388486
385689
388825
395063
390170
388162
388093
405167
386614
390411
398438
387931
387765
386164
388150
387731
386698
386685
408509
386401
390574
387005
430087
417669
411020
406845
400821
393292
404970
389710
390927
403025
394260
389948
402648
387236
399105
400155
424218
388173
396799
387231
389772
401639
393552
396757
446665
388728
419067
387185
395465
419502
410987
405618
400152
406285
412726
398384
415663
400405
403433
430013
399213
405058
407803
418105
468145
421838
390686
382799
398497
394644
421901
436095
413751
382576
403270
399414
384107
387052
383138
387732
382171
382027
414629
382771
383883
396475
382625
394678
386092
384363
388103
383974
385124
422072
383190
394409
411522
392373
390802
393472
374962
381304
372817
372112
373485
379729
372299
388199
370844
370336
369640
375552
370073
372926
370574
381493
368090
373512
371459
369906
369160
372617
374490
391211
373448
376208
370603
373612
374318
371538
372087
377021
370637
370250
370340
367302
365977
373019
368502
366737
393905
367283
364650
366929
341980
338274
337607
339722
336895
346280
338408
343571
338989
340122
336043
348565
337085
347781
342892
340240
339357
339782
339080
340567
339397
338330
339097
338071
337704
338894
341640
337063
350750
369289
351374
363145
347715
355212
345969
363720
346228
346799
346717
348494
344540
340940
346267
357294
339355
353514
344317
349376
339715
346072
342224
342808
342873
338298
341491
344699
343636
338585
344775
343393
354020
338115
338547
336999
341909
337475
343924
339201
360889
339448
345023
337955
341875
335965
339780
342083
341693
352288
338018
340355
339080
345919
339161
339581
338485
351748
338372
344558
362288
344169
336730
332663
336254
332252
329046
331137
330556
328702
329726
328508
331025
328319
340205
330574
331877
328596
334130
329452
330643
347473
325558
328052
325601
328023
322615
327175
326960
325935
337087
324079
362854
323324
323655
322566
324083
370603
330599
333922
342883
325657
343036
324536
322717
324558
318842
337173
320287
324931
322989
327061
321673
321006
319382
323382
341337
323509
326282
323182
325361
322927
339069
324198
323205
329439
319349
330580
320316
325313
319033
323309
319639
346408
322182
319252
320377
321688
318203
322297
317764
319275
333607
323360
323202
317931
324526
321698
325296
320516
326591
331257
325936
326965
337865
331691
327818
326413
331254
322725
328710
360838
329186
329697
328010
328642
344560
328834
324869
325544
322024
329004
329071
324767
324764
328547
322165
338559
324308
318801
321325
328222
323352
322675
323915
316829
321395
319561
323627
316859
316677
316620
358225
317749
316806
315243
319763
315948
321082
322017
313721
340175
319834
316861
313662
319101
321500
322969
330958
316744
333317
320397
327476
316201
314524
314937
314738
313312
313749
322865
315078
356856
314667
321081
318021
318454
319863
320134
320679
331086
318413
316845
321133
312038
316563
312458
333150
311743
316567
319165
314938
317447
314505
312373
315166
325473
334343
324259
340013
318903
318733
317365
343310
317897
317156
319564
312337
316169
314806
321502
316356
326800
342368
318996
313742
312466
313489
311237
309265
310215
323775
313101
315862
311838
316525
308011
312433
308396
312270
333345
312328
318184
311362
312351
309683
311469
308799
310925
337784
311040
313028
311423
314608
312924
313412
5235
3710
3373
3343
2982
2747
4482
3053
2942
2906
2568
2584
2697
2953
2570
2965
2985
2599
2641
2439
2768
2908
2674
2673
2693
2478
2664
2423
2473
2578
2856
2792
2429
2680
2560
2794
2446
2439
2922
2533
2760
2448
2547
2583
2541
2607
2452
2436
2636
2577
2718
2508
2762
3045
2653
2892
2692
2767
2678
2628
2599
2532
2623
2473
4060
2812
2594
2758
2505
2601
2625
2461
2493
2735
2494
2516
3063
2948
2717
4734
4959
3121
4329
4920
5419
4883
3356
4727
4747
3224
2614
2823
2522
2672
2687
2742
2634
2548
2499
2801
2628
2707
2660
2443
2775
2613
2751
2584
4057
4953
2906
2608
2691
2618
2467
3845
2769
2588
3045
2664
2960
2863
2642
2749
2526
2700
2683
2658
2484
2615
2590
2592
2531
2457
2647
2425
2479
2594
2485
2455
2862
2638
2986
2691
4582
2910
2823
2526
3101
2642
2697
2570
3759
2590
2504
2493
2688
2446
2885
2823
5003
2873
2671
2708
2676
2431
2587
2507
2512
2617
2723
3359
2810
2847
2711
2686
3034
2582
2447
2850
2883
2785
2624
2768
2874
2737
2712
2545
2689
2442
2922
2736
2622
2550
2680
2923
2896
4605
2872
3580
3163
2638
2870
2671
5041
2997
2561
2437
2706
2711
2579
2880
2823
2741
2629
2796
2803
2702
2654
2697
3034
2790
2625
3045
2600
2571
2648
2610
2647
2769
3018
2854
2669
3490
2801
2602
2586
2828
2580
2863
2773
2713
2684
2522
2596
2532
2776
2582
4486
2730
2793
2731
2495
2472
2967
2647
2829
2674
2566
2522
3027
2701
2642
2711
2573
2582
2558
2589
2561
2473
2571
2555
2856
2536
2496
2460
2535
2599
2478
2638
2748
2783
4501
2975
2895
2656
4627
3306
2530
3105
2630
2685
2626
2509
2499
2627
2544
2622
2551
2493
2567
2632
2542
2490
2584
2431
2579
2418
2597
2486
2419
2584
2822
2885
2775
2693
2406
2470
4722
3102
2771
2560
2450
2654
2431
2410
2538
2434
2519
2597
2527
2506
2503
2477
2464
2679
2590
2638
2614
2610
2520
2641
2391
2388
3637
2964
2510
2577
2469
2885
2607
2658
3040
2645
2868
2596
3015
3124
2864
2618
2659
2740
2574
2621
2520
2621
2734
2606
2841
2645
2632
2742
3105
2838
2570
2912
2778
2698
2588
2783
2891
2761
4687
2872
3917
4765
2886
2781
2483
2869
2713
2633
2638
2879
2511
2681
2716
2506
2393
2491
3022
2550
2662
4238
3013
2789
2557
3005
2546
2661
2439
2490
2400
2368
2495
2457
2327
2270
2673
2531
2777
2670
9857
2705
2587
2682
2353
2386
2837
2547
2770
2360
2600
2354
2715
3596
2505
2298
2506
2470
2797
2545
2640
2574
2489
2390
2615
2471
2615
2556
2661
2447
2594
2421
2384
2417
2317
2888
3062
2426
2750
2530
2320
2373
2434
2421
2319
2387
2355
2287
2293
2388
2445
2201
2278
2706
2426
2618
2500
4150
2657
2439
2628
2437
2396
2299
2267
2251
2451
2421
2556
2429
2569
2703
2695
2768
2700
2586
2437
2438
2643
3924
2909
2825
2667
2424
2432
7716
3738
3501
2812
2410
3078
2676
2635
2416
2320
2868
2647
2317
2463
2604
2272
2346
2428
2376
2301
2338
2345
2228
2395
2709
2541
2413
2261
2572
2389
2421
2748
2652
2496
2493
2437
2396
2424
2840
2686
2511
2551
2300
2647
2850
2446
2463
2544
2525
2430
2568
2475
2282
2599
2400
2354
2443
2335
2339
2721
2381
2340
2838
2513
2618
2415
2321
2410
2506
2504
2356
2399
2353
2211
2329
2510
2308
2638
2602
2527
2347
2430
2449
2358
2346
2555
2285
2280
2350
2460
2221
2534
2726
2641
2400
2430
3692
2314
2678
2525
2356
2246
2412
2434
2262
4564
2633
2415
2424
2341
2535
2585
2366
2282
2421
2536
2315
2488
2475
2330
2266
2386
2688
2547
2392
2472
2352
2376
2605
2325
2327
2468
2278
2334
2678
3261
2356
2640
2406
2515
2381
2396
2439
2351
2478
2270
2246
4039
2771
2738
2516
2471
2372
2995
2565
2461
3037
2518
2804
2613
2402
2534
2542
2560
7439
4388
3449
3032
2640
2591
2563
2632
2417
2653
2484
2583
3093
2416
2421
2659
2292
2671
2430
2366
3007
2492
2434
2901
2548
2344
2377
2419
2368
2320
2413
2518
2376
2383
2317
2465
2306
2375
2289
2593
2304
2430
2361
2775
2595
2407
2347
2475
2362
2451
2276
2470
4222
4083
3177
2574
2560
2635
2458
2548
2374
2441
2249
2418
2339
2564
2514
2501
2417
2310
2516
2351
2811
2475
2595
2548
2403
2529
2563
2319
2314
2413
2393
2279
2339
2334
2401
2488
2367
2519
2451
2339
2333
2301
2329
2406
2199
2256
2347
2317
2221
2232
