36665620
25806303
22042086
23264821
22278677
21793308
21818663
21908941
21739744
21927144
21895807
22124834
21973252
22386432
22219223
21678743
21670473
22594659
21627146
21582074
21620519
21569118
22438813
21916457
22092634
15939157
9315033
8942672
10305884
9351493
9013311
9011457
9055781
9409558
9094152
9090799
8902902
8971199
9272142
9210641
8981844
9060868
8978490
9229375
10029783
9073739
9353966
9052171
9046759
10019315
8949206
6316621
3687189
4036299
3916387
3651545
3657440
3677206
3698849
3669925
3655462
3639665
3695007
3665011
3615595
3624927
3625159
3622515
3630726
3646628
3711077
3702775
3696626
3667279
3638209
3622483
2953991
2848721
2887089
2811900
2804415
2738071
2810739
2790579
2730186
2734200
2735910
2729479
2755975
2738296
2802491
2730608
2781389
2941386
2782190
2724066
2726676
2776460
2737379
2890005
3384950
2907463
2879530
2780383
2748118
2731739
2745488
2791571
2717778
2734074
2735083
2728330
2714207
3452901
2729749
2731360
2712578
2729352
2858828
2727171
2720810
2731012
2787978
2872172
2715424
2721557
2723004
2708299
2753208
2727414
2721007
2706396
2716141
2713369
3523159
2723102
2715264
3125996
2794399
2747323
3007577
2737526
3056397
3314648
2768758
2720765
2725900
2765322
2711929
2755274
2779117
2695574
2717020
2750415
2697015
2715250
2713277
2708283
2695971
2744737
2707721
2698294
2705743
2706971
2720103
2692225
2704408
2704094
2694116
2693905
3069941
2775860
2685871
2725619
2664001
2712983
2694836
2718405
2693131
2717170
2704623
2718522
2716546
2694465
2699963
2768595
2699263
2696335
2702460
2681088
2691435
2697170
2711708
2700488
2726319
2688117
2680608
2714835
2699304
2676976
2681991
2683693
2691545
2703610
2687356
2741553
2693787
2685403
7628794
2706534
4264554
6688696
6539993
6603074
6849909
6527753
6611355
6529856
6537087
6488145
6562427
6511006
6522976
6517429
6553867
6559417
6535327
6499173
6596725
6521516
6545494
6519083
6534419
6533139
6518653
6494026
6475295
6993481
6623871
6720093
6520413
6562330
6550653
6616072
6608194
6523256
6564833
6489829
6483426
6486106
6550267
6710637
6493225
6495925
6511026
7111963
7146471
6590381
6580064
6470982
6443675
6700269
6509086
6532500
6455941
6587507
6667673
6543334
6665345
6460325
6686039
6410664
6517076
6456872
6630152
6469286
6518573
6645275
6469018
6555364
6532550
6795865
6736547
6714447
6454922
6450832
6474542
6487156
6545250
6476836
6506532
6692422
6517963
6463162
6481892
6430921
6434521
6575784
6429521
6427438
6446238
6431968
6579335
6524533
6473075
6412468
6475212
6415181
6748007
6602858
6642889
6500129
6516933
7889747
6753044
6447445
6535953
6529383
6541723
6559367
6905096
6604885
7348991
7827240
6465485
8445981
6910963
6665052
6418421
6473062
6461918
6375171
6605621
6412318
6350656
6380324
6377347
6430467
6557730
6392044
6368234
6396201
6386604
6359163
6373507
6454449
6402961
6364477
6371200
6368387
6381104
6375507
6416828
6411007
5056667
2649237
2681621
2693756
2612975
2643588
2617708
2609551
2619607
2613778
2614569
2619765
2609684
2609023
2603516
2616486
2620823
2624699
2622731
2614841
2606551
2614725
2627922
2598081
2615390
2604802
2603626
2604307
2602419
2595142
2597731
2598459
2620539
2600526
2596416
2594568
2596165
2605962
2597092
2593479
2583166
2598945
2605967
2619623
2601254
2584347
2595510
2610715
2612929
2587062
2623042
2594663
2578929
2589369
2592990
2589368
2586490
2585186
2613763
2591618
2587473
2586698
2591813
2615053
2581008
2648966
2699635
2674350
2620685
2624163
2697902
2617562
2623003
2701758
2615371
2622991
2627439
2618820
2676016
2658381
2612208
2623259
2677636
2683955
2631217
2647278
2552260
2589894
2542978
2595065
2687226
2627752
2641980
2597532
2656400
2632573
2610873
2603971
2615322
2648390
2635780
2611874
2611114
2612798
2613122
2610602
2620757
2610929
2611107
2719490
2616511
2604622
2607099
2621653
2554804
2652449
2714998
2594931
2611286
2631055
3022617
3342137
2619117
2614205
2607536
2608301
2606222
2611813
2598284
2603438
2602003
2592948
2601570
2599071
2597672
2644983
2606204
2596486
2618307
2630465
2590297
2592541
2607920
2587113
2601969
2603019
2566868
2601864
2560701
2613642
2634349
2686698
2622324
2607050
2650957
2653380
2655548
2662326
2646167
2596116
2578694
2625705
2591868
2595587
2570406
2642663
2598066
2607227
2623716
2576966
2584471
2581970
2626456
2627635
2664472
2583618
2577819
2578917
2632192
2603634
2573128
2741106
2595180
2618152
2650025
2582812
2593521
2615415
2655861
2631487
2612357
2590072
2648311
2649740
2649705
2604626
2655993
2738782
2597781
2551923
2604761
2630493
2595294
2569325
2786561
2617353
2640136
2591891
2564637
2564005
2607522
2602332
2705868
2669223
2553925
2578588
2610571
2651640
2597143
2614515
2583070
2636841
2597909
2594120
2587890
2624425
2635952
2586532
2551401
2637013
2566932
2604002
2569039
2570122
2562027
2530604
2551283
2569439
2565101
2531104
2602839
2543311
2554868
2598613
2568990
2630586
2631581
2609062
2582294
2631444
2621465
2589999
2599199
2677488
2576777
2559122
2584770
2602647
2615198
2546638
2585949
2601735
2579842
2594983
2558586
2661462
2616324
2599174
2596999
2611883
2621037
2646394
2570591
2571987
2566368
2642270
2622842
2676619
2560601
2552964
2574485
2566441
2575106
2613815
2623539
2594566
2688643
2557061
2620581
2646065
2564464
2611717
2577778
2543190
2545222
2866516
2606395
2570775
2629346
2695510
2615110
2594009
2604089
2576812
2576853
2561382
2546583
2444296
2635958
2596610
2562400
2546073
2589642
2565116
2567502
2580662
2561663
2551992
2567869
2581877
2558150
2531142
2523209
2565399
2560859
2519891
2555562
2645349
2580338
2582525
2526738
2562744
2661210
2520991
2510647
2524900
2546062
2525524
2560892
2584166
2520540
2570774
2535377
2558217
2579898
2550416
2535105
2558206
2554874
2569150
2599128
2563486
2551007
2567842
5743077
2611736
2614821
2597713
2624914
2590986
2590818
2588458
2588460
2812111
2645915
2612710
2668969
2659510
2647700
2665654
2696102
2646007
2680183
2719573
2625856
2572722
2625823
2627198
2653630
2632103
2607449
2611002
2605445
2589052
2603922
2925267
3032872
2701891
2598334
2600272
2580095
2662420
2687442
2647723
2629846
2609156
2561293
2587560
2605802
2702170
2591788
2569258
2607422
2563121
2634232
2569072
2559465
2556311
2636764
2566633
2549527
2566165
2551059
2555777
2648991
2593147
2617965
2612851
2565923
2553766
2563840
2604073
2597391
2609122
2550702
2574258
2590209
2624429
2823494
2605339
2593117
2567523
2566553
2550576
2709213
2567966
2618064
2536928
2547059
3142973
3902954
3518838
3686076
2972109
2652412
2595783
2567689
2559303
2602637
2609616
2565863
2582021
2583914
2570154
2692398
2636933
2558175
2557859
2547046
2533546
2658687
2631586
2566845
2573022
2529809
2528135
2586575
2768146
2526098
2527842
2540251
2532120
2591229
2539030
2534760
2514892
2525492
2523703
2614583
2542192
2547409
2523049
2531990
2552802
2550889
2520905
2532630
2533266
2535684
2572093
2753805
2537599
2562915
2522885
2520472
2581420
2512857
2546289
2542096
2716262
2602480
2594594
2512303
2513639
2801925
2667047
2648172
2703057
2537209
2529495
2507445
2509012
2502415
2539682
2517281
2498165
2513717
2570656
2587443
3763956
3582171
3585177
3375001
3552957
3607060
2529354
4903670
2683209
2505657
2507541
2514718
2489626
2499857
2974343
2493648
2653274
2511807
2488098
2491047
2495137
2603641
2502728
2503082
2485200
2495683
2494191
2480273
2501028
2489023
2480235
2505261
2481582
2476772
2499876
2479329
2489494
2493278
2473899
2479534
2489347
2482512
2488044
2482501
2476145
2516638
2502529
2496854
2508402
2509958
2493740
2493728
2483680
2495459
2523860
2505884
2507299
2498472
2513792
2497057
2472622
2503147
2497370
2485894
2481193
2481768
2465086
2482351
2458004
2457463
2539957
2504151
2475432
2525415
2449246
2537086
2483405
2459942
2466768
2469230
2425153
2474545
2456264
2444818
2460485
2451680
2440946
2468387
2441238
2445847
2449579
2389871
2458194
2448326
2441934
2455605
2442549
2420481
2439500
2425076
2424219
2529628
2464280
2452243
2442802
2432322
2461745
2467234
2490492
2449153
2442933
2437026
2452521
2465770
2434402
2434857
2431769
2436437
2406056
2470554
2432094
2432417
2426063
2441407
2435600
2430965
2429420
2437503
2443075
2461077
2294727
2387973
2493696
2531194
2454538
2427906
2434028
2473609
2435921
2448097
2443692
2430614
2421837
2440021
2409117
2436161
2427813
2463698
2553742
2547626
2516728
2747851
2531643
2544959
2530087
2475639
2491131
2491691
2460120
2447966
2473218
2491084
2433467
2568570
2480746
2442615
2429290
2480936
2471694
2433981
2455445
2408717
2490333
2478957
2435994
2431502
2399912
2442633
2477710
2413807
2412327
2403527
2398245
2542551
2477217
2478945
2465783
2435120
2437304
2502091
2441137
2439483
2464843
2452409
2454524
2446819
2433695
2407570
2488362
2540116
2563318
2534511
2416922
2428633
2439506
2433388
2486630
2439974
2467028
2451952
2459364
2437388
2404595
2529710
2393845
2425497
2486141
2587497
2644893
2544374
2463825
2408452
2413932
2391164
2420079
2462510
2441593
2432791
2414088
2443274
2544976
2594698
2566543
2517086
2389159
2517242
2494324
2555782
2506702
2501394
2529394
2589055
2497649
2400296
2473519
2521156
2541949
2572934
2559403
2468547
2432555
2475746
2555261
2542653
2535937
2545893
2434903
2469604
2481232
2489256
2462874
2530017
2522455
2484138
2487823
2475914
2486441
2496134
2512223
2433139
2375275
2369799
2368376
2364383
2373783
2352236
2364617
2372570
2362437
2376554
2373077
2391521
2523733
2563471
2359154
2390961
2356958
2414584
2424337
2584170
2423996
2406679
2386405
2389551
2380963
2363750
2387686
2346896
2362354
2364837
2404355
2394165
2414391
2390048
2404153
2388746
2410489
2390149
2367236
2416304
2450052
2366633
2413900
2405506
2416733
2417562
2381849
2411834
2434117
2430000
2402082
2386479
2381792
2406720
2418088
2410260
2397092
2395528
2451834
2400260
2408036
2440883
2464726
2432500
2434786
2437364
2434071
2469627
2436474
2457604
2469319
2430460
2435538
2457412
2525441
2675901
2667846
2673934
2580060
2575630
2779665
2421989
2433060
2443195
2508967
3131738
2609744
2436747
2763341
2883852
3054398
2804358
2616503
2611441
2554700
2583459
2649098
2606000
2572101
2631624
2622632
2672248
3090083
2581758
2551941
2486828
2468887
2421928
2419823
2462500
2474308
2461986
2495936
2483668
2412729
2412850
2384153
2472736
2469099
2404162
2418747
2411492
2425145
2440289
2529695
2414735
2486902
2454786
2504575
2523951
2518045
2542356
2518012
2576940
2420343
2425373
2429352
2440234
2435617
2400065
2386300
2391692
2378765
2461070
2468927
2417482
2451373
2439425
2488450
2399938
2385704
2393283
2405477
2385249
2387484
2389642
2373726
2399101
2370826
2388082
2384376
2372993
2371972
2376599
2368467
2406644
2375628
2374682
2382718
2380784
2387048
2370441
2379187
2386523
2362093
2355754
2370463
2363580
2369626
2366426
2359758
2375971
2361220
2396366
2409586
2500862
2559748
2400297
2415679
2466923
2373570
2358687
2356954
2362830
2359301
2466910
2350466
2505870
2427362
2619191
2586727
2374994
2349237
2386800
2365046
2416404
2370764
2344093
2358800
2398271
2576862
2570813
2432867
2372811
2378324
2366967
2418877
2351625
2385210
2378416
2385717
2342004
2616598
2708686
2541530
2383118
2442544
2482551
2502734
2555191
2503195
2531000
2552096
2507462
2540851
2574012
2569187
2560162
2530894
2530928
2472274
2517938
2471324
2369368
2377447
2382501
2437564
2607925
2518782
2492023
2603999
2507355
2362462
2335990
2354698
2359187
2329791
2347587
2358891
2366179
2314941
2390789
2332390
2329488
2340120
2423093
2361084
2324768
2315046
2334958
2382690
2337139
2384608
2536405
2784303
2643270
2516543
2453102
2491340
2393723
2334250
2408853
2325056
2481104
2354651
2370634
2493735
2417100
2441242
2479779
2352961
2463479
2400916
2476795
2335910
2592389
2451143
2558460
2457183
2452484
2582038
2451208
2490196
2421868
2404298
2329989
2369817
2306518
2362746
2563454
2730999
2587995
2401302
2317987
2445822
2376402
2315641
2327037
2336520
2418459
2352826
2391160
2513671
6528039
2512074
2400532
2462762
2351118
2305572
2584013
2444191
2307556
2301995
2297950
2421531
2300431
2356664
2319124
2284678
2294034
2289343
2297569
2330305
2300943
2300354
2294245
2302227
2309747
2295184
2325982
2287238
2286123
2300028
2308773
2300746
2439212
2290186
2311321
2285516
2338232
2323275
2302747
2323067
2303396
2286280
2298022
2292058
2328191
2406959
2275159
2287988
2289358
2281678
2294300
2371148
2322021
2307364
2285756
2290572
2302835
2337903
2311214
2279109
2293483
2288721
2280640
2278512
2366322
2289262
2280394
2285380
2306132
2267264
2293670
2277468
2287551
2272731
2269511
2275001
2283648
2399851
2295907
2269942
2269884
2279476
2268086
2309041
2270808
2264561
2279777
2263900
2269350
2269164
2264919
2279119
2258382
2277735
2279022
2260527
2277220
2283636
2273250
2263799
2257919
2283819
2261007
2279273
2283520
2260473
2272928
2262411
2271759
2287253
2262552
2273512
2261013
2269681
2335073
2262073
2295458
2258349
2305793
2306241
2251613
2282588
2277108
2282653
2275148
2252930
2276520
2255052
2264335
2271621
2268629
2255715
2255104
2269764
2280166
2282092
2298148
2259788
2265965
2268725
2257140
2270149
2241249
2269853
2264317
2252714
2255859
2251398
2266726
2259680
2247205
2262140
2242144
2260698
2256591
2277697
2250083
2246870
2258078
2277255
2258785
2268631
2238493
2253610
2268605
2236969
2265508
2236115
2252346
2255838
2223981
2252051
2243783
2242396
2246913
2235615
2254006
2231305
2241090
2238962
2235624
2276241
2238357
2249741
2239788
2252924
2257490
2245807
2252117
2237525
2247945
2247119
2239710
2232402
2244376
2238137
2250639
2252536
2297165
2292232
2276347
2303485
2273018
2268286
2298474
2278893
2278478
2298882
2271748
2421672
2276614
2284085
2302903
2279391
2296414
2276204
2303393
2291090
2277398
2292335
2269352
2281252
2285405
2268322
2273304
2261642
2278234
2287271
2274900
2280981
2278711
2281220
2281214
2263078
2286116
2269440
2428054
2310562
2279264
2314498
2314694
2259757
2317211
2259526
2289850
2303609
2298944
2284662
2279304
2286831
2323869
2284187
2286735
2311063
2262185
2284729
2260314
2268800
2280093
2268078
2291655
2270119
2324928
2295540
2261392
2294675
2259263
2293442
2286674
2270887
2269634
2273539
2272167
2264157
2253618
2272465
2253146
2280737
2296344
2267243
2278625
2271931
2317933
2301535
2261454
2321549
2260823
2257740
2316383
2263859
2302719
2320920
2261458
2273484
2261381
2276800
2302474
2253404
2273689
2241170
2271080
2295841
2257560
2298683
2263878
2286299
2287225
2270809
2307947
2288579
2243535
2282276
2251078
2259864
2277220
2247681
2276333
2241964
2265856
2255455
2238503
2273487
2288262
2278281
2273072
2254644
2281786
2236083
3535952
3268857
3217659
3215399
3042695
2447157
2311344
2262352
2272868
2473297
2537565
2401563
2336490
2240760
2268724
2388877
2251169
2284822
2271940
2222240
2290394
2249076
2234595
2319035
2244890
2260598
2263834
2226138
2256294
2238317
2267674
2270598
2237737
2284044
2244000
2289901
2655429
2245896
2291116
2297854
2237279
2288541
2283483
2282216
2258027
2241952
2262402
2262650
2293131
2257765
2227978
2268404
2221396
2244481
2257286
2220487
2242417
2215214
2268129
2279906
2246177
2266726
2248891
2268510
2244631
2220458
2235989
2216579
2261133
2239940
2219845
2239402
2225344
2242861
2260427
2228321
2266797
2203859
2241470
2254358
2229461
2293209
2232753
2250659
2373811
2211801
2247187
2237737
2234098
2250005
2492615
2246861
2261323
2247169
2270911
2233576
2257503
2253089
2217390
2251122
2231709
2265635
2275218
2235679
2241921
2230064
2314204
2247492
2220356
2248141
2209578
2222560
2241779
2220844
2219180
2202965
2221662
2210874
2208173
2222607
2273070
2291828
2270261
2200466
2221337
2194273
2279037
2248713
2189587
2219610
2203969
2217235
2252306
2595901
2258109
2648321
3495408
3502443
2681645
2208385
2254752
2245663
2255167
2970238
2219328
2239174
2277218
2255348
2255980
2270839
2290830
2252264
2208101
2232743
2206310
2692751
2708894
2234529
2277044
2324100
2222967
2241315
2223053
2230744
2259567
2213560
2250886
2216176
2248886
2265601
2212925
2257049
2207042
2274431
2250110
2214139
2339854
2275953
2239184
2313622
2227601
2270415
2234837
2193697
2229242
2286800
2230087
2213261
2336645
2568887
2660612
2221363
2295626
2245363
2283712
2225120
2238588
2283020
2210809
2271544
2204206
2201793
2212925
2239180
2251010
2220110
2254765
2249821
2212660
2229691
2212275
2243561
2228222
2222094
2256597
2198044
2228226
2224640
2205587
2217057
2212231
2236116
2217726
2136992
2153499
2142712
2151877
2143759
2179375
2184373
2159528
2226707
2236570
2179286
2158108
2179983
2207750
2152530
2166878
2150139
2190969
2228132
2159717
2178060
2221602
2206513
2185708
2182311
2257269
2227804
2245151
2246735
2153191
2206965
2156039
2212192
2146685
2209847
2200558
2138001
2178410
2198417
2185266
2232944
2151123
2267890
2512371
2238057
2263423
2291499
2198510
2330444
2153061
2344279
2300737
2157737
2331214
2231811
2342171
2347373
2235088
2331933
2161915
2328976
2311203
2290479
2320151
2290834
2256422
2403245
2423869
2276630
2216476
2209229
2207504
2269325
2230701
2193784
2133212
2153087
2153779
2148746
2133201
2180089
2188033
2140170
2165456
2130596
2159725
2202086
2121676
2194698
2124002
2143431
2112597
2151919
2181907
2140487
2184858
2148636
2858122
2138819
2174346
2179388
2132739
2168244
2394377
2417884
2150143
2128500
2139479
2265204
2109968
2150170
2137119
2135932
2159820
2160516
2173702
2113940
2189487
2117587
2260704
2243464
2177694
2162844
2127220
2143843
2146750
2153736
2159787
2134501
2183804
2152702
2161547
2126634
2206768
2166434
2109052
2165561
2136432
2119753
2134080
2149127
2128912
2108872
2165679
2096006
2157121
2122508
2143356
2126333
2102910
2106526
2112188
2131050
2090252
2114758
2093111
2121584
2162734
2127169
2633774
2089282
2142589
2117077
2086100
2108135
2095291
2099195
2090611
2105263
2101450
2115040
2108510
2082648
2104402
2191473
2125666
2108233
2100784
2103896
2074373
2095377
2089145
2113382
2105388
2081027
2096179
2085892
2124350
2072065
2098846
2101004
2113656
2093196
2082890
2079368
2074160
2097840
2071924
2087825
2080302
2088181
2097832
2075406
2080519
2068651
2130653
2063918
2079081
2070961
2098686
2087119
2071503
2072460
2083742
2081442
2062716
2075210
2082425
2099011
2065171
2077387
2077781
2063942
2072231
2065338
2072931
2076425
2075001
2064804
2071277
2071452
2068248
2086221
2086249
2078311
2065235
2067209
2096324
2075465
2064506
2068359
2082837
2064959
2074589
2079318
2081356
2057308
2066975
2058415
2003532
2074530
2118801
2804803
2667153
2699084
2296597
2053162
2050729
2074764
2048092
2070406
2048265
2120079
2063409
2058970
2050778
2062399
2066947
2048768
2146718
2055766
2069825
2066977
2065001
2064320
2066047
2055691
2078097
2084516
2046000
2069640
2116382
2093820
2042613
2071712
2175731
2047155
4880990
2347449
2065105
2045146
2055534
2047744
2144729
2047976
2184245
2092638
2072455
2083924
2038888
2077380
2035196
2179725
2034756
2056449
2088354
2037697
2048412
2034856
2113003
2027397
2055882
2048648
2049798
2035607
2042108
2198020
2036970
2050926
2026782
2064832
2029080
2049472
2057286
2043413
2037468
2051906
2035930
2031098
2036060
2061582
2079904
2025596
2103616
2047576
2055604
2036214
2028790
2042782
2034412
2046579
2033544
2036626
2036285
2046744
2035125
2043638
2026429
2044010
2042951
2021673
2031768
2016286
2027611
2026156
2050205
2017260
2041117
2028585
2032189
2026477
2026689
2050343
2023544
2045129
2041219
2114000
2025384
2126812
2025316
2063149
2062545
2029907
2050028
2091071
2051561
2025889
2034284
2023157
2041031
2037549
2056486
2012449
2022670
2036492
2025489
2047376
2118351
2036025
2017705
2037089
2045459
2021241
2013047
2017309
2038052
2009704
2032794
2034158
2028326
2021197
2059603
2071224
2032470
2017608
2018103
2054237
2009355
2043579
2112023
2044497
2024623
2026612
2004714
2021775
2009835
2037074
2009092
2003709
2006315
1995727
2020437
2017243
2033541
2010339
2012123
2009183
2076110
2038364
2005164
2059115
2004317
2008775
2000329
2007180
2014127
2004275
2033047
1991515
1989026
2009099
2004903
1992363
2007540
2003089
2033648
1994483
2004537
1985240
2017912
1985984
2001269
2440283
2529523
2975625
2154390
1994473
1999889
2004778
2108524
1990122
1997903
1992984
1994918
1988266
2059892
2043063
2024980
2146178
1991885
1999790
1988096
2020796
1985162
2014575
3105267
1987409
1997907
1974586
2004933
1986891
2000044
1985214
2014641
1982245
2007141
1981697
1992907
1984566
1991580
1999852
1978436
1987151
1979140
1985961
1977632
1991518
1951278
1986732
1992077
2000542
1981974
1997988
1971595
2020896
1994950
1970925
1989007
1980723
1990734
1980874
1985047
1973879
2002577
1970697
1985713
1969457
1973957
1974983
1972018
1961415
2039406
1987993
1966996
1971659
1956251
1975561
1969403
1974827
1960838
1973551
1956116
1983639
1965135
1970904
1963512
1964114
1967255
1977981
1951960
1974424
2006799
1958062
1988025
1964990
2132769
1959953
1970416
1970184
1972641
1975491
1966641
1979104
1961831
2027612
1973226
1972286
1961687
1990054
1958261
1969798
1966810
1972631
1963197
1958847
1966878
1962451
1955726
1964355
1958146
1956287
1962379
1946702
1963591
1950258
1977958
1952481
1961230
1955496
1959798
1953127
1969837
1953353
1955115
1950680
1953412
1952539
1960795
1942712
1962625
1945263
2050374
1960659
1944913
1953901
1954618
1951125
1947811
1950736
1943760
1985575
1937958
1957867
1944352
1948047
1945364
1951151
1937399
1964267
1937482
1958217
1940684
1943027
1938082
1946226
1937845
1951414
2017877
1940972
1952798
1944717
1922336
1934856
1947590
1935733
1951694
1934983
1951570
1929327
1942014
1936047
1946995
1955810
1960289
1948197
1963365
1937262
1971567
1939336
1956252
1944077
1953106
1952499
1946089
1973649
1947809
1953148
1945269
1953116
1942318
1980272
1960279
1957267
1942354
1949596
1934798
1951611
1937351
1953468
1942209
1956610
1946946
1950549
1936993
1951016
1937392
1982363
1952500
1929579
1951026
2610282
1947805
1993886
1943751
1947899
1930591
1953157
1928906
1949822
1932036
1948444
1935388
1950044
1929552
1945770
1933435
1937086
1947720
1938699
1934358
1941711
1929859
1950283
1941295
1939554
1932480
1932152
1928583
1922673
1942989
1925101
1929990
1931401
1940322
1926877
1946596
1926972
1935838
1926724
1933398
1925715
1939836
1914405
1939554
1919472
1997258
1923127
1949144
1924135
2199669
1921468
1940133
1927294
1943309
1927539
1923244
1934165
1928517
1941515
1924695
1930331
1924063
1931540
1925731
1950992
1916824
1932007
1921807
1929110
1921022
1932591
1920754
1935613
1921544
1950019
1919680
1926383
1925804
1935510
1921631
1938568
2021646
1937155
1919803
1921347
1919437
1965816
1931011
1927684
1929639
1918613
1923766
1943357
1902458
1920034
1930710
1918517
1929939
1945111
1942658
1910898
1928072
1913242
1933420
1916087
1931184
1920035
1919752
1911578
1916010
1908479
1934022
1914905
1919656
1910583
1942656
1941978
1925394
1922800
1904782
1918076
1900368
1924480
1913110
1911591
1906772
1931586
1902139
1918331
1890047
1910742
1898462
1910815
1900533
1910275
1899319
1905517
1894870
1901776
1888853
1910632
1892174
1904681
1893349
1966267
1903405
1921056
1892354
1906926
1890372
1890807
1904676
1888983
1889721
1889881
1902277
1888798
1901256
1895452
1936507
1881729
1926606
1891620
1909544
1884831
1909749
1883693
1894424
1890673
1894820
2272596
1916663
1887577
1913718
1892086
1894334
1899954
1867830
1933431
1907011
1882093
1891701
1884635
1890410
1896930
1896728
1909273
1909723
1878516
1913631
1879732
1892149
1886059
1897956
1890341
1893368
1887072
1891919
1906840
1892904
1878066
1897067
1886515
1893048
1882029
1881768
1880010
1879327
1881542
1894690
1878670
1873586
1876593
1880229
1884758
1896089
1888025
1875082
1893771
1846672
1722655
1879835
1875421
1876698
1892394
1928896
1912944
1862111
1876003
1884167
1850219
1863263
1912404
1881192
1880283
1881097
1904568
1909697
1885882
1870095
1912474
1892243
1896071
1755056
1958511
1893816
1890751
1895516
1891127
1865926
1886727
1870290
1875999
1874555
1885661
1896132
1878138
1864597
1882430
1862832
1896973
1870375
1873656
1882276
1879390
1889792
1891709
1861716
1887634
1866207
1882964
1879426
1874254
1868447
1867142
1873252
1871129
1858660
1876072
1856454
1875725
1887231
1877355
1876755
1876754
1881060
1896240
1869666
1916658
1865880
1884121
1867391
1876209
1867043
1903941
2737697
1990360
1889757
1865983
1880229
1871134
1893696
1868154
1877757
1869897
1881197
1863570
1876775
1862946
1876093
1872427
1869459
1865496
1871459
1868078
1893023
1866639
1966958
1862528
1877138
1868728
1874713
1867814
1871192
1860948
1881797
1950356
1896841
1856145
1872286
1859919
1880291
1876304
1864894
1861659
1870063
1851779
1867829
1858251
1868677
1912285
1867757
1859366
1877761
1849140
1943308
1861265
2187130
1931313
1916030
2018751
1871354
1873362
1946997
1950012
1850965
1938991
1865903
1880030
1889339
1868888
1886990
1911299
1923144
1959525
1867193
1948615
1912455
1930273
1955441
1895081
1888440
1890226
1909182
1920884
1901874
2012474
1885715
1897478
1886377
1993555
1903714
1928976
1961567
1899379
1905441
1910299
1941533
1883028
1932917
1942514
1912580
1906845
1895965
1911371
1894820
1883236
1894323
1881194
1899685
1932684
1892353
1921037
1921121
1888220
1912284
1874329
1938353
2302953
3224528
2873273
2901775
2836790
2805066
2393339
1917262
2543303
2779895
1892721
1890565
1923657
1867318
1909578
1865462
1877061
1862295
1871304
1867539
2244111
1887402
1884550
2507278
2133555
2144606
2606986
3325087
2582968
2762546
2627575
2503972
2670187
2531743
2017151
2869752
2435127
2683143
2549910
2748070
1898842
2012937
2713700
2496024
2627747
2540124
2590648
2680464
1915816
1873058
1870255
1865924
1862358
1884049
1849224
1874902
1879230
1884161
1876455
1887801
1863521
1862878
1870684
1864615
1846930
1863025
1849513
1852444
1864979
1885104
1817231
1896250
1851687
1860530
1849125
1870595
1868613
1838414
1874742
1857167
1910797
1915067
1899936
1932779
1923747
1915936
1915628
1912922
1902161
1913603
1911812
1904104
1932522
1908858
1926174
1904064
1937140
1913355
1922250
1902119
1905515
1899669
1920515
1912351
1915460
1894217
1937164
1897785
1910653
1937304
1914838
1896395
1931550
1899042
1914309
1900394
1904935
1905738
1903129
1901933
1908209
1891302
1908578
1893117
1999964
1905837
1915257
1902763
1903773
1895792
2185440
1898403
1997755
1910389
1904642
1901611
1894135
1904267
1903944
1899123
1892941
1901353
1897653
1900670
1892517
6000864
2141786
2657359
2029634
1962699
1982894
1948382
1988154
1958852
1974224
2014718
1976693
1917864
1928098
1942255
1951552
1979606
1954137
1995534
1965773
1934983
1965883
1940219
1944685
1979182
1921674
1956059
1925089
1936187
1955335
1963620
1929747
1960876
1919332
1920213
1930941
1940877
1942251
1941911
1942442
1920274
1966039
1948410
1952066
1921574
1959062
1937959
1965848
1966119
1931036
1955412
1975698
1944599
1939770
1948420
1939427
1932963
1927954
1946485
1935289
1932989
1951776
1945756
1943056
1936146
1949716
1951261
1946991
1947416
1932714
1972981
1961456
2015433
1977428
1946868
1929878
1951376
1917663
1914880
1888293
1930293
1906626
1957848
1918103
1969937
1897630
1892773
1889716
1904857
2000323
2053660
1919100
1903543
1942384
1893490
1924011
1917713
1939951
1888725
1932535
1890104
1959779
1891169
1896299
1901956
1896976
1892817
1939208
1937152
1931479
1898166
2041507
1921639
1932860
2029910
1892061
1888280
1885964
2090421
2045835
1958632
1965602
1958913
2115484
1964293
1925079
1965666
1911292
1963867
1915544
1927051
1925339
1993598
2035456
1946009
1924862
2062039
1974113
2059609
1969427
2065800
1922877
1992243
1935687
1942786
2047153
2009244
1985015
2043476
1973057
2057300
1956886
1973988
1899773
1985788
2091456
2011774
1971173
2057099
1949739
1923364
1920771
1914373
1920710
1891663
1943574
1926941
1946977
1894762
1906403
1899225
1910322
1900884
1932002
1896423
1947254
1912613
1947047
2735004
2801571
2653828
2328856
2334688
2288118
2323566
2326260
2322298
2666869
2074516
2167510
2297126
2365380
2400590
2065135
1896216
1959884
2570481
2365295
2362935
2319503
1880779
2059029
2374826
2351539
2018361
2141061
2139500
1924445
2227936
2375708
2369872
2469350
1886606
2401124
1927372
1985040
2192241
2136896
1982926
1883049
1971644
1885869
1908897
1876871
1960961
2420712
2274926
2218490
2181369
2301176
2191774
2205727
2268522
2260757
2205654
2306308
2056788
2040182
1985250
1974973
1936162
1857234
1869372
1857050
1966545
1895307
1833545
1830406
1857197
1853974
1828841
1893674
2008025
2012954
1982830
1995454
1983942
1968450
1978756
1984609
1963080
2004313
1953372
2011780
2002966
2085534
1969099
2062391
2046713
2004289
1952586
2022153
1992261
1996897
1985345
1999416
1998748
2061239
1990657
1961532
1983678
1926245
1960015
1941797
1964499
1930853
1930733
1930883
1981904
1935948
1942545
1908740
1946084
1933765
1918523
1944558
1923993
1961035
1918661
1977727
1917407
1956413
1908886
1937485
1929081
1938797
1919417
1928923
1879830
1896475
1887581
1920358
1876290
1935801
1887412
1940495
1970068
2027103
1903648
1920849
1928788
1929987
1948489
1910108
1942736
1934753
1933764
1959232
1920975
1767965
1791160
1829535
1802380
1810000
1780167
1775249
1778038
1773564
1769509
1778062
1769490
1818335
1822581
1807670
1822682
1802958
1945843
1922025
1934331
1905096
1909198
1906252
1927530
1892628
1883321
1939353
1910407
1882123
1904451
1914706
1912403
1866716
1852959
1769604
1783743
1774816
1797609
1781902
1774754
1777367
1773858
1755695
1775109
1762373
1771828
1772342
1754750
1766394
1759200
1769401
1755234
1784227
1761429
1768900
1768743
1898077
2072704
2079768
2071484
1822042
1760873
1801349
1766027
1801632
1815031
1767282
1775393
1774904
1749874
1777884
1749658
1770817
1753949
1769575
1764657
1768548
1772782
1764747
1757613
1819734
1752854
1747472
1758569
1749523
1758011
1755711
1759592
1756044
1798528
1782594
1775532
1750316
1789602
1783285
1770512
1762439
1769539
1767735
1758861
1754908
1751918
1772485
1757389
1763987
1749604
1757859
1770679
1760156
1754236
1800035
1754384
1756250
1743240
1754486
1741784
1761076
1763657
1769106
1751349
1742824
1767656
1764990
1752070
1776248
1741232
1762153
1799049
1775399
1831961
1789486
1755009
1756818
1754279
1739261
1755345
1738352
1746837
1741071
1750163
1753495
1751972
1759854
1830034
1751255
1748381
1734910
1736834
1733090
1740915
1741919
1760835
1764718
1844430
1773253
1727869
1747510
1733372
1747114
1739875
1753959
1730825
1730596
1728806
1727172
1731180
1722787
1740359
1729034
1739182
1729957
1747670
1734507
1736822
1820758
1761565
1746979
1762386
1740433
1760418
1739807
1739498
1828858
1710221
1836438
1747515
1752814
1716512
1767736
1810057
1781595
1724372
1802647
1712015
1720021
1706635
1735882
1729204
1713270
1686514
1742533
1715483
1714863
1732229
1757676
1682156
1649842
1658693
1660180
1742640
1694933
1725911
1712649
1710076
1710742
1704291
1714635
1701899
1715348
1705052
1715277
1702879
1759847
1715606
1725763
1714027
1700963
1710188
1703599
1734249
1695924
1726822
1700532
1726491
1714411
1702666
1709108
1714140
1699641
1724479
1726546
1690355
1711028
1697344
1764581
1702654
1705426
1699556
1702449
1711332
1716935
1970330
1742158
1711668
1716955
1693784
1700902
1733673
1697292
1732924
1692898
1729593
1687783
1734083
1688903
1721296
1694231
1707062
1694475
1686547
1708677
1686265
1703991
1681149
1699007
1684868
1692342
1686923
1700160
1688194
1681635
1686620
1676134
1710881
1677152
1701163
1675772
1686773
1688985
1700325
1686301
1674897
1681083
1678835
1711956
1731116
1722345
1747879
1712060
1687652
1698087
1684601
1686922
1685956
1672892
1745930
1727121
1741060
1697886
1690871
1690682
1683021
1679344
1684793
1702820
1680329
1683932
1695365
1689421
1670188
1716216
1674389
1674770
1696489
1674996
1679289
1678098
1678289
1698315
1739439
1724736
1715915
1676986
1679372
1668222
1677390
1657150
1669732
1660616
1676728
1659483
1658063
1661364
1662765
1666798
1659143
1664471
1650798
1666272
1659482
1654966
1656628
1661136
1668326
1662806
1662707
1659245
1676349
1669077
1669208
1683796
1649975
1675171
1663247
1664050
1663174
1678449
1674054
1679482
1655831
1664783
1660751
1652751
1659572
1671862
1660321
1651634
1667097
1649792
1662754
1647923
1650184
1668974
1649127
1674775
1664792
1687092
1677541
1664297
1693573
1645082
1670327
1646130
1666594
1647971
1708601
1643992
1671935
1651152
1661347
1674256
1680372
1690058
1663804
1699957
1726471
1710748
1698680
1714576
1730528
1698203
1714835
1661188
1675093
1732375
1786244
1650702
1683680
1706148
1675019
1728679
1694235
1810602
1681636
1679938
1766464
1656507
1644920
1665156
1642966
1647664
1684717
1682709
1652536
1654833
1633482
1654919
1632396
1633668
1689177
1679930
1656750
1643562
1659354
1629032
1665784
1652413
1650745
1646056
1658724
1655950
1637213
1649371
1645949
1659875
1673657
1703451
1761027
1670319
1659973
1661943
1696348
1668834
1672591
1692103
1680451
1712411
1736545
1685760
1711727
1712637
1695658
1702907
1694901
1695603
1703604
1737623
1711106
1726595
1676972
1761221
1673250
1785096
1654649
1659121
1660103
1663777
1651620
1667148
1757209
1666335
1667644
1651463
1656538
1668397
1669221
1690508
1694106
1694412
1702399
1664730
1619378
1674975
1644316
1647011
1675950
1658829
1697804
1726720
1678442
1680950
1688105
1704055
1668712
1674761
1664830
1733775
1657440
1668149
1663135
1658678
1661024
1678114
1660878
1653481
1695053
1634562
1663718
1662884
1666150
1618201
1633230
1639609
1626743
1804001
1739659
1614882
1636163
1542915
1672428
1610932
1629202
1893660
1751028
1647316
1734842
1661555
1621204
1677689
1636423
1730742
2201312
2443869
2404134
2424900
2422827
2396197
2359703
1654283
2176495
1609986
1603934
1645987
1670420
1680001
1680064
1646833
1642934
1659056
1614972
1641030
1656734
1673735
1699255
1633299
1670366
1642933
1630237
1631503
1619707
1628760
1641901
1636671
1660369
1653510
1644877
1644498
1643487
1637372
1629306
1656444
1684273
1687654
1653779
1648743
1623383
1630067
1638443
1661071
1649577
1646725
1713970
1632818
1610672
1602267
1658544
1626389
1622970
1638000
1624884
1644303
1630140
1645834
1633119
1659176
1630727
1650310
1638857
1611307
1639703
1624641
1624471
1640428
1648547
1611560
1622672
1639258
1625609
1631002
1626110
1631670
1631197
1640426
1660760
1623974
1631969
1654024
1650874
1647553
1638829
1635311
1647542
1641772
1643094
1637614
1619107
1630240
1630499
1621596
1618227
1615664
1619112
1619679
1591466
1595555
1678646
1608424
1612948
1608188
1619704
1607537
1618501
1634220
1605091
1622252
1609156
1639815
1632099
1652101
1603445
1610059
1622013
1612286
1594826
1628646
1616888
1628463
1587833
1680349
1682282
1658223
1654862
1685519
1616955
1664296
1648474
1680455
1610127
1643714
1742200
1630033
1640082
1645849
1665095
1633015
1601201
1592377
1614014
1644076
1688481
1694648
1664444
6378109
2464996
3096191
1665600
1679510
1659244
1644515
1642379
1676593
1650443
1624677
1644397
1738307
1628327
1643177
1621520
1682214
1630173
1646860
1624299
1633472
1672668
1634779
1635482
1628669
1665029
1628032
1639970
1630999
1625047
1644382
1633119
1866955
1689277
1643379
1642517
1648765
1658867
1636726
1864129
1667790
1671197
1661044
1623714
1629980
1656251
1628588
1642496
1629157
1660871
1683633
1651594
1633835
1620767
1646939
1642521
1642519
1622804
1652126
1633345
1632348
1754536
1793515
1665110
1646430
1626848
1645518
1657454
1651468
1670055
1613159
1621758
1618728
1645034
1633091
1617750
1666469
1624376
1634118
1620241
1655940
1739284
1691520
1654295
1624818
1647741
1653662
1661860
1677897
1672739
1624069
1685811
1704675
1647644
1762410
1680749
1707042
1650518
1694814
1633466
1651706
1628413
1650759
1763986
1661397
1694755
1660096
1685077
1639824
1708602
1678203
1707867
1678219
1678717
1693103
1683510
1720865
1652402
1670246
1759563
1728735
1682299
1687355
1648840
1675051
1692291
1767863
1677055
1682630
1675265
1670601
1672698
1688566
1683886
1662894
1634044
1702492
1665251
1652231
1680615
1633287
1705719
1683679
1661565
1697172
1637548
1690842
1678622
1700086
1679076
1682870
1649316
1647139
1675799
1643415
1657003
1624471
1608104
1603748
1634228
1653576
1677644
1710974
1661575
1719693
1675783
1637502
1676691
1670943
1723922
1677655
1722305
1691311
1675923
1700141
1726971
1675391
1641752
1643815
1634310
1618944
1620786
1609864
1618791
1662871
1616581
1626361
1628882
1647041
1606977
1618160
1638529
1670726
1687482
1679318
1721796
1634955
1611320
1603876
1696567
1645492
1748492
1629752
1643921
1678791
1686550
1626558
1608478
1645189
1607579
1596894
1604602
1689662
1632549
1648816
1676139
1670346
1678651
1607310
1636408
1660398
1610978
1626047
1657665
1626943
1619456
1655163
1602626
1673123
1620260
1600295
1655368
1649764
1667155
1626508
1644080
1598978
1638402
1606444
1642638
1611102
1590799
1634714
1618175
1619914
1609132
1617639
1604033
1655249
1613059
1600965
1631507
1609796
1649305
1632525
1676086
1612649
1594574
1619214
1618553
1647168
1610397
1647746
1591686
1617493
1589537
1617270
1612527
1598338
1598999
1574565
1704607
1599683
1595579
1577010
1579654
1664077
1584119
1588156
1581946
1599648
1590589
1576884
1612848
1574590
1589138
1573914
1589078
1576476
1576616
1593697
1611374
1584196
1569576
1585152
1576428
1568485
1582146
1590769
1582750
1669774
1591017
1573829
1570777
1589220
1568926
1588200
1568330
1581438
1601763
1574268
1580203
1580617
1576071
1570641
1577555
1572702
1568264
1641218
1570110
1581225
1572306
1584833
1568212
1583551
1570595
1561419
1638645
1562889
1582275
1576472
1576646
1564905
1566767
1581133
1572507
2218794
1574333
1584316
1558624
1607509
1595454
1595049
1604003
1635553
1605095
1706861
1605076
1673564
1604343
1601968
1592319
1604765
1588159
1601521
1589599
1603008
1630759
1597553
1599756
1594645
1601577
1587404
1605192
1588597
1584833
1636089
1596889
1829424
1600361
1606177
1594782
1599726
1589838
1585453
1661466
1585069
1607672
1583986
1605547
1597609
1588735
1597327
1588727
1690047
1591287
1614562
1588883
1597985
1581140
1588363
1594923
1592222
1635644
1608788
1594675
1593943
1581824
1597374
1580902
1602343
1581085
1602117
1584537
1583407
1586597
1583767
1594204
1578501
1590870
1581387
1578114
1599452
1584238
1587952
1588432
1586378
1589835
1584918
1580341
1575506
1587106
1578518
1587529
1578731
1591187
1578203
1580223
1586236
1578147
1588825
1577924
1586933
1596235
1570936
1587323
1580254
1579021
1565373
1579923
1573739
1575520
1578861
1564100
1580651
1561426
1577747
1557698
1567553
1571737
1571817
1570851
1594107
1564079
1559868
1558863
1601796
1602820
1630277
1577822
1599896
1585220
1582104
1587685
1572939
1592956
1551330
1616174
1598584
1560729
1600722
1562047
1565961
1607581
1588622
1571205
1563250
1574934
1555483
1571782
1558034
1566384
1549900
1555846
1559735
1559045
1557710
1553762
1591367
1658981
1587166
1677646
1586628
1589252
1591954
1589192
1582510
1600106
1577159
1625522
1633352
1627353
1665952
1618129
1586074
1556021
1577409
1555709
1565934
1593880
1566297
1567205
1570958
1576292
1583880
1649292
1615669
1557136
1570414
1564417
1581399
1565875
1563077
1584394
1660434
1580142
1562938
1572850
1599425
1579918
1550008
1598451
1572705
1563388
1563132
1566999
1555374
1603211
1594385
1571916
1555073
1565273
1547984
1557748
1559250
1572393
1582533
1555468
1549590
1597948
1527829
1552644
1535908
1546988
1549384
1571576
1556761
1545061
1646685
1629288
1566605
1550700
1567308
1553534
1549485
1569437
1549483
1616634
1905110
1751839
1532486
1537358
1530377
1525650
1644750
1533448
1536881
1529031
1530349
1549511
1536948
1534993
1523755
1539667
1548064
1527544
1558502
1524695
1540125
1529448
1526110
1536567
1515968
1565589
1519227
1534546
1530420
1510819
1525820
1517502
1529068
1513388
1542014
1516025
1509406
1523832
1510431
1530471
1540133
1532456
1516374
1533479
1524716
1518298
1538199
1518725
1512011
1527399
1509240
1525276
1529897
1540322
1507705
1512786
1525013
1521208
1528948
1512879
1512138
1522290
1509496
1525852
1512618
1510115
1505223
1518759
1516271
1508412
1540381
1509461
1655068
1522397
1516996
1522551
1528227
1507572
1506330
1509220
1510204
1551431
1516936
1498143
1511328
1538999
1502650
1514881
1513455
1505033
1528560
1511601
1507589
1516062
1525907
1501860
1508688
1512349
1497650
1512742
1966307
1507695
1524296
1500412
1550487
1507776
1526171
1503129
1502313
1511067
1493692
1510394
1509074
1493637
1513473
1508310
1508427
1495884
1504003
1522784
1518089
1504668
1503615
1513802
1498521
1521182
1494103
1513601
1525031
1488570
1495979
1478057
1476130
1491611
1485739
1487478
1476337
1532448
1499017
1472115
1487715
1482412
1486262
1476503
1481933
1517848
1472003
1594746
1504955
1500245
1513279
1497464
1508472
1493224
1499564
1503216
1534935
1503008
1493915
1508296
1538535
1489300
1519588
1491811
1509403
1489308
1684890
1506171
1595822
1595510
1580145
1610424
1596793
1586863
1594703
1591114
1593055
1589534
1604643
1584338
1591590
1599924
1585418
1597662
1602673
1595615
1581793
1589287
1599020
1588219
1601994
1583899
1593246
1587828
1592636
1585348
1586171
1597702
1576649
1586600
1579337
1585780
1576353
1585909
1615216
1578599
1592346
1583945
1594848
1578096
1607319
1589245
1593647
1586440
1582519
1585984
1576396
1594311
1614420
1574811
1614303
1582968
1583623
1580548
1592539
1650193
1606026
1603065
1634579
1725950
1638743
1720535
1626842
1645801
1667792
1644636
1693192
1648578
1704261
1767486
1763691
1936040
1749060
1695941
1720912
1708312
1683844
1654151
1611094
1657671
1669534
1676978
1630958
1681117
1620344
1642990
1598324
1629467
1634330
1680378
1619666
1648062
1679670
1620159
1651972
1599604
1644730
1677752
1652495
1697984
1625332
1650171
1655226
1674368
1611042
1654453
1663604
1632986
1619530
1607531
1607852
1589927
1607810
1602223
1626964
1596381
1615993
1626373
1593967
1622107
1595839
1606730
1590588
1609951
1596644
1584221
1722230
1584619
1774100
1733831
1662385
1649490
1654520
1587770
1680805
1589633
1702825
1645999
1728426
1673900
1723977
1658631
1657272
1679860
1673131
1701911
1671493
1661861
1576107
1590492
1574105
1579001
1594871
1577676
1589117
1595370
1584419
1578835
1568051
1607641
1568315
1584144
1575004
1667311
1635945
1634378
1618774
1609898
1658706
1611464
1638455
1599058
1604409
1632606
1635946
1581162
1670994
1642535
1655298
1730897
1693767
1714749
1639452
1645521
1620512
1629887
1912921
1662863
1674539
1669505
1688802
1620052
1619675
1595976
1619368
1593895
1596979
1607801
1661803
1623023
1595736
1622047
1586410
1581852
1594665
1574810
1588345
1573710
1590318
1588604
1593538
1563719
1581661
1585316
1586398
1636576
1575048
1608776
1575658
1610782
1577472
1565917
1572708
1603420
1621242
1638023
1591324
1574739
1566637
1591881
1618056
1600848
1706360
1609366
1580214
1568089
1572360
1543915
1601175
1552481
1596531
1572180
1605965
1553200
1573658
1587685
1562873
1607439
1622297
1663351
1647545
1637351
1595818
1592793
1592047
1581295
1593351
1593732
1568740
1773337
1557134
1647137
1575176
2103291
1578090
1579133
1575946
1593388
1558229
1571162
1585905
1554421
1590784
1565855
1583001
1552789
1590299
1562157
1594143
1564817
1573242
1560618
1599362
1551272
1626986
1554054
1629197
1554241
1567260
1567206
1553261
1557199
1554954
1582597
1556165
1584046
1563562
1550794
1576541
1554143
1563930
1550790
1544521
1526563
1572187
1530705
1520935
1547991
1520929
1539018
1522633
1529894
1532063
1574076
1534579
1526099
1536701
1523802
1518231
1543410
1523057
1559493
1517882
1553321
1537973
1548712
1530702
1525167
1521297
1530335
1524918
1567376
1517993
1535261
1511437
1519793
1526744
1522281
1524892
1543447
1512300
1533233
1513506
1553026
1511633
1525832
1510830
1519684
1538258
1516919
1546272
1517662
1508869
1514818
1506431
1529512
1510809
1527816
1574353
1509259
1524615
1636957
1583608
1606665
1597958
1584119
1563072
1602806
1530507
1597224
1539228
1591222
1643814
1545166
1619034
1591443
1575427
1585308
1556822
1564456
1497424
1543820
1520209
1507988
1498915
1508802
1496237
1550810
1492483
1486125
1602335
1487504
1502640
1483183
1487757
5352639
1490633
1500001
1492013
1592468
1512028
1481585
1512522
1479806
1484567
1482711
1490163
1495672
1486739
1500266
1486549
1480389
1500474
1483523
1504837
1481480
1507008
1495091
1490750
1498849
1494731
1500104
1506685
1514150
1521815
1504189
1486978
1512108
1506461
1486366
1524200
1518724
1498498
1488437
1509324
1491005
1527205
1496232
1511101
1509839
1508865
1510990
1508900
1501331
1499882
1515233
1526770
1508871
1485038
1533042
1481446
1514719
1491597
1711504
1554464
1581816
1570843
1556502
1557632
1542316
1576260
1523950
1535940
1536983
1519912
1533904
1541274
1512882
1534184
1583624
1510549
1515103
1522926
1517332
1505102
1528427
1536092
1536990
1510660
1499797
1540916
1488969
1515305
1515513
1522721
1494622
1548376
1526583
1573589
1515002
1531361
1498237
1503474
1490926
1502885
1516578
1499512
1577996
1920985
1465721
1577416
1483629
1485017
1471918
1481160
1607900
1477708
1463033
1537805
1477873
1483130
1460350
1465392
1499537
1465022
1476841
1465586
1457815
1492116
1461593
1492342
1469889
1481112
1473855
1458048
1472959
1462784
1464191
1540074
1464253
1467184
1454514
1472691
1504117
1605836
1471955
1458257
1456592
1465486
1460804
1457429
1461926
1458034
1465239
1450149
1471297
1457643
1507629
1454494
1453124
1467602
1450081
1463623
1454106
1465913
1462641
1449242
1499351
1452586
1452914
1463426
1448230
1464225
1464533
1452747
1459382
1495691
1504937
1738724
1608821
1487826
1444770
1461293
1445586
1458036
1448133
1491220
1464690
1452311
1456292
1453425
1444543
1458452
1460218
1461529
1443442
1481115
1452178
1448786
1446171
1441397
1468516
1467285
1448650
1436461
1464342
1435743
1456474
1437339
1441152
1447391
1443854
1441063
1443076
1437042
1488450
1467872
1491623
1446028
1437623
1451775
1438190
1441198
1438610
1442839
1481143
1445321
1454898
1443830
1436113
1451601
1436808
1450197
1450063
1444169
1478137
1440429
1465104
1570369
1582153
1994342
2106899
1565420
1974546
2139435
1977802
1982920
1991957
2034314
2040859
1835466
1493392
1551688
2068347
1845474
1434943
1535220
1448125
1542904
2022249
2028148
1550381
1435169
1427446
1470047
1479819
1451794
1458269
1465184
1565631
1452640
1448829
1447613
1428902
1503038
1426821
1553671
1428217
1493897
1430673
1874144
1526588
1906048
2197330
2159764
2173446
2157375
2001322
1472898
1443606
1450140
1645492
1461707
1450499
1441745
1471184
1598440
1456597
1443003
1441776
1429666
2011672
1663986
1434853
1462568
1444660
1491837
1586437
1502889
1476681
1486607
1469538
1485887
1606288
1476362
1515151
1516964
1541920
1499346
1581570
1508834
1496641
1519830
1529599
1498796
1611872
1512280
1493510
1506470
1492936
1513737
1504910
1591314
1523863
1539834
1562098
1512895
1485843
1486113
1492748
1561019
1486541
1493959
1500442
1488310
1520487
1479141
1565028
1578935
1517619
1544114
1512513
1540652
1498969
1517304
1525792
1486767
1512942
1486052
1483326
1511267
1484056
1526940
1514200
1539412
1530011
1516477
1498524
1479864
1560664
1547240
1531259
1554416
1559803
1494165
1617242
1589062
1598991
1516269
1531333
1538330
1563054
1586082
1545843
1542193
1543652
1563777
1535742
1508589
1542785
1490367
1531680
1508778
1495646
1490572
1570446
1514483
1529414
1525942
1529708
1496287
1586299
2074478
2093983
2129738
1674746
1482435
1536262
1475868
1578970
1531100
1508132
1484608
2222439
2227539
2031941
1493930
1526652
1458126
1479303
1460525
1474929
1455215
1463477
1466188
1583395
1911864
2201613
2179452
2204400
2196162
2161189
1914236
2072015
1467336
1481315
1463936
1455096
1473841
1453585
1466717
1458592
1566212
1478617
1458583
1975215
2088589
2185968
1454078
1607617
1455142
1473512
1458552
1449105
1463574
1445812
1456451
1452180
1460346
1525496
1458228
1453739
1451451
1445626
1464085
1443965
1455216
1445898
1480380
1457026
1466018
1454496
1454180
1444931
1462376
1449603
1456783
1448525
1478233
1487856
1443331
1452612
1448526
1449649
1448184
1446092
1448873
1443918
1451213
1455767
1437402
1469314
1439649
1442109
1448984
1440749
1451285
1441257
1449979
1460971
1440268
1510798
1443336
1438958
1470969
1439595
1452568
1435436
1452360
1446452
1438192
1434045
1444213
1434979
1452553
1440832
1437421
1431448
1437326
1445478
1436710
1439324
1440933
1438592
1440089
1446692
1433745
1466050
1433057
1452355
1427791
1450275
1436124
1436083
1436162
1429988
1434925
1465745
1430084
1449103
1432053
1435744
1424989
1419955
1428728
1415413
1423923
1515481
1423739
1437087
1418043
1421036
1445389
1411076
1428818
1430925
1410422
1523227
1412835
1433655
1418603
1410288
1426753
1413085
1427015
1418640
1411634
1478029
1407981
1418336
1421477
1417532
1422306
1411929
1406294
1423659
1407643
1423976
1419539
1407650
1430190
1407268
1423220
1412273
1417716
1418343
1415907
1420162
1441925
1408322
1431185
1422368
1405698
1479051
1399841
1423660
1401268
1431128
1414175
1406357
1410639
1401385
1766314
3328820
3357417
3340089
3330259
3296742
3372990
3512976
3362907
3446692
3466189
3788795
3486775
3339426
3321149
3777677
3330692
3305606
3333806
3300352
3437707
3898125
3342546
3288985
3444758
3350826
3356456
3356149
3433982
3280812
3292885
3280818
3278611
3298305
3482819
3561730
3479542
3427358
3463058
3432851
3275152
3283515
3544173
3537313
3524319
3444974
3447888
3371756
3376104
3952007
3696986
3284432
3276911
3352980
3306109
3262985
3271461
3329346
3261888
3266865
3293552
3289102
3317166
3331219
3294206
3326862
3271695
3519503
3465699
3367780
3365824
3341875
3400868
3401444
3386483
3357019
3254145
3299356
3335723
3347000
3352220
3267791
3348400
3302509
3290539
3329767
3297059
3238288
3274488
3255018
3254084
3250691
3259441
3242134
3251058
3367043
3224311
3238000
3243291
3251268
3247178
3240271
3319666
3278292
3316190
3240418
3390967
3301252
3368140
3436261
3348773
3347953
3344759
3647295
3345849
3356750
3377494
3428135
3347363
3300822
3333092
3320393
3343483
3455196
3262234
3313942
3342977
3349940
3353286
3335450
3320889
3311872
3340580
3293419
3361160
3314253
1840364
1347371
1329142
1364990
1330697
1330712
1358708
1351906
1365640
1343944
1353782
1354822
1343666
1445115
1383221
1356185
1362232
1419066
1352091
1381636
1354026
1367490
1446997
1314633
1354955
1310944
1328934
1410991
1330089
1311948
1352315
1314074
1320229
1973130
1705486
1314028
1323192
1346741
1323740
1315826
1348402
1314941
1310959
1339043
1314153
1314516
1285167
1289629
1320706
1285104
1289368
1474980
1290851
1280601
1345816
1282207
1315559
1643536
1280144
1310688
1282194
1291894
1294882
1296997
1275074
1295425
1279346
1299817
1285599
1278184
1299606
1277360
1285411
1289233
1284523
1285903
1302640
1285242
1295462
1281932
1279997
1332581
1276144
1275834
1280508
1276566
1301951
1279896
1289295
1314977
1280106
1284307
1300186
1298440
1280202
1313367
1280034
1279846
1297392
1277507
1301729
1279688
1316719
1312920
1280589
1276677
1366279
1277445
1289064
1323664
1278287
1275223
1290414
1632371
1463930
1444516
1288754
1323868
1283487
1299866
1283549
1276487
1294796
1332667
1408485
1344276
1275053
1284023
1298384
1280253
1341552
1274347
1279995
1287232
1288127
1273236
1304230
1284948
1276696
1296971
1274061
1292799
1292228
1275972
1277003
1292040
1328570
1308836
1312321
1304189
1313068
1298305
1312394
1318741
1297447
1280944
1280725
1293185
1287726
1266150
1266957
1268168
1264365
1273338
1267925
1263199
1264310
1276194
1261118
1262061
1279530
1281105
1292991
1271218
1260027
1258710
1269981
1253307
1263687
1286453
1258137
1289176
1258128
1264619
1275526
1256975
1268751
1272581
1294873
1265349
1294191
1255069
1255223
1335766
1259580
1264227
1271254
1257027
1276637
1256312
1346439
1273014
1264489
1256161
1271003
1262738
1255263
1271215
1276750
1280051
1292004
1299809
1301852
1270882
1288227
1272080
1258957
1257326
1277019
1262068
1265926
1279716
1374484
1293651
1269541
1269401
1280309
1300249
1267379
1277385
1269063
1259474
1277263
1273113
1260744
1297177
1256246
1273308
1254821
1252536
1279387
1252080
1265620
1264646
1259777
1263418
1260853
1255264
1246650
1266718
1253330
1246383
1261100
1246791
1271570
1289330
1251148
1244792
1259598
1260085
1248638
1244333
1240984
1266342
1272940
1262420
1282490
1235450
1244511
1252123
1258132
1242146
1251828
1243853
1230342
1238774
1275948
1230445
1289405
1235408
1230701
1259936
1232094
1237972
1253914
1234599
1233016
1228851
1238070
1327993
1237873
1228291
1257784
1233846
1227021
1243603
1224884
1232594
2115639
1750812
1291988
1238093
1224522
1239877
1221447
1223965
1242855
1222253
1238929
1249005
1252981
1279624
1222992
1236166
1241035
1223865
1229325
1235480
1226895
1222340
1256615
1226425
1330953
1245610
1220303
1223567
1229711
1219938
1217876
1227137
1218033
1212900
1274264
1279963
1216604
1277725
1216229
1216206
1226833
1214605
1229145
1225272
1231470
1278270
1214428
1241608
1214505
1221487
1213746
1342755
1218074
1213102
5352472
1507292
1216478
1256620
1209928
1224563
1453073
1389397
1232342
1220721
1382931
1331848
1225197
1215075
1267815
1214073
1247304
1230077
1221172
1215254
1237910
1250606
1217410
1628292
1214254
1254211
1215050
1223169
1234274
1216444
1219141
1233983
1220891
1218305
1278023
1307625
1238842
1307096
1312247
1292973
1258467
1241944
1398470
1346071
1389567
1683484
1443507
1466841
1465663
1370452
1264849
1256694
1258872
1266998
1235595
1456334
1257399
1270981
1246710
1236299
1238353
1278809
1242828
1235499
1728930
1270191
1396609
1232275
1246666
1242422
1224042
1272182
1243945
1226979
1215796
1233009
1215280
1599961
1242984
1210770
1213941
1260584
1215135
1216448
1243826
1203979
1214912
1221601
1258349
1207185
1255515
1223091
1229728
1222246
1201155
1223564
1201505
1207612
1218409
1205772
1288110
1218265
1197108
1206860
1213865
1206846
1202722
1224042
1206849
1201212
1233196
1246944
1282524
1275265
1354607
1262847
1245320
1238630
1279544
1321469
1275649
1273992
1355544
1250309
1282423
1244840
1255981
1292715
1234231
1247066
1309478
1250822
1264503
1253757
1215018
1282475
1228384
1192878
1222488
1228590
1200353
1235609
1201196
1209585
1349264
1245166
1211007
1283932
1208690
1191037
1227649
1207725
1189332
1245838
1188371
1197323
1189490
1205964
1191869
1190330
1190489
1186620
1191516
1188858
1186056
1199879
1185505
1223753
1185250
1186236
1189556
1198135
1192977
1192403
1197322
1188538
1182130
1195366
1183849
1199161
1203292
1181675
1214892
1207497
1182643
1189801
1256295
1178302
1186034
1212720
1183024
1232836
1196385
1188801
1181338
1197781
1203850
1191031
1247256
1200166
1187885
1220733
1204260
1186956
1190840
1230215
1200624
1195292
1171340
1188490
1196900
1184054
1179453
1196899
1184700
1187461
1222879
1215406
1243262
1253945
1186209
1177370
1262414
1299571
1292887
1242538
1180777
1197158
1177939
1193780
1195136
1180282
1178602
1197451
1188632
1185252
1197359
1178598
1178653
1183444
1203175
1204942
1192367
1176404
1173207
1181037
1176943
1178857
1184630
1182990
1177354
1174751
1188318
1174321
1173221
1201326
1204888
1171654
1195610
1171969
1214979
1183603
1215382
1188661
1174141
1178474
1184615
1180030
1170859
1185820
1212016
1170023
1189994
1176281
1172921
1181412
1171934
1178026
1186717
1172605
1175740
1190985
1177285
1170631
1291484
1322473
1226088
1378003
1273255
1342320
1266191
1244450
1203750
1256426
1179195
1201631
1239935
1168849
1168060
1195462
1179604
1170260
1183721
1186823
1194061
1178816
1224692
1238614
1300329
1287645
1265586
1357923
1263301
1281667
1256526
1245361
1299441
1279969
1241189
1316123
1252980
1279046
1274155
1263748
1270394
1294284
1220061
1225090
1290806
1255762
1277921
1248725
1262071
1268107
1253225
1234054
1282336
1192507
1194352
1223007
1194557
1199472
1203702
1195753
1223716
1192956
1176876
1181849
1189958
1173627
1183333
1187061
1176939
1180178
1185615
1183575
1289834
1198150
1197463
1178746
1191323
1184573
1172773
1184892
1172113
1175479
1181327
1171724
1185033
1186382
1206577
1177996
1224573
1216064
1189827
1195542
1183331
1199446
1189909
1206093
1219755
1198610
1216246
1212200
1209497
1201837
1198506
1218943
1198647
1193286
1240347
1192019
1178219
1184513
1171158
1194027
1295044
1170069
1174539
1180654
1194685
1169377
1182583
1194350
1172814
1212224
1515556
1351216
1170600
1160280
1198162
1167917
1177347
1226931
1222110
1220896
1232636
1224808
1260657
1235679
1257540
1236183
1252775
1229524
1237638
1222147
1228337
1239926
1204732
1211036
1181269
1197542
1172473
1236083
1282639
1199692
1298202
1248611
1200971
1202457
1216629
1196856
1177125
1180370
1186434
1181061
1189517
1179696
1174751
1212744
1182521
1164344
1165752
1179757
1177335
1169956
1132360
1155635
1205189
1165794
1161714
1238952
1193117
1181346
1170275
1178153
1179333
1192468
1167485
1164544
1186518
1165455
1158141
1190748
1183587
1170336
1203199
1181610
1168616
1226881
1183654
1207365
1204164
1190331
1174321
1182352
1193517
1173601
1267617
1196905
1195697
1235206
1198478
1192184
1212274
1188033
1183738
1256577
1169582
1172886
1174700
1169109
1182126
1226033
1199296
1153336
1181743
1165525
1165166
1178532
1147210
1146024
1154957
1144796
1175245
1378605
1391722
1299047
1141064
1175625
1285011
1147447
1140555
1143089
1139109
1138506
1141602
1187064
1149613
1164751
1181924
1140176
1145426
1160915
1142553
1144658
1147949
1146295
1141394
1192323
1142196
1163026
1149940
1143055
1149554
1150616
1139721
1143294
1149221
1145723
1135645
1161694
1140928
1133521
1175776
1151460
1140077
1133743
1143294
1138601
1139143
1143710
1141176
1184786
1152177
1141860
1134884
1146631
1167537
1135891
1151723
1137938
1131561
1143927
1135463
1176456
1137636
1128644
1134958
1169584
1178013
1164579
1166205
1181144
1172714
1162015
1178860
1163660
1167269
1170089
1166253
1168176
1170739
1187664
1167672
1174538
1172356
1167998
1177002
1167081
1164803
1179109
1164496
1167824
1173044
1161193
1175381
1172339
1167131
1170154
1171203
1168029
1160439
1173839
1165045
1159574
1158930
1168788
1160824
1162130
1166879
1164778
1166442
1167983
1163743
1160661
1168218
1157233
1161020
1170820
1165542
1159658
1188567
1158151
1161558
1165826
1161051
1300005
1192169
1164653
1204918
1162727
1155732
1233111
1264961
1193795
1460914
1176645
1207718
1231026
1162820
1211903
1204460
1178386
1250221
1176641
1242959
1158662
1307629
1247106
1223103
1240881
1163271
1222025
1196273
1177225
1213638
1189082
1198433
1205373
1195990
1265170
1245488
1251138
1206885
1286420
1299800
1203110
1277888
1211015
1226618
1235561
1199240
1238682
1305663
1205816
1197986
1384926
1210391
1219835
1236206
1205362
1202795
1209277
1226808
1213343
1212325
1208204
1229036
1235571
1222413
1270104
1210097
1235112
1196002
1234989
1206434
1196644
1228932
1197317
1256651
1209632
1271899
1194287
1367794
1202419
1298601
1282321
1193920
1278272
1194052
1260518
1220766
1212812
1272690
1274949
1198590
1238531
1219765
1217848
1744313
2956563
3107839
3237517
4554421
3061144
3284971
3205417
3864136
3078162
3279798
3353383
3163796
3195923
3950237
3394284
3125382
3893369
4423589
4029595
4054266
3559920
3221311
3374377
3011300
4061712
4336224
4082696
3488329
2923555
2919972
3242254
3596347
2947376
2901785
2868988
2914425
2888462
2880299
2894528
2875734
2927413
2897966
2951919
2952936
2979269
2924536
2936722
2987780
2937549
3037537
2945379
2929216
2896114
3011603
2901759
2889765
2876675
2886508
2967623
2888915
2862237
2865528
2887857
3038001
2991916
2870055
2962153
2977929
3128215
3139922
3886769
2900718
2974310
2866098
2883882
2921212
2928672
2962533
2947066
2984677
2939012
3058499
3038131
3012461
2998436
3050811
2952829
3024601
3041204
3031130
2943099
3049001
3028448
3081831
3090202
3032504
3067061
3019800
3030530
3040134
2991117
3088075
3148672
3016187
3195826
3154103
3578008
3344697
3201697
3079902
3361486
3192260
3167406
3260522
3177510
3097638
3022917
3006911
2990440
2981576
2949723
2996963
2987543
3007316
2961325
2995784
3021773
2971956
2985560
2965166
3012490
2936119
3003083
3064682
3050894
3232470
3065305
3400948
3066658
3039624
3820018
4204274
2859817
1225846
1226088
1231490
1212848
1221347
1227984
1213033
1213928
1221284
1209513
1217949
1222089
1217751
1212916
1216598
1211491
1207296
1221338
1208375
1212516
1220381
1211082
1211160
1212012
1210565
1209058
1216538
1208851
1206587
1219794
1222792
1204662
1216455
1201055
1203412
1212961
1224550
1320181
1213810
1204439
1201126
1207884
1205666
1201627
1212500
1197010
1199711
1212340
1196915
1202303
1324786
1198077
1203015
1210598
1205989
1199078
1210277
1197424
1195536
1226305
1265666
1836879
1570096
1195917
1217027
1195426
1202812
1210246
1201926
1197195
1216883
1197305
1193655
1217325
1198564
1198865
1214534
1206615
1201350
1216055
1203727
1201748
1204745
1201405
1197420
1208177
1196119
1198061
1217620
1199877
1192769
1217423
1195445
1198129
1204333
1200179
1201770
1208531
1201696
1179420
1201861
1176584
1178375
1186406
1176545
1194733
1186176
1181789
1172509
1185852
1177573
1179760
1185483
1182125
1174850
1183920
1180409
1181360
1184297
1175069
1171571
1178311
1175480
1178058
1179561
1172375
1178580
1178626
1174654
1171547
1183122
1169627
1166444
1182065
1171240
1165686
1181189
1167459
1172835
1176476
1177376
1171415
1176946
1170249
1169017
1246550
1168609
1171849
1190489
1177484
1166288
1181058
1169694
1170611
1174925
1164654
1182086
1180525
1166805
1169075
1181322
1171038
1168764
1179294
1173611
1165411
1180051
1168514
1164740
1170125
1166427
1172474
1168075
1165095
1170304
1162798
1177976
1165730
1164681
1178520
1166502
1164813
1195642
1162947
1169310
1175588
1171615
1169209
1180312
1167190
1166332
1175272
1174360
1166832
1188513
1168410
1166423
1184848
1166228
1178381
1188213
1162277
1170606
1170838
1155976
1161752
1171365
1168229
1158654
1173529
1165508
1164652
1184089
1166714
1168198
1168432
1164531
1168721
1170261
1179562
1170209
1163298
1204029
1164165
1170423
1196362
1162684
1170563
1179812
1162765
1168377
1174361
1161136
1189944
1165861
1165750
1162605
1170103
1159375
1158290
1164989
1156891
1160708
1180691
1162060
1164492
1170542
1163675
1166383
1170653
1164753
1165716
1177548
1170986
1160108
1184372
1164425
1158199
1189526
1167872
1161653
1169660
1176307
1167454
1179622
1162352
1169485
1173281
1162221
1158023
1173635
1160521
1154495
1203977
1155672
1157280
1176732
1155485
1161019
1168887
1159835
1162711
1160967
1181759
1161304
1157653
1200034
1157585
1157216
1211210
1151335
1161181
1167734
1159086
1157471
1164588
1155827
1152024
1163923
1153563
1155413
1333842
1164636
1155889
1195997
1149620
1158420
1163114
1150602
1165892
1168115
1161074
1159701
1173488
1158551
1154588
1168956
1155404
1151604
1157570
1153195
1150171
1162908
1165215
1159007
1158593
1165541
1155477
1153771
1162517
1152076
1161910
1176836
1157041
1153194
1168388
1153509
1172681
1161127
1147755
1156273
1157562
1148756
1166101
1188188
1254460
1180814
1285366
1224903
1175350
1195735
1166645
1151644
1169321
1145076
1162102
1160521
1180146
1146132
1238165
1179563
1156462
1168486
1281956
1148985
1208334
1192382
1144545
5164417
1282884
1145037
1167931
1147865
1259552
1183021
1154707
1146784
1166441
1147420
1153481
1156859
1162022
1150709
1157239
1148711
1150792
1175716
1149115
1147376
1158980
1147139
1142925
1141952
1151852
1144280
1149004
1162721
1152567
1152599
1195285
1174675
1158766
1170693
1177250
1162941
1265145
1499881
1697875
1627547
1216858
1218423
1217757
1238897
1189525
1180265
1169218
1246762
1145126
1184154
1213070
1216003
1164614
1210371
1182139
1173741
1184023
1182304
1187789
1203771
1184178
1170848
1190646
1150449
1170256
1209878
1215541
1202172
1193267
1187427
1255238
1581782
1222617
1194192
1204952
1155416
1163257
1150133
1146298
1210543
1147217
1191294
1275659
1170691
1146598
1154406
1204348
1155576
1164934
1147437
1144778
1161931
1152062
1151993
1161479
1161607
1144104
1185912
1198344
1164822
1206221
1195240
1178776
1197623
1219415
1150123
1156717
1159638
1141038
1158141
1146683
1192161
1143241
1172355
1214499
1175235
1181945
1167363
1171441
1184609
1135896
1127901
1154093
1129640
1130907
1141429
1146033
1125902
1186757
1165707
1153719
1162321
1138843
1149937
1173348
1145590
1113219
1181418
1142561
1107489
1115713
1203753
1104839
1105125
1103382
1104417
1114449
1115035
1116666
1108220
1143520
1118053
1112742
1178820
1127483
1104431
1127600
1110347
1106650
1129533
1104347
1102614
1147170
1138898
1144875
1116503
1136617
1114393
1110894
1115248
1105476
1103826
1117069
1106030
1098525
1139998
1098791
1098637
1246054
1100135
1123916
1106987
1120035
1106052
1101838
1111425
1105578
1107895
1123108
1118874
1100564
1111445
1133181
1129380
1135440
1134125
1137433
1140325
1125526
1123865
1134229
1153913
1138487
1114840
1101536
1094198
1092659
1110093
1091647
1117583
1105660
1096891
1098795
1118427
1104632
1097621
1106784
1102174
1103553
1104177
1168864
1096632
1092160
1112141
1093174
1107031
1106941
1139378
1108972
1115578
1104204
1104465
1109281
1106543
1095005
1098976
1097372
1094038
1128055
1152388
1092105
1139867
1152282
1104522
1109441
1142485
1093693
1154959
1128527
1100128
1089978
1158395
1147080
1137160
1101591
1134578
1123200
1137697
1168992
1098428
1095624
1178667
1111677
1095951
1148978
1109360
1111455
1139791
1107885
1090815
1140369
1109350
1090049
1177872
1124769
1100934
1116418
1141270
1102477
1103797
1106664
1100840
1097892
1114258
1101371
1098196
1108446
1095441
1096649
1096095
1106320
1096377
1099037
1103199
1092348
1093153
1106110
1099480
1091057
1108036
1105418
1094253
1112870
1102531
1096507
1093696
1095000
1093249
1097907
1116523
1099313
1108328
1105639
1100293
1098177
1106884
1101714
1091459
1108033
1092821
1090612
1096776
1107589
1095916
1097589
1104116
1100284
1095461
1117383
1109163
1105949
1136922
1100382
1095413
1089606
1092702
1087996
1091845
1100947
1100274
1105514
1144583
1085893
1094736
1100382
1089884
1085192
1091013
1094322
1084341
1083568
1104155
1084678
1097440
1095944
1083851
1094825
1093760
1090224
1086397
1088817
1105511
1087821
1088058
1102273
1089911
1091791
1097786
1080531
1082188
1101488
1080928
1088057
1091636
1094351
1090525
1085982
1107200
1086593
1087577
1167944
1130295
1184676
1145327
1144684
1131530
1126640
1116606
1084678
1086374
1096999
1090650
1082221
1106714
1141690
1186992
1109409
1092061
1129426
1104186
1081548
1082502
1091986
1078935
1088202
1085686
1093610
1129917
1083617
1089728
1086820
1077239
1088775
1100190
1082472
1113392
1082330
1076611
1096306
1080543
1074223
1091617
1076228
1111520
1077860
1108861
1075438
1129610
1091421
1104366
1078729
1100549
1154388
1002290
1023150
1055010
1028474
1048015
1016469
1029609
1000431
1016184
1053696
998902
1003270
1060073
1002904
1041453
1042881
998238
1004476
1087923
1015354
1008502
1041813
1011224
1019697
1006811
1002766
1032806
995604
1040722
1010265
1025680
999570
1012748
995207
1011673
1020714
1008785
1001762
993773
1045402
977084
983787
979408
1008650
984794
976846
974763
981596
973428
973026
833373
819003
815791
818567
836192
816639
820016
813672
838068
814431
817931
819728
814920
834340
820433
830505
846091
831467
818939
813078
824654
871924
835926
851009
820512
747522
732491
741172
734063
757327
741169
733469
738331
734660
745267
735217
814282
751690
765011
755321
732133
732534
746397
756793
730267
729879
914071
747183
740204
822622
738664
764287
735903
734590
762361
731344
762385
732706
731950
737709
739443
728483
732419
758873
729816
749231
728182
729838
736754
730551
728669
727296
754935
768673
768961
729344
736036
749335
727426
740544
738045
744887
732940
748540
777890
733638
731817
772468
773893
732681
740300
730632
746919
730977
733761
756155
740215
746084
732212
917886
918612
981995
764824
730700
730928
787015
755809
751985
748173
753452
844345
777589
756524
759293
765846
766082
749010
743733
754523
806869
742060
744075
737745
751656
746471
740438
738913
819113
740380
740140
771690
738828
789522
742113
739852
746648
823506
756616
738712
741018
767144
757783
759868
743753
738852
770363
797591
743031
744486
757990
751358
736800
738770
769393
738002
738387
734698
744168
747496
737508
738483
798437
752903
737731
736530
741538
748580
765949
749468
737375
743581
764260
731067
739475
732139
736598
787187
739199
753551
732709
731111
777820
734493
746881
747683
745711
729989
731445
766192
736590
744983
735117
733589
730721
741873
744767
744240
729660
727995
745981
730193
727485
735100
727541
729331
727670
790990
752226
780253
746724
750202
752452
741076
729654
751522
730192
798460
748726
735726
734459
734304
728210
729288
740329
737360
740372
741800
732574
734553
733949
731745
746253
761017
789055
743778
771693
737536
729652
731631
731953
743963
735422
752278
756368
744062
723407
720921
779448
741124
747128
722834
723379
723549
735573
727073
723887
778613
758176
729356
784840
719642
718469
740817
747058
1101056
1076707
873729
718880
717828
731740
742251
716753
720926
717897
719940
719031
716549
708939
708694
716767
702178
702994
705131
704317
753150
802333
722124
701519
700842
728572
703629
700031
706438
712888
706823
752333
759461
726131
776927
701392
899006
895981
904083
900524
888629
891135
902424
900215
889725
910455
903553
928028
918978
949260
897111
927774
920848
973833
949867
965334
886427
900010
424353
1310275
1851843
767585
452515
443140
427045
416973
498728
421486
411428
409860
431651
433232
432361
461649
483424
414553
412553
407732
415336
444322
449402
432455
411163
428563
464250
461909
456417
394415
390096
399115
400025
395193
426098
394955
395550
385531
385120
414961
396935
400085
472337
385876
384022
389999
385574
382485
407619
424310
392184
384244
386058
393144
410004
401510
392691
402053
392769
387286
385904
409656
412692
390800
412624
413883
404802
401071
385013
387108
394967
401030
384051
384102
383992
396165
391925
403987
401123
411104
387312
383136
394568
408469
385674
406724
385498
387388
396921
405884
407646
391762
393532
387881
399947
384262
386911
392402
392155
384672
384545
382202
390779
385842
387926
382262
381247
382169
395948
380679
391372
380420
384974
401098
383028
381092
385544
396601
383627
382202
381095
384373
381499
388485
382148
396651
383312
380114
379331
387895
399983
385561
381732
380992
386351
380554
377484
382409
382530
450314
398368
390648
415959
386516
382190
381774
453594
382783
381401
376969
375720
378182
379845
375859
392892
378498
374830
379493
377694
375144
380327
377575
385258
374516
374106
375467
384132
374196
379946
375912
387375
372252
373928
374052
377201
376601
373693
372733
389153
376970
379210
373758
373414
371821
377185
371712
373666
371437
412433
396630
373782
383486
393974
406879
373872
374033
374495
373323
377781
378981
377851
386047
378440
391601
374652
381256
372183
380361
373857
387570
370644
374446
371028
370039
373517
372689
374832
371535
371515
368647
372703
376304
372097
370840
389477
377635
375982
371953
370344
372939
384142
398925
375903
373523
377495
371815
372690
383253
372005
384573
373829
371230
372152
378356
369174
379483
373186
405741
393957
371975
383553
373159
373208
375696
370948
368648
371849
372662
371012
373872
370347
372688
376693
370960
375887
372328
375294
370068
377850
371697
393983
376416
371966
371244
385873
375891
378106
372319
384049
372480
374847
372252
375792
370730
383000
373979
380848
370602
370179
371730
375262
370562
391109
389039
1282033
392096
378002
392050
394469
1198083
407008
347751
341503
339410
1157313
347465
344204
341315
340809
1117913
346530
370823
340112
346632
1046256
352858
344839
345987
352480
972245
344284
345277
342335
351795
912273
359077
356540
352357
358723
838855
383869
354636
363540
342095
762084
353138
350851
361365
346866
683267
340898
343330
345285
342445
607854
347934
336895
354086
336362
525021
347013
346785
367002
341055
421514
333740
343085
335226
354247
334758
1219921
363760
345782
351724
337465
1126592
341727
343968
352564
336611
995352
392076
375547
359982
365820
927600
352509
354557
341274
345935
812941
338075
341945
335783
340093
723139
349170
336753
332887
333704
640447
337253
338818
335239
334807
548686
335045
334327
333687
342916
452250
332097
333474
333962
332431
356557
331373
329356
335679
331292
346539
1151671
352964
341606
339156
336372
1125784
340587
336897
334974
335508
960165
359676
336826
334116
333359
876754
340349
351855
334678
334215
794619
338259
335745
360080
360990
670892
341102
336008
332863
332918
580851
332812
350975
332758
332285
465337
331191
331616
340203
329994
386969
330779
331936
331772
380014
333033
1147629
342679
335537
347333
330898
968084
339239
333767
344171
329306
777184
332471
329570
336821
331894
590588
331516
337176
330069
329403
375677
348634
328836
327783
329118
326938
1229776
344260
334027
330145
341988
936450
337245
332037
327586
332061
717268
330819
327750
326997
325682
551604
337742
325890
341618
342664
333254
1145732
343004
339650
330073
346639
1015737
336366
331981
332057
342237
735916
330018
326890
323765
332684
488292
327900
331728
346281
324477
322669
1161524
340993
343246
328988
323350
900044
331394
326545
324762
322085
684495
336075
324322
322798
328528
429997
326150
361326
323327
330721
322736
1147403
341002
329135
351479
326970
891956
328141
324046
336297
324051
643274
326221
326258
322397
334149
368405
333541
324250
321131
363084
321541
1163094
333167
331362
324137
344766
891441
327845
325623
321224
323566
615669
346201
321159
325130
317800
333543
1134831
338704
342745
323738
320874
858895
329934
323965
319598
322459
588044
320970
320829
324735
320669
320004
1150479
332598
325119
319563
329183
848185
323148
320727
320219
320841
570609
321069
320745
352189
302231
291880
306603
285285
289219
283422
283318
290945
286706
307446
298269
286543
284742
280642
278419
277935
278351
282606
279579
291261
278833
276162
277042
275859
277765
277297
275435
285947
275404
290588
275983
277503
275310
276935
280776
274977
278323
282744
280457
286354
276858
282044
276879
276295
274921
277500
277920
294816
281567
279083
278845
281334
278721
275423
276998
274558
297220
275258
300564
276687
275111
276626
275417
276710
273840
276301
274171
277015
323236
280115
279208
277851
278471
275034
276974
281126
275978
273656
300724
276450
273874
274184
275420
275716
295990
277850
275148
290698
274937
272610
274749
272959
280124
274282
274278
272515
272976
282207
272786
283245
317063
293452
286157
283491
296301
284050
279056
285199
276947
281759
281546
281549
280468
280155
293011
278914
277332
276913
275780
276181
292540
281462
276024
273952
276273
274508
275257
273999
273363
275186
273393
278810
273539
273915
273199
275369
278596
273526
273583
279504
277043
280892
276061
295478
276221
275782
275305
272893
273165
272721
272638
272319
272068
288544
272281
273168
273163
274804
313353
274985
278319
273560
274290
273634
273627
271958
273823
272042
274905
271826
296715
273164
272135
273336
276312
274204
271806
279900
272545
273146
275835
272411
280184
271775
270924
276248
271121
270884
271085
271886
274639
269182
283965
269104
269457
268139
288369
271511
270055
279906
270595
270745
293935
270197
284680
269270
267482
267320
268875
272154
268188
266828
276707
266970
269213
277860
276091
276224
273268
272719
348493
274056
271896
270430
268999
269502
270282
275564
266597
271574
269363
274325
268801
283956
272513
268528
269122
277026
278118
287138
272194
273442
271598
270928
284230
267816
265470
267146
266227
283445
265010
265583
266164
265117
264532
264436
263848
264388
265057
275428
265446
262869
266219
263598
270356
263576
266075
295558
263461
272468
262062
288750
262984
263529
268288
262221
259956
261553
259653
187565
173184
170386
175442
168340
167241
168909
165411
164733
165839
168082
163579
163706
162364
163361
170418
169676
172481
166101
164843
165165
163073
162449
163437
163036
163981
163701
178989
162479
162950
161994
162669
162899
161742
162985
162463
161035
165123
160327
159211
160835
160949
170610
177902
162927
161772
161262
181342
176585
171798
173941
169760
167695
166291
165189
164680
164490
162920
164172
162550
161165
165420
160639
160829
187996
164210
162253
169795
161649
161545
161221
160447
160369
171173
242914
247539
279107
254611
260631
253582
254312
254009
254019
238442
220913
246009
223079
216002
169956
167121
165366
164201
164725
188168
172136
165780
162347
160763
162369
160047
160586
160644
159782
185089
166649
160130
160717
160099
159171
158776
211076
208681
214213
162556
160199
159514
157911
165796
158787
156916
158661
158139
157543
160478
158562
159436
158842
162797
158798
159824
157278
157609
159761
162357
159985
159678
159171
158561
159156
157647
157530
165684
160867
158513
157046
156638
157276
156226
160328
160369
156289
175966
162230
156379
159263
157667
157143
161878
159675
162645
158265
167443
157803
157686
157170
156320
157648
157159
156850
157102
159283
155690
156442
159752
157325
167185
157413
158633
158272
161001
156323
160962
166654
160683
160165
159548
158172
157595
161088
158994
157730
156298
158761
155723
156138
157809
156821
155888
157038
156412
157444
157587
156724
176188
157137
155630
158798
157020
159452
154217
159230
158474
156459
158777
158278
155494
155747
172229
156710
156156
158969
155327
159445
154243
155984
153718
156414
155609
152866
152821
154664
166605
153422
154222
154190
152569
160734
154285
159446
154811
153808
159397
155380
154439
154022
157791
156466
156238
156776
155837
150427
148116
148324
146036
146642
146234
145320
148211
145357
154327
146717
146040
144973
146640
144761
144978
146085
144617
144171
144917
143442
144212
144071
143373
143525
143669
142486
150650
145040
142845
142056
142096
142428
142633
141877
142581
144365
143655
158189
143383
142018
143683
142872
141766
143673
143013
141488
142806
141779
145918
143019
141756
141003
143245
141031
141468
140756
144468
140960
141307
148044
141948
141903
143696
142373
142347
148993
165137
147141
147253
145761
143952
144960
144597
143110
143700
143580
142103
148551
156710
144353
144674
144143
143114
144356
143126
142137
143171
142438
140599
142193
140521
139803
140623
141308
140487
140431
141735
142435
140565
141942
140894
139925
141544
140223
139344
140921
139477
139562
141410
139661
139683
141658
141075
139176
139745
140562
139121
139920
141073
141408
139428
142735
151899
139619
141295
139776
141985
141130
139634
139465
140950
139804
139186
143609
139285
138657
139096
150028
138342
138374
139550
139636
138706
140688
144819
138586
140163
139288
137903
140470
139243
146566
173040
142823
141646
148987
140533
139921
144118
142810
140840
141099
140943
139810
139401
140439
158301
140153
140711
139321
140250
141324
141558
138695
140725
139175
139240
140162
141844
140391
141601
141321
140595
142209
139909
168048
139726
147500
146574
144449
147690
146442
144613
145402
144067
156824
143739
142656
140551
140722
139414
138213
139459
139746
142903
138947
144534
139004
138307
139464
139222
137714
140160
139082
137359
139850
138590
142308
140448
138779
138607
139902
138204
170930
163391
158116
155305
151372
148779
149302
147842
144464
252421
145220
142868
143723
170921
141754
142574
142411
142327
141485
141008
141836
139629
141026
140428
139268
140719
139395
139163
141554
139024
138685
139699
138363
137573
137846
137265
137320
138305
137865
137520
136943
138692
137388
144881
140032
139280
137946
186561
142112
140217
141078
139507
138063
145688
139453
137901
137286
138695
137426
138159
140361
137847
137194
139576
143362
137474
140043
139022
140613
142064
141907
150712
139968
139610
139846
138563
139539
138293
137845
139635
138590
138269
140415
138686
137807
137800
146495
136954
136506
137290
137626
146393
139958
138543
137852
139016
137993
