34402219
25499195
22801223
26898345
17349251
9313737
9428796
9468875
9631668
9547634
9333273
9311017
9334589
9427752
10364978
9308104
9335239
9254393
9283307
9307107
9327039
9319878
9431156
9482212
5374543
3672946
3968721
3576641
3615522
3631985
3718059
3733740
3706960
3664435
3719383
3677354
3691416
3674731
3678915
13980883
9493199
3810395
4851098
3989579
3839800
4171499
3932430
3751154
3712303
3660635
3628196
3630433
3704405
3731393
3808052
3681059
3721604
3692777
3678982
3666586
3826083
3783219
3694704
3713655
3683621
3663720
3837107
3720303
3683507
2830036
2755919
2804387
2818399
2794106
2698226
2811787
2783608
2710383
2839387
2861640
2832485
2839369
2717249
2705127
2671515
2687559
2711154
2691270
2695048
2689364
2678753
2685385
2672701
2684535
2687490
2674530
2681768
2676566
2679434
2663034
2689601
2677513
2688451
2664613
2672730
2932480
2782449
2816471
2913464
2867979
2816849
2810902
2847239
2810141
2768130
2771691
2713863
2846393
2809059
2756024
2782091
2774128
2900654
2773899
2750528
2767744
2844526
2862242
2926947
2683096
3054020
2746217
2934850
2882595
2736866
2851606
2953373
2711183
2840462
2776083
2831598
3013118
2825590
2721050
2730786
2733117
3181511
2916138
2869099
2775430
2766460
2762178
2770833
2650958
2685302
2842323
2898044
2654789
2802156
2698041
2696394
2680323
2686377
2664978
2683546
2688266
2740909
2925042
2798920
2948465
2734398
2702317
2767838
2723966
2687666
2789763
2644358
2624837
2660062
2671570
2900745
2732458
2640810
2789608
2830746
2651918
2850647
2723343
2776881
2747024
2870990
2722781
2797208
2659296
2792444
2674165
2714045
2776578
2728782
2668864
2588229
2628230
2605772
2597852
2732275
2595499
2820683
2814816
2722044
2810570
2749524
2719049
2656493
2587670
2620004
2675803
2646680
2674637
2738766
2615761
2608571
2654406
2654691
2624373
2639249
2679219
2720857
2788335
2666720
2665949
2641128
2931334
2683576
2617958
2578815
2578932
2610416
2564957
2577593
2586801
2612241
2582492
2575793
2568586
2584090
2586435
2591403
2657239
2590124
2625499
2674114
2626814
2667653
2653525
2647558
2631226
2603532
2640955
2628832
2617403
2625939
2600763
2593592
2631306
2654783
2615501
2600144
2622345
2608076
2608049
2625519
2660644
2638484
2679158
2631780
2617954
2663477
2662816
2732024
2597535
2648991
2657249
2658033
2697300
2663052
2665847
2668804
2697431
2603531
2696208
2739005
2711126
2667606
2697322
2680578
2585776
2641977
2649196
2671869
2641299
2659503
2657563
2666323
2640867
2634330
2604377
2660872
2621285
2636051
2631341
2729139
2645954
2639773
2628122
2571916
2615549
2671441
2664743
2683897
2661895
2730014
2721566
2644415
2699799
2642358
2698179
2675778
2617228
2616307
2606310
2599440
2606646
2610998
2610261
2592617
2665419
2665527
2631490
2673960
2861919
2742267
2721361
2685521
2784695
2654317
3159099
2635007
2631416
2621723
2668710
2629184
2728198
2660409
2777495
3187666
2728977
2714732
2752429
2610225
2681603
2621552
2592208
2580509
2594642
2598918
2598126
2592832
2593969
2581076
2591888
2618592
2593805
2594619
2588923
2697364
2620020
2673290
2664325
2613979
2697799
2647265
2599118
2645903
2692169
2651962
2661346
2619839
2573238
2695961
2599843
2616995
2611316
2633966
2623208
2611025
2592472
2629448
2605913
2674368
2688893
2604046
2600613
2686717
2675721
2736446
2629085
2664072
2620254
2691843
2597612
2657090
2613656
2650408
2629401
2626283
2675760
2687453
2634667
2636891
2779042
2587110
2698330
2834905
2550355
2556969
2591060
2582110
2588067
2564826
2609006
2582546
2572859
2586880
2659709
2556490
2587062
2558156
2577662
2550033
2576565
2557432
2539912
2546529
2544741
2578089
2654944
2550925
2538054
2527640
2555270
2559415
2540215
2569377
2533356
2538746
2541176
2608233
2597622
2545558
2538467
2522104
2533249
2573804
3595001
2550220
2559324
2592420
2585649
2571393
2639917
2551037
2562737
2588258
2533543
2531903
2526366
2515779
2528489
2606156
2570934
2643407
2594409
2544503
2538803
2603383
2533902
2543243
2551279
2507945
2533772
2563243
2510523
2519881
2516580
2504052
2527721
2680493
2593112
2943852
3085164
2602828
2710394
2521369
2701099
2785224
2509685
2513064
2523786
2529845
2549323
2520280
2524983
2556188
2533198
2524120
2660588
3234888
2662629
2556795
2539856
2648874
2540854
2636827
2595241
2843649
2543844
2606114
2614737
2551041
2627544
2673535
2561324
2573765
2555074
2710352
2559768
2481684
2510719
2497787
2480088
2510019
2526079
2565546
2542048
2535243
2509336
2533513
2510216
2546245
2515231
2525884
2486911
2491020
2545314
2501565
2500976
2534211
2487585
2509197
2490696
2515702
2537530
2491102
2472244
2496244
2478396
2468868
2520611
2486331
2471672
2485418
2501745
2479735
2485384
2581452
2484413
2517548
2478968
2471229
2475869
2482420
2496078
2544346
3125549
2874474
2478017
2471973
2622839
2472593
2470573
2482921
2495606
2470856
2452529
2483149
2480414
2459927
2467037
2470764
3434765
2496099
2495875
3646912
3901925
3747253
3888623
3875780
3619746
2946588
2457798
2473840
2456021
2458177
2462363
2459912
2467427
2463569
2460518
2455268
2458924
2476479
2460430
2457009
2462839
2437026
2478837
2474961
2452212
2469113
2546270
2516953
2519255
2510035
2504326
2546811
2518894
2507029
2651789
2650385
2724544
2523757
2521431
2499144
2530373
2527761
2507864
2534248
2536288
2577493
2528649
2509189
2510770
2516232
2504383
2496439
2506900
2509349
2502404
2503132
2529350
2530172
2615858
2615390
2509398
2557148
2565137
2561890
2547342
2634277
2569932
2614669
2578607
2492366
2536606
2533384
2518771
2525555
2518556
2491436
2494972
2534820
2492466
2513529
2564068
2485805
2504654
2528428
2484950
2498009
2506069
2499724
2551518
2539214
2507189
2523473
2517731
2500165
2519206
2524167
2474816
2507635
2542244
2500803
2524088
2507486
2475804
2554551
2519574
2538388
2528858
2510542
2501443
2565559
2499756
2466170
2524988
2473604
2498879
2475788
2478201
2500592
2518766
2590733
2598002
2548814
2558297
2582966
2572547
2464575
2486788
2483126
2462097
2554665
2568977
2505690
2519033
2530192
2501088
2497942
2528934
2511386
2513930
2510432
2484295
2459725
2509697
2468836
2466869
2475966
2453599
2461489
2483549
2460906
2470625
2452505
2458076
2455678
2558139
2809006
2457464
2452061
2437297
2466498
2467980
2502059
2410785
2371393
2570965
2814990
2600132
2602164
2501711
2448224
2445874
2482731
2453286
2443477
2490702
2469577
2443375
2477488
2486566
2503965
2452810
2478025
2455184
2454309
2447124
2486518
2562218
2519583
2422067
2556733
2618424
2559843
2581153
2554705
2718074
2632198
2483782
2570369
2663242
2817994
2701613
2739792
2737676
2460538
2482035
2482862
2510503
2498760
2562442
2506438
2505699
2553013
2568458
2510980
2498383
2485072
2425638
2544546
2410289
2427705
2527268
2559067
2549731
2509846
2481651
2549162
2484752
2487580
2442105
2417486
2478265
2568537
2526538
2480275
2433728
2489632
2456402
2496340
2438454
2395954
2482244
2441121
2397734
2411071
2425329
2578343
2465075
2480336
2485575
2481118
2475549
2592176
2526252
2463417
2441512
2407653
2394845
2422710
2391757
2386620
2391109
2385920
2433298
2437505
2441977
2444805
2386584
2383307
2386765
2434527
2391130
2451234
2374025
2418410
2475011
2435109
2443231
2440594
2447542
2427152
2383642
2487015
2480154
2531846
2432737
2491230
2467760
2480581
2497456
2526477
2548359
2616168
2587638
2576042
2575499
2578939
2541736
2486389
2371120
2409975
2405375
2411044
2458696
2485775
2487871
2460602
2459826
2411295
2430948
2403855
2459573
2474397
2461168
2411000
2420007
2412609
2401944
2413470
2392323
2414522
2432986
2429786
2413137
2368014
2363521
2472817
2385541
2451322
2407029
2383901
2406598
2426482
2474550
2376361
2354084
2359881
2385959
2416842
2376234
2354406
2389565
2398573
2400299
2404918
2396913
2374271
2363777
2381426
2441091
2365273
2420654
2454922
2418268
2429230
2442841
2503038
2474460
2525491
2514858
2469401
2485722
2419695
2415635
2456727
2472622
2463591
2474907
2502323
2463195
2439467
2483382
2479568
2464251
2523516
2461963
2408272
2426032
2381874
2348294
2421541
2397073
2364699
2389206
2388648
2376818
2377745
2331557
2367662
2383948
2351730
2361745
2354031
2373728
2355553
2339068
2411408
2370747
2411930
2387682
2390167
2406296
2368531
2365565
2414267
2399444
2371703
2414370
2359455
2353354
2423910
2365283
2403039
2416420
2348346
2376541
2414256
2518363
2392991
2383508
2339752
2401406
2336592
2453787
2437614
2403759
2403498
2445961
2379505
2384318
2360995
2374387
2355732
2359754
2369864
2393529
2355683
2411825
2423864
2378218
2350149
2373276
2358889
2356814
2308625
2371499
2351534
2357258
2368804
2361674
2367504
2356938
2313155
2353113
2429439
2408561
2420906
2302811
2324902
2412129
2381326
2334043
2354251
2410229
2367246
2283689
2300718
2331235
2334439
2374738
2369654
2343875
2367576
2350746
2377643
2432064
2401725
2518075
2594128
2438418
2314374
2355322
2482886
2337849
2334835
2299637
2290899
2310341
2302708
2292218
2480224
2411931
2411515
2433859
2619630
2419291
2417424
2434373
2910416
2421930
2375283
2383225
2347623
2303302
2367898
2367283
2326964
2367079
2330288
2353538
2300213
2294543
2320669
2339474
2325147
2377331
2349426
2423706
2403504
2381246
2428533
2386178
2348320
2378225
2316486
2337885
2350430
2448908
2523055
2501001
2462864
2453963
2365274
2377120
2399919
2325080
2293079
2425094
2317089
2361654
2359926
2420946
2377430
2427598
2454884
2484136
2471896
2382081
2320265
2317691
2491000
2366329
2378389
2829937
2540243
2461578
2726801
2556153
2400766
2690063
2457148
2346991
2396913
2445106
2386951
2331298
2335394
2303516
2485147
2526497
2451823
2473135
2542279
2504389
2494690
2392231
2336860
2405297
2333374
2403387
2375780
2304534
2338284
2386410
2523861
2647690
2490156
2422725
2366451
2341425
2321034
2366555
2421591
2323276
2341972
2392653
2334107
2251167
2311281
2363496
2314342
2304350
2288854
2322100
2324898
2368165
2291832
2337967
2267126
2315787
2363350
2329683
2271650
2474561
2431509
2363034
2476342
2383395
2311024
2300779
2267960
2256483
2494607
2692326
2714417
3555645
3522468
3275826
3458191
3685041
3725446
3702374
3686013
3704480
3638988
3428938
2267569
2268601
2278052
2337358
2332179
2333020
2263175
2254858
2286813
2313570
2273226
2254278
2276856
2349378
2286757
2339510
2301943
2307665
2339185
2263447
2276579
2270812
2268467
2258654
2253257
2250046
2297678
2274312
2262764
2262565
2279277
2240319
2224540
2283384
2295996
2306706
2391860
2227479
2316532
2283927
2265581
2267830
2297714
2303429
2269622
2279665
2277359
2265662
2266026
2254956
2283694
2251868
2302524
2303237
2241717
2254463
2296302
2227354
2264459
2220162
2263509
2246976
2217550
2255513
2237719
2248100
2254726
2259322
2264603
2218719
2258985
2251365
2204996
2228679
2217575
2230021
2226556
2211824
2218117
2210109
2220483
2242669
2207380
2219752
2218134
2216563
2200673
2213831
2243304
2213116
2257535
2219394
2264446
2441173
2246656
2248322
2266999
2407390
2346396
2295123
2364508
2349428
2285210
2289520
2202234
2216639
2220334
2208773
2233765
2237315
2197951
2289727
2250267
2269155
2266368
2205143
2236601
2237444
2249287
2213699
2206032
2225716
2217626
2209351
2198976
2198250
2217398
2194443
2231956
2197010
2260086
2317164
2193855
2207517
2220853
2197517
2185454
2266260
2189133
2197748
2203393
2209693
2193262
2217806
2229999
2211828
2235636
2227422
2208859
2220879
2250005
2242564
2221415
2181123
2247844
2220024
2209399
2308975
3198089
3270104
3301523
3354302
3499856
6892207
2354375
2644386
2288482
2266726
2232620
2203970
2212888
2235357
2324788
2244389
2222430
2272229
2228761
2249755
2279089
2281467
2233269
2268655
2261910
2329646
2325408
2260876
2274714
2289245
2230287
2290850
2255864
2294771
2336596
2323645
2298388
2255141
2358660
2299808
2284169
2328805
2295098
2468749
2315030
2217339
2271952
2258493
2254927
2210422
2256874
2234271
2328966
2293451
2314224
2259214
2282097
2268995
2364587
2225938
2241513
2262261
2230143
2256253
2269500
2197946
2280841
2240024
2218541
2245630
2214604
2228974
2236289
2240215
2243442
2220150
2237958
2285165
2362822
2254800
2317265
2397754
2410861
2372406
2363678
2339481
2382338
2259376
2278551
2521603
2257390
2786912
2254585
2219373
2440676
2309091
2224521
2215797
2188541
2309581
2218875
2194421
2203213
2241997
2213160
2280999
2244407
2374908
2219775
2262068
2226469
2233185
2231177
2316947
2873333
2831482
2633302
2205688
2207047
2269089
2214897
2207754
2185422
2193385
2181670
2212308
2185850
2211184
2204844
2174719
2262089
2182090
2195204
2189371
2180226
2214218
2387325
2370525
2570551
2551669
2324992
2187876
2192329
2180241
2183667
2195604
2213777
2215519
2188288
2175759
2183354
2208625
2184299
2190240
2177798
2195748
2183812
2173458
2172711
2203837
2179136
2222318
2232695
2190580
2215704
2229489
2185505
2234041
2257582
2220266
2221470
2256398
2349868
2201549
2190013
2171168
2404129
2320121
2209187
2229377
2223787
2249813
2214819
2190387
2220232
2182452
2250140
2225182
2176768
2207445
2228153
2193435
2226520
2249317
2268958
2292853
2336576
2324961
2235932
2260046
2303452
2280639
2275959
2235398
2228383
2212779
2267328
2233754
2211086
2211480
2219261
2219341
2201039
2242560
2239509
2203845
2221714
2214703
2259233
2318311
3583962
5601374
5587700
5596260
5515642
5501442
5586463
5595580
5560036
5571849
5368389
5377892
5300174
5330825
5503944
5671414
5572216
5673225
5727348
5782443
5711485
5575523
5530265
5486101
5642441
5606214
5719875
5425794
5608143
5539779
5320395
5366502
5478711
5324144
5302644
5396933
5345302
5460814
5325522
5574642
5684515
5553446
5637497
5447554
5685858
5663154
5606523
5811036
5652951
5602336
5646147
5593123
5586127
5579909
5617437
5487534
5499928
5461094
5538619
5571973
5407023
5370202
5439574
5438077
5464435
5370248
5493078
5551769
5577959
5375226
5390363
5380209
5620354
5456771
6005280
5213830
5325802
5367829
5194790
5296797
5192943
5187876
5454887
5442220
5222600
5359208
2160057
2135388
2142443
2132785
2160636
2176400
2139335
2135278
2131508
2145341
2135091
2211599
2162369
2129602
2136540
2134522
2151147
2125684
2150372
2231936
2139595
2176304
2136372
2144300
2126054
2145588
2185095
2124612
2155848
2113686
2132258
2119304
2129294
2156961
2126989
2127713
2117109
2145340
2119603
2141162
2124758
2132761
2129569
2118700
2122320
2117852
2226828
2556259
2374137
2122521
2135217
2131336
2108332
2164380
2119123
2107998
2132070
2113871
2116253
2108424
2166851
2107265
2108213
2123833
2095982
2110940
2105051
2195063
2106450
2114977
2111948
2103318
2115441
2117138
2221085
2101067
2109497
2096861
2098741
2149034
2096005
2256123
2112891
2138561
2097496
2112886
2145453
2097702
2150458
2095582
2112984
2119859
2093802
2133868
2104491
2122643
2106566
2129243
2111038
2097554
2115698
2090518
2137936
2093544
2111486
2091241
2095531
2085047
2072178
2150219
2088717
2094362
2081820
2094226
2101838
2078025
2095664
2068305
2094977
2069426
2097875
2069362
2112670
2071804
2075961
2079750
2066098
2097255
2066877
2075164
2067330
2081878
2062291
2074141
2083349
2064360
2079661
2078440
2073887
2074203
2076906
2064494
2078734
2068595
2065178
2079002
2076197
2072316
2072951
2073625
2063410
2076126
2057670
2072390
2338487
2062934
2070601
2063189
2074633
2056926
2199119
2076581
2055959
2069044
2070884
2075124
2872462
2310402
2073419
2056672
2080181
2060490
2066564
2053098
2077447
2056853
2058987
2071845
2048398
2068573
2054788
2060216
2060531
2057666
2051885
2082714
2043561
2052884
2065698
2041179
2062903
2045526
2057861
2076739
2071795
2042742
2057754
2063212
2042302
2050189
2046988
2116447
2041126
2061761
2044165
2052210
2044370
2064379
2056356
2056491
2045957
2049908
2046954
2055318
2072925
2074241
2076558
2065428
2061817
2072663
2066386
2062044
2166496
2085349
2055995
2070128
2073449
2060527
2067336
2059814
2065084
2055966
2072911
2057936
2058518
2067672
2055220
2065761
2057814
2065035
2049098
2062711
2055258
2058873
2054676
2049494
2048906
2062700
2056853
2044629
2058947
2045965
2065793
2050416
2049505
2047868
2069182
2052376
2049473
2056476
2047033
2062477
2045713
2050565
2047815
2061713
2050255
2042797
2060076
2040521
2060845
2056617
2053364
2046916
2049192
2039696
2056891
2041579
2045273
2108666
2087073
2101053
2080189
2093226
2088985
2095963
2083277
2084882
2090331
2079837
2093727
2078970
2096331
2080603
2144686
2089772
2081702
2091031
2074463
2099034
2085177
2102063
2081597
2088214
2076458
2084696
2101915
2074702
2089304
2075920
2087412
2078680
2087155
2073104
2084509
2087049
2073497
2086021
2072968
2079558
2072365
2092673
2065232
2088729
2088791
2058192
2079598
2066077
2092361
2080883
2072678
2065605
2075152
2061412
2062780
2072540
2067473
2084830
2066885
2074771
2065991
2074620
2063134
2075313
2068641
2064953
2067683
2074794
2068710
2057541
2070253
2058681
2067310
2072962
2057539
2061051
2061895
2065116
2065742
2077402
2063667
2053947
2066273
2052006
2062246
2057646
2063899
2045190
2062112
2054228
2054903
2061477
2051852
2059651
2054708
2069728
2062204
2060277
2051058
2059816
2058307
2048452
2058910
2057252
2048776
2049770
2104730
2041464
2067860
2050554
2049262
2051274
2055853
2065614
2041044
2055915
2052898
2054363
2054145
2048700
2056786
2047398
2049967
2050055
2047364
2038402
2057899
2047850
2052068
2039014
2050697
2040984
2061525
2031748
2039974
2053816
2034459
2042601
2036096
2041662
2040196
2056590
2031570
2048062
2028235
2031854
2043153
2032712
2036340
2036804
2036815
2029277
2041902
2039210
2060729
2030830
2042567
2053467
2037320
2047006
2035474
2048866
2043118
2063190
2028106
6148787
2062664
2060927
2162056
2021029
2060561
2041996
2048783
2040248
2040587
2014243
2033401
2009745
2028701
2021375
2015730
2051174
2017374
2021927
2019818
2038780
2011142
2026996
2021680
2017242
2012784
2018799
2023925
2016438
2020646
2015988
2013853
2010497
2176192
2098907
2127346
2104717
2102505
2102418
2101876
2117034
2098165
2099831
2136427
2092798
2095980
2087643
2104023
2105133
2107634
2089467
2095523
2107038
2088127
2096050
2094057
2100217
2079809
2103840
2089519
2090606
2094508
2083862
2094487
2093579
2116113
2075986
2103937
2086494
2092965
2095416
2080297
2092802
2090397
2092591
2077475
2108282
2080899
2080739
2094428
2109268
2081554
2085748
2091523
2163502
2107351
2084664
2135585
2118550
2078837
2087678
2071359
2087776
2093948
2112803
2128080
2066677
2097275
2076299
2083425
2109556
2073614
2077691
2066678
2087636
2077523
2077374
2084754
2132850
2087180
2071659
2072583
2064803
2078034
2068664
2131608
2071446
2068480
2053735
2062551
2049446
2050878
2066805
2052204
2154640
2075438
2079284
2065231
2052105
2052433
2058830
2083110
2044566
2065964
2047840
2057163
2052001
2059249
2053258
2091226
2056074
2041297
2049078
2206211
2478449
2364600
2156149
2061369
2057014
2053573
2055987
2059810
2045695
2070478
2067094
2056223
2057684
2075963
2061969
2038486
2066847
2075366
2050246
2099517
2149805
2343386
2230875
2121625
2106567
2100437
2069789
2107863
2482071
2220219
2311246
2080724
2031334
2094350
2041454
3350496
2058160
2089943
2214416
2335717
2141700
2102235
2088634
2080081
2053584
2063676
2079490
2222652
2084410
2048711
2074293
2115237
2097042
2109293
2228066
2236608
2286957
2107596
2069312
2157877
2085964
2088973
2073216
2075282
2080516
2071854
2081674
2076486
2088858
2066939
2159943
2073944
2067088
2072708
2171935
2167983
2072872
2075133
2091874
2077146
2071388
2323680
2079431
2073418
2070964
2060904
2070424
2063197
2171139
2067105
2057441
2068247
2051858
2082211
2056640
2320315
2260356
2301247
2236145
2080510
2069922
2062556
2109200
2060984
2057900
2064425
2064910
2069962
2057745
2073920
2056619
2063256
2058166
2057380
2065201
2079033
2060142
2054918
2058873
2058991
2082540
2064857
2073834
2058778
2050797
2059701
2053113
2064680
2040391
2065169
2139988
2056318
2055505
2052157
2064162
2050244
2054918
2136217
2067035
2045832
2051941
2044899
2056008
2043690
2075545
2078290
2042130
2088742
2031189
2048482
2058569
2061277
2054726
2038449
2043950
2030851
2052905
2033996
2051798
2033138
2052039
2040412
2044356
2066859
2035247
2098370
2033561
2067239
2046158
2086031
2063458
2106746
2073352
2034733
2045521
2033877
2044268
2033881
2040344
2028678
2072823
2031468
2051947
2043944
2034124
2038142
2056447
2107498
2052351
2065388
2029449
2043145
2030219
2043135
2076958
2034221
2034765
2140551
2034512
2030271
2035853
2053482
2043259
2029345
2034760
2038531
2028759
2032559
2049246
2041445
2019970
2074146
2031106
2058228
2019870
2071851
2026527
2028517
2054555
2079875
2053158
2017259
2051940
2053309
2032568
2026137
2030904
2015019
2024472
2029753
2091512
2034256
2015834
2027400
2021044
2047115
2008761
2030668
2019355
2053979
2024003
2013222
2016875
2017190
2021100
2018067
2021034
2026945
2022642
2008391
2023825
2016251
2033851
2021072
2008875
2092275
2008317
2073337
2008652
2026854
2030997
2027631
2008729
2018773
2005917
2023075
2031290
2008031
2022519
2033901
2024546
2011186
2027892
2018433
2009702
2026995
2004311
2012924
2002993
2008661
2004026
2029500
1996179
2013380
2003825
2002540
2011784
1999313
2002714
2003819
2005041
2000270
2003442
1996135
2005709
1994939
2002544
1989054
2029647
1990378
1996230
2090676
2210985
2276090
2157739
2155200
2204358
2107575
2173229
2241063
2033599
2037118
2071383
2021070
2042613
2042061
2075975
1999361
1995724
1997633
1987351
2028495
1989079
1995999
1988007
1998294
1993563
2022935
1992501
1982734
2010008
1983495
2023637
1990006
1992346
1985750
1997332
1987174
1997000
1989390
2005924
1987879
2009348
1976606
1987527
1990866
1977525
2002274
1991057
2074767
1973132
2011886
1993539
2003286
1976487
1986825
1972910
1982028
1978016
1981628
1993911
1971502
2003122
1985469
1992822
1975767
1991230
1967318
1988223
1971378
1985033
1974858
1980386
1965184
2015347
1963435
1977021
1983508
1966233
1977759
1966337
1976600
1981028
1969955
1962954
1975682
1960150
1976633
1962442
1977553
1967973
1977257
1967195
1967289
1949624
1957047
2082272
1969453
2083043
2078349
2122837
2004104
1998998
1982424
1957426
2204577
1964820
2001496
1970452
1984449
1979688
1965397
1953059
2061065
1968051
1972123
1959999
1968842
1959956
1964183
2119264
1979366
1961026
1942623
1962074
1946236
1978296
1944625
1970775
1966762
2045909
1955892
1955157
1980871
1970140
2056885
1944058
1961219
1949029
1950573
1951931
1952250
1958152
1986474
1941884
2023918
1946736
1964488
1958761
2005538
1978901
1982390
2032843
1982996
2004348
2012281
1993498
2025925
1999536
1998040
1996681
1975822
2011857
1967696
1982003
1960080
1976590
1975848
2012785
1987931
2018586
2011508
1999403
2010673
2005311
1995656
2005705
2025977
1991507
1983544
1955446
1966006
1969219
1965090
1978743
1969463
1963217
1964490
1961003
1953239
1982682
1944117
1951709
1937219
1946995
1978546
2337075
1989094
1959173
1930053
1949335
1951300
2426355
1967294
1939666
1940572
1937549
1957964
1937432
1936915
1922119
1939794
2160081
2291347
2114802
2093581
2085661
2108065
2073435
2073694
2182583
2071064
2075739
2155128
2039775
1965752
1934468
1945828
1928307
1949393
1923198
1950498
1925646
1939348
1919857
1963022
1943680
1929524
1970896
1927235
2042555
1928382
1928620
2055000
1950098
1931998
1959685
1919061
1935324
1999069
2021201
1951458
1984834
1939563
1973096
1962275
1952953
1976048
1978233
2061339
1981833
1969148
1960007
1978814
1944582
1979905
1941654
1976188
1931426
1970585
1966008
1944535
1967519
1962119
1973597
1965554
1972766
1963117
1974242
1958740
1966525
1984695
1971075
1982463
1977168
1963575
1945250
1936319
1962962
1998656
1992158
1973887
1989450
1971299
1959787
2008565
1991464
1973018
1955082
1952274
1960155
2008571
1956582
1989791
1973155
1985296
2004264
1999522
1980035
1955955
1929968
1938784
1949345
1924699
1945914
1936375
1941644
2126959
2029477
2027157
2088089
2001694
2072858
2013615
2029191
1932792
2016554
2150640
1953104
1955423
1935222
2099684
1902039
1917547
1906200
1901877
2010929
1903467
1953779
1904117
1915528
1897330
1948293
1913958
1913731
1903892
1979602
1903752
1917677
1906462
1921520
1904698
1958455
1932133
1934037
1952790
2088380
2179410
2033707
2148794
2262828
2104115
2097641
2053524
2059987
2124872
2116413
2072586
2127386
2126846
2076146
2091830
2168110
2108427
2048284
2013583
1942197
1997064
2001652
2041368
1992393
1947605
2055634
2013963
2002235
2008451
2003460
2024485
2016127
2022205
1937809
1939500
1940117
1937374
2221133
1948456
1995696
1948499
2535123
2968842
3057525
3023366
2508058
2006943
1962886
1987110
1990993
2057919
1990590
1982474
1972064
1994102
1983352
2033131
2172127
1977548
1990220
1985535
1991152
1981890
1991580
2007064
2008398
1966188
2005388
1986490
2009413
1938822
1940852
1940045
1935919
1964316
1937888
1918315
1941952
2005269
1985267
1937556
1999045
1984106
2003506
2024785
1949575
1892161
1993841
1959812
1956020
1907873
1942878
2025626
1969435
1903122
2030693
2036909
2114376
1953405
1987175
2057112
2079469
2020124
1968891
2167820
2055307
2003829
2007646
2009595
1906387
1977897
1950910
2016077
1986883
1951830
1950921
1924230
2005962
2731674
9362023
5234930
4863533
5070867
5273218
4734991
4694764
4833460
4717067
4915305
4959265
4852470
4785985
4839590
4750255
4855613
4813846
4753558
4716347
4826889
4937318
5016620
6561787
4905268
4652990
4791582
4749308
4832736
4870977
4704474
4760502
4786585
5629224
4712951
5213643
4759269
4911147
4906537
5355448
5066177
4831353
4953001
5094574
5199382
5202626
4955449
5218983
5197326
4909080
4980819
4647473
4666410
4991802
5022123
5037780
5593883
4945734
4717044
4646029
4690600
4754994
4655853
4627329
5623877
5559736
4659410
4726034
4744758
4607889
4625402
4742569
4736158
4702054
5102148
5401982
5508378
5076757
5113405
4990032
5014506
5034126
4604605
6925156
4744778
4632896
4613102
4978968
5267910
5430530
5327135
5723399
5350984
4448187
3988474
3939509
3946103
3922494
3911590
4228428
4409985
4285190
3840844
3877891
4152394
3884975
4089905
3797268
3829240
3896872
3940235
3778012
3790267
3880254
4049277
4001074
3959275
3833503
3661583
4006568
3716468
3770310
3689089
3637696
3648437
3736325
3677480
3653025
3713603
3643034
3668790
4135601
4407580
4297536
3817590
4131669
3697936
4356437
4277023
3625455
3658660
3900561
3756773
3771413
3796851
3865474
4364953
3644202
3874530
3671425
3706718
3647079
3702363
3763870
3819136
3799453
3916741
3760878
3701572
3775025
3752389
3730758
3766183
3754105
4310069
3653689
3655734
3799066
3717763
3650983
3648516
3633484
3681388
3830250
3707304
3725980
3699471
3731812
3693901
3709478
3696953
3721493
3704874
3687028
3701885
3717633
3973598
4441371
4488132
4528615
3792373
3941430
3870165
3780973
3776072
3675703
3783168
3663594
3755427
3769921
3783091
3730481
4067298
4174915
3900810
3842543
3760182
3736921
3728288
3777867
3752434
3802339
4346035
3480919
1895862
1850609
1863724
1871898
1861777
1849746
1904505
1847899
1869356
1849598
1861632
1845839
1905817
1846532
1861658
1847555
1862301
1871591
1878154
1714587
1858471
1842008
1859750
1854398
1862747
1789256
1877076
1853573
1870949
1846696
1899445
1841646
1897393
1879727
1855532
1842072
1866414
1857915
2076604
1849703
1853776
1845502
1891414
1838438
1873498
1844552
2052381
1851704
1849483
1846537
1855176
1844307
1874823
1838665
1861836
1840850
1844472
1840504
1848431
1853166
1840340
1833509
1940517
1829353
1887872
1831168
1855016
1832511
1858493
1830619
1853403
1855099
1923330
1875439
1932716
1999800
1997748
2092212
1999985
1903672
1901298
1891477
1922479
1926679
1929348
1828721
1962411
1832619
1912624
1825052
1836410
1850990
2171721
1886310
1833828
1842586
1848253
1922141
1936252
1998333
2024550
1921715
2002786
2062897
1877695
2024910
1982410
1940386
1899123
1959263
2059882
2149289
1899391
1899311
1934506
1893381
2332065
2808533
2772189
2736925
2471128
1836982
2383331
1824570
1827139
1824209
1826045
1896363
1921189
1811102
1826406
1826237
1839680
1810632
1819151
1843127
1837703
1836776
1848818
1804261
1819828
1810546
1810649
1809976
1809938
1806619
1812870
1805283
1812366
1804620
1806509
1809326
1811640
1809169
1808062
1815365
1890271
1906260
1902109
1904312
1894074
1897337
1893080
1949122
2758099
2759039
2777994
2761733
2705368
2734919
2749497
2745761
2769249
2763257
2578632
2154880
1890695
1946573
1890752
1906061
1883105
1895540
1889560
1903470
1900104
1894934
1883572
1905663
1898267
1897741
1876580
1894145
1882965
1892108
1878605
1977592
1967316
2035796
1944919
1932803
1947340
1877668
1903929
1873734
1895390
1890343
1892671
1907196
1951789
1882472
1888159
1879088
2157779
1887060
1884319
2026609
1884032
1880958
1886727
1886135
1892666
1947232
2294645
1937945
1892410
1941120
1933992
1919715
1993560
1915405
1939299
1944117
1898951
1924478
1894189
1887554
1882370
1897942
2441610
4641666
4545391
4566205
4580922
4654016
4655487
4690817
4625949
4671043
4824093
4610372
4549214
4557261
4576885
4559889
4606582
4561608
4562248
4568218
4683027
4812142
4647313
4554678
4541191
4534531
4574488
4571198
4587701
4571982
4776932
4889524
5027030
4956905
5008299
5978826
7135430
7000298
6588388
7033418
7135054
7187351
7001324
7191655
7431242
7294414
7303367
7292673
7271447
7353427
5432617
4543838
4567578
4730154
4793065
4544684
4646557
4548328
4551308
4660523
4566181
4542001
4533251
4555098
4586229
4976963
4644843
4749522
4901980
4558017
4823806
4792196
4623215
4523244
4654860
4522244
4700617
4772991
4688960
4580052
4688210
4635966
4580701
4534884
4527697
4528627
4545274
4989542
5102927
4569545
4581151
8791107
4783005
4555251
4529411
4832677
4537958
4650030
4554178
4508947
4554507
4659629
4528657
4510603
4552815
4505527
4505237
4501450
4490100
4633939
4741057
5009973
4491907
4518441
4711101
4510347
4507633
4581242
4492627
4508728
4594005
4490323
4519974
4489213
5163869
4583362
5233513
6698902
7094283
5424670
5373945
6918419
6962188
7042849
6741680
6534953
6991744
7132780
7069753
6516563
4664353
6261005
6352737
5359272
4473307
4676126
4479973
4664570
4499487
4506590
4496987
4525925
4476227
4483803
4484446
4542284
4495220
4497663
4694967
5209456
4521997
5240307
4815346
4932918
4787121
4530714
4477419
5563136
6329729
4467833
4475897
4572395
4460666
5111598
4846409
4651600
4541595
4477460
4643236
4866567
4429115
4446513
4431126
4517357
4411162
4762442
6122236
4960242
4955491
4675240
4709128
4973402
4462833
4491316
4510280
4508864
4513807
4509824
4491276
4566141
4443895
4444842
4469452
4721697
4742374
5074363
4491134
4412186
4412049
4417979
4410308
4455293
4408802
4422999
4511761
4441039
4607968
5009606
4439372
4400559
4384335
4407076
4391752
4396992
4479213
4392295
4431473
4416139
4612575
4572158
4568928
4551127
4540337
4713147
4585509
4456450
4404462
4443413
4390561
4455116
4402378
4397242
4437806
4504080
4574562
4411799
4386362
4477883
4430672
4610743
4465510
4451319
4379248
4417958
4418748
4402895
4440566
4396828
4384062
4409549
4400842
4409598
4383312
4381248
4388472
4384805
4406915
4396792
4382381
4384755
4389288
4393525
4536838
4403055
4495840
4466586
4542625
4587018
4551104
4399428
4374015
4486553
4383704
4386242
4413269
4478923
4432582
4368168
4427175
3747868
1810720
1798917
1815467
1799662
1804612
1800614
1802672
1813415
1805179
1799744
1820103
1797099
1791322
1805845
1848722
1918156
1905215
1860752
1825173
1824177
1804244
1819774
1795430
1847638
1791808
1795657
1791858
1800333
1811190
1823954
1809521
1866279
1828210
1841156
1825956
1834713
1818034
1821902
1847615
1838536
1833998
1844669
1832833
1922896
1809705
1825368
1752186
1849851
1847091
1851567
1818142
1848590
1842844
1861012
1834574
1837455
1830953
1832536
1847936
1844130
1852947
1850721
1823820
1849424
1823617
1845595
1829581
1831667
1820160
1851662
1812029
1831065
1822619
1835184
1827465
1890129
1831683
1777984
1841434
1826776
1832453
1820602
1839546
1791248
1878919
1824571
1827778
1828615
1834316
1820185
1837830
1839578
1819320
1850956
2233616
1876453
1827157
1854268
1864929
1845954
1824395
1900773
1843279
1914689
1830055
1871932
1823082
1845024
1807575
1844804
1858670
1840981
1806505
1820959
1812192
1824172
1809417
1877345
1843650
1860264
1830907
1806172
1831390
1811690
1838079
1861026
1851568
1808381
1822055
1814835
1829884
1811587
1816344
1841330
1820989
1837079
1874602
1803191
1835080
1811141
1825948
1834420
1922711
1815200
1869137
1836577
1826289
1807435
1813807
2078869
1811262
1798635
1824877
1811909
1825498
1822082
1938306
1835935
1829424
1805200
1818216
1885277
1814760
1818867
1837876
1904241
1812637
1831866
1832802
1813980
1837146
1811431
1888500
1808910
1828897
1799333
2107911
1964013
2031105
1900981
1853116
2092890
1858825
1827288
1817866
1789429
1899459
1795830
1837568
1804080
1814825
1792058
1823999
1834457
1836222
1814380
2730174
1890655
1960134
1801864
1856275
1779593
1790386
1841389
1793123
1811897
1828627
1782661
1821552
1842722
1784739
1815300
1793801
1780090
1791216
1778664
1791684
1784782
1790520
1786854
1793531
1799738
1902007
1856328
1880100
1813789
1830035
1830078
1915379
1888913
1801400
1806256
1836073
1825765
1797353
1800885
1798735
1775618
1784509
1778376
1782034
1778751
1775009
1784781
1776596
1798882
1772742
1788513
1777697
1788509
1771593
1795998
3027472
4321777
4319013
4343211
4339498
4475950
4394602
4316637
4326081
4389052
4575791
4386888
4398891
4328051
4311323
4326253
4441775
4308410
4333110
4314320
4337120
4343085
4325530
4418142
4634060
4561145
4472026
4421193
4455227
4403975
4414075
4391805
4354771
4330841
4274588
4285936
4275279
4285990
4344850
4315377
4372328
4348231
4312897
4513754
4457803
4387948
4428509
4351960
4371061
4320437
4405668
4397555
4320463
4366925
4406175
4381685
4404151
4308914
4422333
4406335
4369175
4466236
4441096
4487787
4505047
4486273
4465556
4366134
4324330
4495396
4377341
4385632
4509123
4544415
4390618
4439636
4457116
4425269
4368377
4396795
4508417
4341604
4557985
4396061
4472466
4411549
4388185
4459940
4467043
4495427
4407085
4472936
4435879
4413761
4389021
4434176
4571932
4580894
4528630
4440096
4370271
4287284
4425662
4469136
4504660
4453680
2012594
1742485
1805462
5606684
1767139
1801395
1814807
1808752
1798072
1835428
1800459
1809188
1796698
1806873
1763517
1753036
1766395
1745900
1758921
1773660
1751012
1767895
1876963
1826893
1814897
1815650
1764501
1804589
1808678
1828742
1799582
1873138
1893907
1737326
1794522
1773045
1781191
1788853
1781613
1734294
1743984
1778164
1795290
1793840
1760867
1805493
1832156
1773522
1811821
1727914
1804823
1787796
1826982
1789589
1745949
1786345
1797023
1797210
1735320
1772434
1784722
1771573
1776750
1728743
1777621
1846818
1730552
1864028
1794080
1746096
1746951
1727394
1707785
1834962
1746065
1759872
1758964
1753829
1727373
1719465
1714915
1776492
1718377
1767451
1739851
1802582
1785863
1710334
1768376
1714544
1729506
1736383
1745541
1699486
1826674
2015871
1747438
1711436
1707208
1725290
1798879
1748764
1702789
1853170
1767732
1736289
1721623
1714906
1700213
1720635
1702157
1739914
1704779
1710853
1701060
1706822
1705821
1696625
1702693
1725573
1733877
1700248
1705330
1700263
1705984
1689222
1701664
1690698
1747088
1688441
1692539
1705529
1701896
1706169
1703624
1862703
1813434
1757233
1719493
1699880
1762921
2343448
1861801
1711245
1739204
1707635
1685962
1773245
1750194
1754226
1754398
1772588
1745398
1698264
1780858
1722203
1775575
1768890
1781556
1681356
1719594
1669998
1742313
1683599
1779524
1733392
1700345
1675287
1683781
1714172
1682103
1669275
1674571
1725019
1695183
1681197
1681304
1694680
1680832
1713299
1666470
1758563
1671265
1673031
1703060
1677400
1758399
1758814
1747052
1677842
1828256
1824727
1890940
1785632
1810358
1776330
1730526
1708010
1726693
1830684
1779789
1761718
1767002
2088714
1670010
1760568
1729902
1737871
1738622
1759033
1733021
1780074
1746521
1752336
2066382
1710917
1739079
1743834
1727461
1746563
1695936
1747509
1932159
1889242
1812674
1792185
1739636
1720018
1753622
1747252
1759555
1744206
1744073
1692227
1783797
1826347
1730729
1752623
1743659
1692951
1770473
1761029
1809282
1778651
1756895
1786970
1805407
1860525
1785976
1745039
1718500
1744495
1712965
1672251
1663513
1726061
1678241
1693701
1687704
1676982
2560904
4265606
4255899
4137550
4656369
4036966
4144558
4383219
4560498
4675247
4286583
4326304
4704700
4397112
4372082
4407056
4339321
4164731
4397182
4699043
4535164
4291056
4316513
4282846
4106330
4040405
4129444
4038819
4126213
4098256
4061669
4547635
4480899
4568771
4496146
4354047
4401448
4284664
4377398
4297663
4200595
4120310
4038222
4030352
4889187
4035838
4416902
4037079
4031005
4098573
4042392
5597553
5934832
5466084
4339737
4203149
4302043
4182642
4415015
4509961
4192124
4291442
4039766
4195628
4400867
4340804
4078829
4076646
4194074
4184358
4182138
4094853
4054049
4145133
4035039
4085546
4208375
4057596
4178868
4034468
4004668
3998192
4006001
4078459
4128647
4168595
4442946
4398084
4155431
4145003
4064855
4165107
4083922
4067833
4109820
4015029
4047075
4084546
3979681
4066886
4557298
4032458
3978487
3999154
3965434
3976971
4022435
4074157
4027782
2504663
1731267
1652317
1689166
1622087
1674711
1648167
1743050
1730855
1789953
1650841
1689931
1669347
1681202
1767893
1649224
1708579
1706118
1651847
1686774
1684007
1645741
1639566
1632736
1639690
1708607
1752608
1650854
1753252
1625348
1642645
1662229
1664266
1641544
1660686
1627943
1620711
1610731
1669030
1716605
1718825
1608220
1628596
1661134
1611948
1617171
1594342
1637019
1608289
1651532
1880601
1768987
1611418
1900764
1642771
1624153
1600533
1608165
1620035
1604239
1668967
1650844
1617936
1605698
1646499
1632964
1693206
1627641
1682380
1705483
1628357
1738507
1699062
1687477
1723102
1679617
1737791
1667516
1658961
1715226
1709635
1652261
1715582
1650935
1654404
1945224
1662534
1712668
1616785
1677492
1667913
1793664
1706026
1786119
1769852
1757253
1700093
1647423
1663114
1649858
1640277
1653978
1729790
1613758
1642856
1613854
1604123
1576084
1647987
1602665
1580219
1635076
1676341
1722231
1577296
1642641
1577358
1583857
1594011
1592474
1775213
1587943
1597443
1684683
1646212
1646879
1640272
1645568
1645599
2298552
2273517
2364426
2334422
2325261
2310962
2355958
2308063
2308878
2314197
2301354
2324058
2298818
2307801
2341422
2318596
2327854
2335546
2309967
2318364
1786220
1604644
1663979
1594872
1729630
1657264
1883947
1618399
1630662
1604512
1587400
1606687
1589902
1619868
1677269
1601793
1608659
1590970
1599725
1591387
1600540
1589687
1591894
1682288
1615193
1641730
1592308
1637524
1611363
1594055
1612761
1617739
1824986
1703595
1671904
1591803
1663625
1694990
1733265
1717924
1724991
1686858
1645170
1593347
1610464
1615656
1647574
1696324
1650327
1665630
1618945
1610595
1644611
1596691
1633974
1612416
1659633
1602089
1595188
1663439
1662948
1692897
1701484
1682813
1670487
1722140
1569886
1630662
1575330
1648835
1638544
1583239
1614770
1639888
1597563
1625652
1592568
1603959
1639014
1602599
1569542
1584432
1583337
1580703
1649211
1603111
1631451
1609034
1593008
1562662
1601332
1587021
1578793
1647286
1586885
1598193
1564570
1582873
1598434
1581443
1567598
1592467
1621915
1564536
1610103
1565750
1577388
1611121
1582137
1567329
1598504
1670365
1558915
1635878
1560547
1579430
1665989
1779578
1563342
1585975
1685951
1883593
1690786
1548950
1911578
1582032
1571866
1547079
1547969
1574203
1571928
1566870
1605405
1601934
1577575
1565614
1587786
1556110
1620818
1557710
1572559
1548436
1554876
1601731
1550786
1585157
1546974
1637414
1544952
1555534
1571739
1552286
1643845
1558797
1564359
1556014
1586042
1563666
1542847
1565845
1557844
1592812
1562752
1545439
1550518
1544915
1558792
1563299
1578419
1569746
1548946
1611342
1588953
1555213
1545817
1569713
1543164
1541007
1594054
1576185
1633488
1572040
1577647
1611271
1725590
1619167
1705738
1575103
1588765
1604717
1642129
1722211
1607041
1670100
1650996
1611767
1596060
1591833
1586438
1630268
1599513
1644424
1591052
1723494
1619281
1795164
1823212
1635947
1593541
1582818
1599725
1884181
1618712
1611529
1589904
1585630
1727241
1589808
1669446
1650968
1606974
1637332
1623104
2454820
1604000
1572583
1566134
1643768
1577460
1588142
1591378
1582004
1566989
1585040
1568831
1564834
1682919
1563620
1596981
1567411
1595372
1567804
1562585
1587127
1570771
1640430
1568542
1572347
1565772
1567737
1577436
1566216
1579606
1569075
1566310
1562981
1562994
1568357
1562764
1552576
1542557
1543657
1561565
1537887
1551607
1542809
1550938
1542390
1543436
1546868
1538520
1554448
1536991
1541450
1551044
1559683
1539436
1541103
1547599
1554920
1551421
1541282
1534703
1575421
1538844
1552304
1523935
1543934
1526193
1527992
1534234
1526344
1536015
1530523
1527787
1538799
1526029
1542583
1544832
1536446
1533413
1522832
1542567
1528635
1596397
1526004
1529799
1544340
1530879
1539192
1527615
1539150
1525856
1523306
1544188
1532429
1539044
1529016
1521458
1534922
1524618
1541732
1523018
1538492
1525629
1527914
1529965
1530120
1534536
1524580
1525019
1535392
1518514
1543850
1521115
1529503
1520584
1532323
1535382
1527179
1541637
1512399
1517031
1523570
1514207
1525838
1508206
1518039
1511257
1515598
1520347
1520596
1515201
1516748
1511931
1522530
1507452
1524952
1509998
1511189
1511523
1509613
1513677
1536920
1522438
1503969
1514076
1506702
1501466
1517095
1502296
1515076
1499058
1510285
1514336
1522985
1514081
1511791
1503508
1514463
1503036
1520585
1509789
1507361
1505515
1510595
1510451
1510041
1509927
1500685
1492047
1514443
1497270
1510288
1494394
1500222
1504911
1501698
1510945
1500242
1498574
1502841
1497323
1513670
1495250
1496925
1534298
1495959
4504445
1529691
1664278
1710508
1772346
1587443
1652231
1581284
1566335
1625984
1501361
1497965
1503600
1501953
1488056
1508175
1492526
1502209
1537669
1505906
1491643
1490011
1510730
1506652
1504026
1493055
1537344
1510668
1503410
1518035
1489373
1493035
1501115
1484740
1505017
1485006
1483398
1507165
1504048
1498281
1491488
1544830
1514549
1523492
1501107
1547525
1490637
1503581
1525425
1489740
1551299
1490845
1485685
1556527
1534821
1497286
1513445
1473751
1496013
1478811
1652292
1483608
1466950
1503238
1487306
1527496
1506508
1503414
1513274
1531618
1513516
1490973
1516149
1492289
1518671
1504914
1510618
1495001
1498801
1528533
1519989
1520531
1443596
1466045
1551881
1442712
1527641
1502529
1522775
1569336
1575787
1541222
1621725
1542788
1548157
1529640
1536539
1568265
1537356
1564502
1552195
1506262
1505023
1490469
1571843
1486544
1502858
1494567
1561683
1568253
1500620
1582976
1507955
1580441
1556388
1539173
1630718
1475570
1598522
1471104
1833871
1541632
1489887
1535109
1574480
1542433
1528354
1536420
1580053
1591720
1540861
1530518
1577594
1546150
1587339
1588378
1594868
1527674
1480034
1553449
1518583
1477624
1520536
1470661
1575318
1453519
1537131
1457246
1519617
1545331
1469907
1543238
1495855
1462814
1525130
1464334
1482238
1486631
1437829
1479395
1474450
1481427
1471329
1512136
1483748
1464875
1470887
1489492
1512623
1503764
72814
50077
19493
4025
3903
2965
3095
3015
2919
3967
3870
4542
4160
3920
4293
3874
45121
4320
3979
5301
4010
3438
4126
4373
3522
3421
4673
3510
2852
2635
2713
3447
3478
2692
3311
3239
3258
4271
2841
2547
3419
2665
3424
32210
2768
4543
2747
2716
2880
2739
2531
2602
2601
2512
2667
2777
2546
2591
2515
2545
2626
1095832
5915
36065
890
692
508
474
378
408
400
384
388
355
393
413
380
397
357
388
400
383
398
362
684
370
394
521
380
742
471
406
490
381
416
356
429
411
518
498
358
375
379
353
398
353
399
426
525
449
339
401
356
325
726
466
466
353
361
716
846
680
409
656
433
338
396
320
449
888
651
439
443
339
325
357
343
337
370
460
412
387
374
339
668
457
463
395
708
686
696
473
398
359
543
385
363
291
346
312
365
313
561
702
438
367
318
346
346
769
1163
712
518
434
592
464
329
371
634
664
1088
682
382
403
406
391
329
916
666
484
419
476
593
436
363
760
746
599
496
357
326
344
584
656
497
615
510
633
542
400
393
358
688
452
459
370
396
343
694
638
681
623
387
327
434
378
425
404
611
652
10934
634
496
1581
457
494
354
350
384
330
416
296
463
724
522
496
260
246
355
282
353
284
269
371
613
481
363
471
420
669
478
342
376
419
319
409
744
462
419
369
347
434
413
428
428
359
427
602
473
423
354
383
360
472
354
381
376
327
362
313
588
529
373
332
325
322
397
318
311
473
280
542
444
453
467
349
371
305
666
454
373
410
358
359
441
362
405
415
379
425
614
521
300
348
438
283
292
328
287
340
319
488
521
361
429
385
359
443
411
425
400
449
624
359
423
398
411
462
447
441
390
391
651
453
441
596
446
465
302
325
1776
513
513
321
310
355
289
306
328
280
309
354
318
284
353
281
693
481
376
559
477
405
340
365
377
419
383
372
426
392
401
861
737
451
490
406
384
427
353
357
379
363
570
462
350
397
402
613
510
377
380
413
388
537
405
356
366
441
332
372
440
991
735
473
403
593
426
432
500
333
332
380
343
340
378
322
363
378
616
429
489
502
409
429
412
423
388
420
474
392
368
385
409
364
365
315
348
347
322
422
356
325
327
361
330
315
423
384
373
612
428
465
626
387
457
331
327
419
353
340
378
351
363
398
389
348
384
334
357
400
367
363
365
356
421
543
382
385
329
349
616
502
396
860
528
389
692
447
449
567
405
384
410
323
421
355
388
398
357
363
594
484
359
661
455
541
453
379
357
430
324
280
377
348
329
343
332
751
526
418
415
373
361
386
569
446
451
371
419
414
359
348
408
364
335
431
330
629
489
437
427
371
338
390
359
324
406
618
462
476
339
14148
444
486
310
516
405
332
361
338
429
326
289
371
270
279
394
363
637
472
409
378
439
394
323
420
309
336
595
438
366
386
342
380
360
415
358
341
367
401
353
354
410
340
338
370
328
339
384
771
422
543
445
425
302
326
368
337
352
360
328
348
359
317
338
357
336
499
353
323
332
437
370
362
381
565
931
421
400
362
802
679
452
509
402
383
403
461
352
334
405
332
354
325
399
319
343
385
565
458
379
425
387
612
439
365
552
413
440
396
342
423
368
405
369
439
363
345
442
340
347
590
404
377
337
392
312
331
363
310
321
353
380
305
628
510
319
280
360
345
290
283
342
270
272
577
388
409
334
379
332
886
1157
701
427
360
413
343
366
347
413
348
369
404
358
616
425
443
408
437
433
394
362
652
482
394
548
483
359
381
362
400
698
685
557
430
436
654
437
363
316
430
305
697
658
513
592
370
547
466
382
772
707
675
621
508
380
708
512
470
404
366
439
394
361
678
655
440
444
495
373
538
599
532
642
454
457
628
390
407
355
380
711
554
547
721
704
642
512
420
430
573
703
470
616
400
401
365
396
375
847
523
425
487
341
417
328
413
326
368
391
314
311
326
418
874
602
503
386
651
443
427
335
724
804
702
420
381
483
335
391
406
342
318
321
413
589
613
441
408
375
342
387
332
335
681
1063
729
494
459
578
442
649
461
374
396
369
328
613
549
552
414
449
397
349
683
689
658
434
473
357
383
358
488
348
356
426
571
444
426
503
650
442
440
685
663
459
442
301
341
378
297
11157
424
590
323
646
427
400
338
342
382
663
668
723
429
618
452
450
374
359
677
516
445
532
496
447
427
487
356
676
406
480
410
432
790
856
723
655
699
382
402
445
347
327
412
339
9207
486
391
306
338
729
478
454
387
467
360
678
670
518
466
376
479
382
379
371
356
604
469
576
398
374
410
668
639
708
475
366
361
438
360
708
473
833
648
493
407
466
360
386
363
442
668
575
440
434
364
351
736
693
530
416
387
374
444
363
585
351
446
352
672
468
494
389
390
341
598
457
851
655
479
438
377
325
381
362
330
302
295
351
293
375
296
580
400
382
640
513
478
364
348
430
320
303
315
318
796
631
451
372
479
367
351
340
534
399
398
680
525
390
340
339
410
387
324
316
318
628
474
373
520
403
367
359
335
388
363
656
692
485
352
358
357
388
324
342
324
355
454
698
457
404
432
526
679
880
719
749
694
426
513
336
358
326
379
367
350
656
465
421
384
527
417
465
700
637
477
530
397
357
630
686
464
395
367
430
672
686
435
393
462
422
663
493
490
396
376
370
538
384
362
375
429
614
739
604
496
656
675
464
607
382
605
724
692
693
661
696
486
788
481
376
931
787
692
521
392
492
361
645
404
329
812
893
567
465
412
374
690
693
548
391
339
320
543
394
404
348
816
633
417
415
342
824
565
774
484
473
517
395
352
688
517
646
444
453
373
305
699
634
688
456
408
359
658
365
343
315
417
339
803
752
495
409
335
312
579
442
943
684
473
681
458
407
382
452
391
438
333
465
377
719
432
10762
479
324
342
401
391
733
613
992
681
385
387
410
424
388
379
357
461
350
669
674
507
383
430
318
438
655
641
659
709
626
440
412
365
466
379
598
452
413
352
672
531
426
379
480
359
435
697
644
774
699
517
364
378
372
437
387
325
406
543
469
712
436
492
364
403
334
432
664
670
665
971
645
360
335
314
482
319
343
701
676
1099
656
441
492
340
346
353
440
700
664
497
595
399
347
346
347
555
429
334
336
417
652
448
356
442
358
353
347
722
621
624
576
382
398
443
352
351
417
384
354
315
467
358
633
366
649
451
406
477
450
642
634
466
354
501
423
636
371
454
616
354
352
429
310
327
303
668
462
372
343
426
622
397
429
364
381
361
621
443
1013
724
667
412
332
463
611
602
448
641
487
352
618
392
365
445
570
418
364
865
889
662
396
719
804
656
461
348
652
467
456
629
489
669
430
585
590
650
444
638
671
684
491
381
364
328
536
428
345
415
318
438
364
653
404
383
425
337
389
668
616
669
465
646
490
378
622
648
476
619
504
449
626
621
471
401
465
500
421
819
692
639
461
450
386
361
387
361
356
360
413
318
360
542
385
350
360
482
697
366
506
688
495
374
378
311
315
400
319
335
302
314
379
378
319
317
475
383
336
310
323
307
385
336
500
373
880
518
424
630
448
378
363
387
396
363
425
336
441
328
316
313
360
438
335
652
554
329
562
386
335
336
300
384
312
635
639
504
491
420
370
589
376
1017
659
646
449
405
461
364
348
529
380
471
364
340
309
633
470
525
355
10695
440
299
398
662
464
440
566
491
650
478
630
459
460
334
342
319
493
507
424
475
504
337
434
318
343
381
924
924
926
770
1303
1660
1673
1241
1360
1120
1884
1637
1004
1620
1116
890
890
1457
1800
1066
1803
1750
1670
1727
1187
840
996
1094
1317
1103
923
2000
1670
1526
1130
916
1283
930
1380
1210
817
1364
1157
1687
1510
926
877
4121
1607
1127
1677
1220
1077
853
2113
1640
1624
1507
1070
1676
1133
896
1140
3350
1387
933
826
807
1034
760
860
760
1530
1093
1020
1247
800
1857
2663
1930
1847
946
906
993
913
743
780
1273
1660
1144
1560
910
727
1037
717
820
703
740
1356
947
920
900
956
1493
883
1230
1420
890
1250
940
940
806
826
847
850
863
900
1574
1380
1144
890
860
800
917
1147
907
877
860
830
1617
1153
1593
1410
1880
1984
1973
1300
1033
856
1073
734
1227
943
796
1543
1114
987
1624
930
2030
1786
1730
1030
1644
1760
1773
1620
1657
1717
1250
1627
1680
1533
1013
1603
1567
1730
1454
1967
1666
1551
1970
1456
1727
1413
1270
1660
1077
980
720
997
656
1523
1576
947
1053
1113
827
790
750
936
820
857
880
836
1064
1350
1307
860
840
1110
760
800
807
753
830
880
1133
927
803
1273
1197
1023
867
843
913
1000
850
1270
860
823
1003
763
767
1456
1023
1157
790
1397
1120
920
1030
1347
873
857
820
1067
840
1403
990
870
1077
1706
1230
893
1020
1070
846
817
774
716
1564
944
1133
894
890
820
973
917
907
840
810
1083
1240
963
1334
1444
1617
1230
884
800
807
1066
1533
1153
983
923
1137
840
1500
890
943
1030
830
1337
916
876
1030
860
827
860
830
1500
1447
947
950
750
1107
807
813
810
1174
1020
2193
930
866
854
847
797
1013
923
1614
1077
1413
67121
1603
1034
943
863
793
957
1016
1456
903
823
1257
900
1653
1477
990
903
754
793
1027
790
843
776
836
1743
1090
1140
1463
960
966
1153
940
1133
953
860
1124
853
2100
1670
1636
1747
910
913
1743
2023
17533
2597
1920
1624
1127
1533
1454
1050
1650
2433
1637
2287
1480
1643
1700
1413
2314
1633
1576
2273
1880
1717
2310
1583
1300
1623
1526
1186
1400
1453
1823
1563
1114
877
890
1460
1144
847
880
840
893
1246
894
866
1370
1136
927
860
813
1054
870
857
1220
826
943
1047
770
887
1644
1246
920
1006
1207
927
734
746
1237
1060
840
823
780
1613
1267
1033
877
843
1240
1033
876
786
1073
806
877
880
837
1560
1313
963
960
917
860
867
990
790
886
754
847
1250
1100
1640
1403
1087
920
900
1173
1646
930
930
2247
1273
1573
1057
1550
1263
1137
984
1596
1260
850
850
1197
1020
793
1547
1034
917
1537
947
930
1136
1337
1637
1186
983
1250
1064
900
867
794
1460
1640
1153
1054
803
1093
860
866
773
1667
1096
876
920
840
1493
1420
1610
1063
854
827
767
2050
1603
943
833
1277
1257
1767
1440
1020
970
843
1650
71072
1127
813
787
1373
1130
937
1437
920
2457
1657
953
787
1000
830
1263
850
837
820
957
1434
960
877
834
800
1093
863
917
1571
1367
1533
1286
1244
1210
900
1214
844
790
1440
1334
986
950
860
1410
1107
800
840
770
1274
1417
1683
1534
1073
1217
807
727
893
777
1617
1347
923
1120
940
1107
873
817
1010
710
1537
990
1190
796
773
1337
1067
1036
1143
1660
1460
1034
827
1914
1020
1527
1376
1573
983
960
720
1510
1210
1030
1124
960
790
846
710
2077
1486
1073
1137
986
1350
1250
877
756
990
774
753
1543
2627
1410
1073
1253
1580
1300
870
653
1507
1426
1594
1907
1477
1540
966
850
823
777
790
1276
864
843
820
1157
1554
1720
1643
1077
787
810
733
733
1307
970
804
797
1427
1087
923
2040
1550
1040
887
930
930
1297
1290
1024
937
1530
1073
996
1520
1426
1713
893
1204
967
1356
1060
863
1521
917
2003
1380
856
744
660
727
723
1246
800
1490
1443
1150
1000
1050
1464
1027
850
2277
1353
1470
1366
1343
2017
1534
1517
1360
987
890
777
936
1150
1444
1023
936
787
1257
996
800
1467
1113
1226
867
910
784
1247
866
767
780
730
1423
1343
937
834
800
824
843
797
840
787
797
867
1130
784
1543
1497
986
857
1483
1457
1270
1436
2514
1094
754
2273
1573
1540
1524
1353
823
1410
1410
1033
1100
870
790
790
757
833
1360
1380
960
934
1057
1056
937
863
1474
923
933
917
826
820
1223
910
864
1003
1470
1177
884
840
1260
1010
770
730
773
770
1300
1514
847
780
1120
703
743
660
860
766
777
1444
943
1400
1467
1040
773
717
740
734
987
917
700
804
680
1567
1066
1334
993
883
870
863
970
844
880
1414
1870
1377
1513
1084
883
1364
877
800
1133
1340
1126
1840
1507
1346
1497
1463
1510
1430
1224
933
803
894
1396
950
850
753
733
920
710
777
744
1357
1590
1057
980
826
776
754
813
820
877
770
1474
1507
1497
2063
1524
1440
1497
707
733
693
890
857
690
1083
1740
1507
1830
1440
1467
1470
1437
1413
1174
2590
1560
757
803
833
796
1130
2166
1430
1580
1017
936
1483
903
934
756
770
1090
893
910
1043
896
990
890
763
746
1620
997
1324
2020
1583
844
856
804
1156
943
930
980
790
786
1250
1266
1407
1510
1116
914
833
830
770
824
787
1761
1543
1330
940
747
787
1034
874
1063
790
1467
1437
2336
1873
1486
1533
1163
1460
1033
1390
1193
903
1554
1376
1257
1017
810
787
1493
857
1027
843
1514
1200
1560
920
856
816
1013
776
706
1394
1480
1736
2373
1310
1443
947
780
806
777
777
1433
1267
1377
1114
1373
1480
1010
870
1527
1590
1446
1850
1484
1423
917
1344
1047
977
856
980
810
737
736
1523
1420
1343
1347
1180
1413
937
930
1040
760
1287
903
897
1464
1480
1444
1063
827
840
1236
880
736
977
1403
896
884
777
774
766
770
900
817
1273
2390
1990
1556
953
1027
724
747
744
724
714
1290
1024
1763
1294
954
1433
1367
1473
994
1100
857
787
767
1087
1087
1540
1027
1110
900
847
823
827
817
1103
1420
1284
1344
954
800
1284
754
763
906
1200
907
780
740
1600
1490
1527
900
856
1447
2010
1574
1380
1357
1080
2240
1396
1566
887
817
706
917
1477
1040
1423
1037
1540
1370
1404
1276
1647
1526
1443
1467
1747
1376
1550
1960
1073
1414
1367
1463
2147
1863
1400
1430
1504
1370
1323
917
1334
1456
1487
1110
1310
1980
1397
1556
2533
1793
2013
2007
1947
2110
1550
2030
2320
2187
1827
1474
2083
1993
1617
1200
1413
980
870
1484
913
853
857
1487
1553
1013
1403
2127
1360
1476
1140
816
1610
1407
1287
1483
2143
1500
1800
1474
913
850
1856
1570
1367
1290
1294
883
1390
1046
1580
1550
1177
816
790
1504
1376
1613
1247
884
1046
797
1400
787
1197
1950
1373
1573
847
770
760
916
1550
1393
1003
914
883
1263
1434
1523
1430
1123
1420
1457
936
1344
1006
1483
1270
1233
1366
1477
1444
2103
1623
954
2183
1440
1440
960
2170
1470
1597
1394
1496
917
2307
1510
1284
1467
866
1277
1987
1477
1666
1517
1186
1500
1327
1526
1094
1343
2054
1440
2010
1387
1403
1890
1597
1820
1816
1727
1587
2300
1493
1957
1590
1520
2047
1573
1587
1513
2020
1590
1920
1510
1460
1504
1490
1070
1373
980
1497
1906
1504
1967
1376
1493
1413
2020
1530
1424
1410
1013
1477
1450
2034
1220
1370
1234
1474
1514
1450
1296
1410
1080
876
1403
806
1140
767
2410
2004
1447
1373
1343
860
1450
1467
1463
1393
1543
1137
864
997
737
736
716
627
657
680
21834
1647
1246
1446
974
1077
920
883
1003
934
877
867
834
1677
1593
1437
1077
930
1173
954
893
824
887
1463
914
1387
1010
837
1356
1007
1046
980
837
1470
1534
1414
1460
1930
1663
1724
1593
1940
1013
817
1363
2117
1513
1360
1883
1510
877
853
1027
1777
1520
1397
1923
2297
1830
1970
1600
1447
1866
1860
1860
1560
1867
148163
2156
2397
1910
2596
2630
1594
1096
954
1556
1347
1290
1983
1433
1427
1396
1550
1343
1110
960
1213
877
1320
1484
1166
837
1297
1337
913
1407
910
863
786
800
1131
1384
1047
1417
1494
1417
1483
1400
1440
1500
1520
1753
1410
977
1410
1327
1373
1397
1060
1230
1463
1633
1800
1730
2233
1640
2053
1357
1416
1434
1437
1097
1340
2560
994
1383
980
1063
1863
2367
1554
1424
1877
1320
1580
1370
1414
944
1076
804
800
2097
1393
1804
1380
820
916
830
1477
1014
880
854
1194
943
1780
1146
743
633
647
623
590
706
1080
765
1131
1120
819
1058
773
1042
842
618
607
626
663
918
915
830
1205
1212
1110
856
1127
925
700
708
652
624
650
605
697
645
629
1377
1400
1258
899
742
685
642
605
593
565
621
565
925
624
605
534
515
621
570
1156
647
591
727
586
555
869
628
800
650
805
664
628
633
593
656
1238
1063
642
579
588
579
935
847
785
716
669
703
588
557
791
589
612
527
911
995
1356
1215
1198
1995
1165
1149
1371
2064
1232
1141
1003
1624
1176
1545
1282
1117
1073
1513
1520
1237
823
657
1193
892
1581
1320
1275
1158
782
637
626
640
815
1205
768
1125
1205
781
728
711
633
632
772
613
609
1348
1292
1094
1365
1223
805
1229
820
685
654
645
640
1104
1419
1122
1235
1627
1139
1552
1462
1268
1165
870
704
768
1499
1167
1630
1129
1030
789
1468
1470
1092
1153
1268
1214
1283
1385
1936
1097
691
779
692
675
598
1080
702
990
1147
1296
1145
1212
760
1177
826
701
699
692
647
1060
1433
1220
1233
1440
1283
1118
694
587
697
600
607
1302
1222
1108
592
1497
1289
1329
896
1078
789
737
1047
633
682
701
867
911
1200
828
1162
1258
725
659
622
781
1233
842
1132
1692
1143
910
680
675
765
687
700
673
1092
1485
1253
913
650
1229
1179
1878
1202
1192
1155
885
647
581
619
602
592
1021
1560
1494
1219
1096
1050
1061
701
669
680
634
644
617
1705
1499
1157
758
720
675
1078
733
1346
1050
746
850
1381
1184
1124
1520
1386
1108
657
1213
852
1184
840
685
633
614
630
1734
1410
1259
1200
880
640
628
650
678
663
1225
1657
1958
1553
1222
1313
647
647
647
936
617
612
581
588
1123
1132
995
1654
1268
1190
807
655
668
624
684
600
612
803
666
822
1543
1560
1702
1546
1930
1287
1131
1120
903
1075
864
757
673
682
652
833
1125
774
628
652
600
605
1658
1347
1258
812
941
622
577
564
575
560
560
1127
723
593
602
602
885
640
1757
1157
1183
1172
826
1186
1040
614
633
1118
1073
978
647
657
607
1203
848
668
675
847
837
530
607
883
702
1163
1265
1230
835
788
1047
1430
1510
1348
668
1040
1179
746
890
1140
769
1158
852
682
697
612
647
1059
786
612
595
1120
1010
845
607
619
711
659
1130
821
678
680
676
1061
1181
795
709
659
1181
692
682
649
640
624
798
1147
1165
859
1090
1158
1280
800
718
1353
833
1190
667
593
1010
800
589
1018
1313
1221
1870
1217
1134
724
612
604
899
687
595
563
1076
802
1221
1038
946
1127
970
1026
697
631
828
725
1149
743
753
675
624
1589
753
648
949
649
829
1235
758
1070
774
1249
1067
827
748
661
1080
688
705
591
625
1280
1153
854
692
756
1179
1413
1362
835
626
1144
1512
1261
950
855
1084
805
741
661
715
1273
1099
1058
687
587
1165
751
683
600
656
854
718
924
671
626
1063
861
692
629
640
1858
1301
1218
734
688
650
1129
777
746
741
929
1278
1265
828
1320
792
595
1382
1320
1242
1438
1485
1130
1172
793
711
631
774
680
715
664
629
636
671
1141
696
1290
739
1205
816
727
696
699
654
716
845
633
621
875
765
607
1125
885
981
680
567
570
581
541
570
513
596
529
658
579
917
717
628
1120
868
692
602
838
645
622
2037
1120
605
948
661
1528
1186
783
714
1197
835
765
640
663
637
1520
878
624
602
1854
1045
1155
666
661
695
652
1146
714
642
693
614
603
1162
859
647
675
602
633
1177
903
666
661
645
1110
1210
1656
896
558
557
565
1473
892
626
585
602
582
607
1360
1182
1130
1509
757
688
680
680
655
1120
904
911
744
680
1560
1042
1218
860
1040
659
798
1306
1146
652
544
993
1240
835
1144
840
714
672
1026
708
640
635
656
1686
1352
777
715
1092
1328
746
682
634
650
737
1292
1339
790
678
675
1061
725
1454
1282
744
673
614
644
600
628
567
1287
932
696
769
643
633
631
610
628
1016
824
657
677
1247
1017
609
1005
1151
795
775
623
612
581
588
608
647
600
365
498
813
906
866
948
990
548
532
504
659
501
544
456
445
1002
1042
1424
875
1065
1374
1204
1125
1002
1033
1007
1330
1682
1195
1337
1015
1137
1426
1103
920
958
1257
1021
678
894
560
448
475
485
485
471
663
520
955
848
1310
772
802
628
482
635
477
459
391
400
424
400
915
992
819
1011
940
899
614
902
17577
426
405
487
440
423
375
426
1200
991
927
666
612
610
558
508
447
480
471
501
704
958
854
637
1103
956
545
928
600
510
492
496
468
1021
1200
970
888
548
468
495
483
489
470
943
717
517
463
511
533
776
515
488
490
475
472
642
562
457
425
541
847
770
468
515
535
572
495
494
435
588
431
438
450
460
714
626
655
922
779
539
403
436
443
634
440
426
407
400
395
1819
1184
673
637
912
539
532
491
498
471
480
482
595
476
741
450
355
396
423
728
654
963
583
568
477
485
475
454
475
487
860
586
518
480
462
495
462
485
831
703
499
844
484
499
477
456
468
494
600
466
487
433
687
442
468
953
511
640
533
495
494
459
463
459
398
1616
1381
772
649
574
527
556
1050
591
522
483
685
600
501
1005
864
922
979
652
469
475
467
433
531
487
449
718
602
497
475
476
518
501
986
592
494
448
461
475
843
809
861
912
737
572
435
482
466
452
452
891
580
612
527
537
603
702
903
1160
857
590
546
520
549
525
522
890
662
1004
1172
925
944
1000
982
1182
971
748
1005
972
1052
1409
1002
1469
1032
544
473
426
647
443
483
449
875
635
572
579
758
520
473
916
588
532
525
568
1076
734
447
447
1566
967
1240
878
506
497
437
875
509
912
1718
1099
1169
891
1029
1214
628
927
1255
1108
1353
913
581
927
600
623
553
511
560
419
409
727
612
2059
1261
668
581
527
489
468
495
1014
600
569
580
642
605
1026
600
687
640
520
506
520
487
510
542
517
522
555
517
720
530
534
1173
609
563
466
485
700
1205
1009
616
710
645
673
1584
1322
851
909
602
475
469
469
480
770
503
494
588
984
574
614
515
483
504
492
960
551
530
572
487
694
800
467
492
473
739
567
551
927
661
524
492
789
617
538
540
532
1000
610
607
1007
983
1037
1164
1062
1000
546
791
1195
1221
1112
1642
1005
887
993
1012
609
1047
578
501
648
581
877
1255
1165
1144
920
1033
682
1405
943
922
1072
1270
1000
480
918
887
534
480
508
506
1372
958
911
967
892
614
560
529
525
502
495
899
998
1021
467
440
452
781
526
482
480
495
782
629
525
520
534
889
875
732
1236
1047
1447
1059
581
500
523
511
518
517
518
1242
1170
1064
978
993
970
598
534
515
492
511
503
898
626
455
1016
901
1019
998
868
1328
798
555
1040
704
463
757
988
1050
614
842
497
477
850
534
595
533
492
1339
1545
1251
1365
1235
960
930
1290
938
755
1226
1071
495
546
800
537
485
529
680
461
892
983
1179
1033
1186
1043
689
840
643
659
487
512
487
448
998
655
533
685
957
880
850
1000
1129
1077
918
912
447
523
1130
885
948
598
769
946
944
843
1283
1219
685
882
578
565
508
461
757
1188
1016
989
1022
1249
1144
983
932
670
612
995
621
553
522
1167
1229
978
1544
1186
1450
965
1205
984
1066
975
687
472
487
445
497
494
419
442
429
995
1071
1343
1412
902
958
922
833
904
833
934
1554
1203
1091
1160
1031
1579
1211
1137
1191
1212
1123
1457
1073
1562
1068
1394
1265
1243
1228
1445
1477
1403
1220
1183
1070
1162
1287
1414
1153
1045
1485
1152
1139
1071
1129
1832
1195
1057
1160
869
2198
1077
633
487
464
1025
630
522
1121
1080
1636
671
487
995
619
1125
1022
1061
1412
962
1043
624
527
389
520
1068
723
567
504
878
1730
1437
1125
712
464
998
711
548
490
486
2304
878
564
463
450
505
442
452
412
965
925
615
883
756
563
468
