1804882
1745998
698242
653109
640669
519438
4855147
345698
357724
296578
255191
256131
241044
256520
231474
673682
234218
231911
234427
223677
222157
229310
214484
234251
386948
189677
190484
190854
181167
204513
190013
179857
190987
167357
166284
161957
159244
161328
160638
156127
152381
153887
157741
144997
142544
157678
138270
132804
131890
131183
130474
106750
105584
105004
107060
102841
104170
101897
103041
101376
101771
44263
56874
46344
41914
40233
39890
48037
66607
39374
39430
39096
39010
39234
39347
41620
57134
37044
36936
8494
7947
9130
10950
8343
8110
7953
8133
8123
8223
8057
8190
8190
7917
8207
8320
9430
8183
8087
8280
8293
